#CSC Position Offset LUT
#Structure is comparator code (iCC) -> Stub position offset
#iCC bits: 12
#<header> v1.0 12 32 </header>
0 0
1 0
2 0
3 0
4 0
5 0
6 0
7 -2
8 0
9 0
10 -0.5
11 -1
12 0
13 1
14 0.5
15 -4.60076e-13
16 0
17 0
18 0
19 -1
20 0
21 0
22 -1.09091
23 -1.1875
24 0
25 -0.75
26 -0.857143
27 -1
28 -1
29 -0.4
30 -0.470588
31 -0.625
32 0
33 0
34 -0.5
35 -0.5
36 0
37 -0.545455
38 -0.6
39 -0.655172
40 -0.5
41 -0.428571
42 -0.5
43 -0.588235
44 -0.5
45 -0.235294
46 -0.285714
47 -0.384615
48 0
49 1.2168e-13
50 1.11644e-12
51 2.00906e-12
52 1.95399e-13
53 -0.0625
54 -0.103448
55 -0.142857
56 -7.30083e-13
57 -1.36957e-12
58 -0.0588235
59 -0.125
60 -2.28439e-12
61 0.125
62 0.0769231
63 1.00364e-13
64 0
65 0
66 0
67 -0.666667
68 0
69 0
70 -0.916667
71 -0.823529
72 0
73 -0.789474
74 -0.766667
75 -0.731707
76 -0.5
77 -0.5
78 -0.5
79 -0.5
80 0
81 0
82 -0.888889
83 -0.775
84 0
85 -1
86 -0.941176
87 -0.875
88 -0.818182
89 -0.846154
90 -0.829268
91 -0.803571
92 -0.625
93 -0.625
94 -0.625
95 -0.625
96 0
97 -0.736842
98 -0.666667
99 -0.584906
100 -0.75
101 -0.769231
102 -0.727273
103 -0.677419
104 -0.642857
105 -0.666667
106 -0.653846
107 -0.633803
108 -0.5
109 -0.5
110 -0.5
111 -0.5
112 -3.64153e-13
113 -0.375
114 -0.333333
115 -0.272727
116 -0.4
117 -0.4375
118 -0.407407
119 -0.368421
120 -0.352941
121 -0.375
122 -0.365079
123 -0.348837
124 -0.25
125 -0.25
126 -0.25
127 -0.25
128 0
129 0
130 -0.5
131 -0.333333
132 0
133 -0.703704
134 -0.586957
135 -0.461538
136 -0.5
137 -0.555556
138 -0.5
139 -0.421053
140 -0.25
141 -0.333333
142 -0.318182
143 -0.275862
144 0
145 -0.75
146 -0.608696
147 -0.470588
148 -0.818182
149 -0.764799
150 -0.666667
151 -0.5625
152 -0.6
153 -0.636364
154 -0.588235
155 -0.521739
156 -0.37931
157 -0.444444
158 -0.43038
159 -0.394231
160 -0.5
161 -0.6
162 -0.5
163 -0.390244
164 -0.642857
165 -0.634188
166 -0.558824
167 -0.473684
168 -0.5
169 -0.538462
170 -0.5
171 -0.444444
172 -0.323529
173 -0.380952
174 -0.369565
175 -0.338843
176 -6.49258e-13
177 -0.333333
178 -0.272727
179 -0.1875
180 -0.352941
181 -0.395853
182 -0.341772
183 -0.272727
184 -0.285714
185 -0.333333
186 -0.304348
187 -0.258065
188 -0.153846
189 -0.208333
190 -0.2
191 -0.173913
192 0
193 -0.333333
194 -0.166677
195 3.33955e-13
196 -0.5
197 -0.4
198 -0.264706
199 -0.125
200 -0.25
201 -0.283022
202 -0.207317
203 -0.108108
204 2.08494e-09
205 -0.0909091
206 -0.0625
207 -7.06102e-13
208 -1
209 -0.470588
210 -0.307698
211 -0.15625
212 -0.625
213 -0.5
214 -0.375
215 -0.25
216 -0.37931
217 -0.387098
218 -0.315789
219 -0.226562
220 -0.142857
221 -0.210526
222 -0.181818
223 -0.125
224 -0.5
225 -0.390244
226 -0.263161
227 -0.135135
228 -0.5
229 -0.428571
230 -0.326087
231 -0.21875
232 -0.323529
233 -0.338029
234 -0.277778
235 -0.2
236 -0.125
237 -0.186047
238 -0.16129
239 -0.111111
240 -2.49933e-12
241 -0.1875
242 -0.10345
243 1.1724e-13
244 -0.25
245 -0.25
246 -0.173077
247 -0.0833333
248 -0.153846
249 -0.187501
250 -0.140496
251 -0.0740741
252 -2.28316e-09
253 -0.0625
254 -0.0434783
255 -4.1922e-13
256 0
257 0
258 0
259 -0.5
260 0
261 0
262 -0.837209
263 -0.65
264 0
265 -0.777778
266 -0.703704
267 -0.583333
268 -0.333333
269 -0.478261
270 -0.461538
271 -0.392857
272 0
273 0
274 -0.818182
275 -0.625
276 0
277 -1
278 -0.875
279 -0.727273
280 -0.75
281 -0.826087
282 -0.764706
283 -0.666667
284 -0.470588
285 -0.578947
286 -0.5625
287 -0.504854
288 0
289 -0.75
290 -0.642857
291 -0.5
292 -0.736842
293 -0.795455
294 -0.710145
295 -0.595745
296 -0.6
297 -0.678571
298 -0.634146
299 -0.555556
300 -0.390244
301 -0.485294
302 -0.473684
303 -0.42623
304 9.59233e-14
305 -0.4
306 -0.352941
307 -0.25
308 -0.375
309 -0.490606
310 -0.439024
311 -0.351351
312 -0.333333
313 -0.424242
314 -0.395833
315 -0.333333
316 -0.1875
317 -0.278481
318 -0.272727
319 -0.234043
320 0
321 0
322 -0.784314
323 -0.565789
324 0
325 -1
326 -0.848485
327 -0.673913
328 -0.703704
329 -0.814815
330 -0.740741
331 -0.62037
332 -0.4
333 -0.558824
334 -0.541667
335 -0.467742
336 0
337 -1
338 -0.828125
339 -0.645161
340 -1
341 -1
342 -0.875
343 -0.727273
344 -0.764799
345 -0.846206
346 -0.78125
347 -0.677165
348 -0.5
349 -0.625
350 -0.607143
351 -0.541667
352 -0.545455
353 -0.795455
354 -0.68836
355 -0.545455
356 -0.769231
357 -0.833333
358 -0.744681
359 -0.625
360 -0.634188
361 -0.723711
362 -0.675676
363 -0.589041
364 -0.428571
365 -0.543478
366 -0.53125
367 -0.47561
368 -0.0625
369 -0.490606
370 -0.444468
371 -0.338583
372 -0.4375
373 -0.571429
374 -0.518519
375 -0.424658
376 -0.395853
377 -0.505761
378 -0.47619
379 -0.406061
380 -0.25
381 -0.365385
382 -0.361111
383 -0.315217
384 0
385 -0.777778
386 -0.6
387 -0.403846
388 -0.789474
389 -0.814815
390 -0.674171
391 -0.508065
392 -0.555556
393 -0.666667
394 -0.592593
395 -0.472222
396 -0.283022
397 -0.444468
398 -0.425197
399 -0.347561
400 -0.75
401 -0.826087
402 -0.666667
403 -0.491803
404 -0.846154
405 -0.846206
406 -0.721162
407 -0.573427
408 -0.636364
409 -0.714286
410 -0.645161
411 -0.536585
412 -0.387098
413 -0.514578
414 -0.493056
415 -0.421622
416 -0.428571
417 -0.678571
418 -0.571429
419 -0.428571
420 -0.666667
421 -0.723711
422 -0.630256
423 -0.506173
424 -0.538462
425 -0.625
426 -0.571429
427 -0.478261
428 -0.338029
429 -0.456905
430 -0.440994
431 -0.378641
432 -2.46025e-12
433 -0.424242
434 -0.375
435 -0.265823
436 -0.375
437 -0.505761
438 -0.447764
439 -0.348066
440 -0.333333
441 -0.444444
442 -0.410256
443 -0.333333
444 -0.187501
445 -0.310083
446 -0.303371
447 -0.251101
448 1
449 -0.478261
450 -0.33709
451 -0.159099
452 -0.5
453 -0.558824
454 -0.428571
455 -0.269231
456 -0.333333
457 -0.444468
458 -0.370371
459 -0.25
460 -0.0909091
461 -0.25
462 -0.227848
463 -0.147059
464 -0.4
465 -0.578947
466 -0.432699
467 -0.264906
468 -0.625
469 -0.625
470 -0.5
471 -0.352273
472 -0.444444
473 -0.514578
474 -0.44079
475 -0.328358
476 -0.210526
477 -0.333333
478 -0.306818
479 -0.230089
480 -0.235294
481 -0.485294
482 -0.378155
483 -0.235297
484 -0.5
485 -0.543478
486 -0.444444
487 -0.316327
488 -0.380952
489 -0.456905
490 -0.39645
491 -0.297297
492 -0.186047
493 -0.3
494 -0.278351
495 -0.209677
496 0.125
497 -0.278481
498 -0.223883
499 -0.111113
500 -0.25
501 -0.365385
502 -0.3
503 -0.194444
504 -0.208333
505 -0.310083
506 -0.268817
507 -0.185185
508 -0.0625
509 -0.181818
510 -0.169811
511 -0.111111
512 0
513 0
514 -0.5
515 -0.25
516 0
517 -0.784314
518 -0.595245
519 -0.384615
520 -0.5
521 -0.6
522 -0.5
523 -0.347826
524 -0.166677
525 -0.33709
526 -0.306452
527 -0.207547
528 0
529 -0.818182
530 -0.6
531 -0.37931
532 -0.888889
533 -0.828125
534 -0.66337
535 -0.478261
536 -0.608696
537 -0.666667
538 -0.57377
539 -0.4375
540 -0.307698
541 -0.432699
542 -0.398601
543 -0.307692
544 -0.5
545 -0.642857
546 -0.5
547 -0.323529
548 -0.666667
549 -0.68836
550 -0.567798
551 -0.415094
552 -0.5
553 -0.571429
554 -0.5
555 -0.384615
556 -0.263161
557 -0.378155
558 -0.351852
559 -0.273171
560 -1.08358e-12
561 -0.352941
562 -0.285714
563 -0.153846
564 -0.333333
565 -0.444468
566 -0.370371
567 -0.25
568 -0.272727
569 -0.375
570 -0.329114
571 -0.235294
572 -0.10345
573 -0.223883
574 -0.209945
575 -0.144737
576 0
577 -0.837209
578 -0.595245
579 -0.360019
580 -0.916667
581 -0.848485
582 -0.666667
583 -0.466667
584 -0.586957
585 -0.674171
586 -0.57576
587 -0.428571
588 -0.264706
589 -0.428571
590 -0.397436
591 -0.3
592 -1.09091
593 -0.875
594 -0.66337
595 -0.452066
596 -0.941176
597 -0.875
598 -0.714286
599 -0.534884
600 -0.666667
601 -0.721162
602 -0.629141
603 -0.494949
604 -0.375
605 -0.5
606 -0.465909
607 -0.375
608 -0.6
609 -0.710145
610 -0.567798
611 -0.395216
612 -0.727273
613 -0.744681
614 -0.625
615 -0.474227
616 -0.558824
617 -0.630256
618 -0.558825
619 -0.443439
620 -0.326087
621 -0.444444
622 -0.418367
623 -0.33871
624 -0.103448
625 -0.439024
626 -0.370371
627 -0.239365
628 -0.407407
629 -0.518519
630 -0.444444
631 -0.324074
632 -0.341772
633 -0.447764
634 -0.402117
635 -0.307377
636 -0.173077
637 -0.3
638 -0.287037
639 -0.220588
640 -0.5
641 -0.703704
642 -0.5
643 -0.285714
644 -0.766667
645 -0.740741
646 -0.57576
647 -0.387981
648 -0.5
649 -0.592593
650 -0.5
651 -0.358491
652 -0.207317
653 -0.370371
654 -0.340427
655 -0.244813
656 -0.857143
657 -0.764706
658 -0.57377
659 -0.375
660 -0.829268
661 -0.78125
662 -0.629141
663 -0.456312
664 -0.588235
665 -0.645161
666 -0.555556
667 -0.423729
668 -0.315789
669 -0.44079
670 -0.406699
671 -0.315789
672 -0.5
673 -0.634146
674 -0.5
675 -0.333333
676 -0.653846
677 -0.675676
678 -0.558825
679 -0.410481
680 -0.5
681 -0.571429
682 -0.5
683 -0.384615
684 -0.277778
685 -0.39645
686 -0.369566
687 -0.28866
688 -0.0588235
689 -0.395833
690 -0.329114
691 -0.2
692 -0.365079
693 -0.47619
694 -0.402117
695 -0.281747
696 -0.304348
697 -0.410256
698 -0.363636
699 -0.267657
700 -0.140496
701 -0.268817
702 -0.25498
703 -0.186709
704 0.5
705 -0.461538
706 -0.306452
707 -0.114754
708 -0.5
709 -0.541667
710 -0.397436
711 -0.222222
712 -0.318182
713 -0.425197
714 -0.340427
715 -0.20482
716 -0.0625
717 -0.227848
718 -0.2
719 -0.106431
720 -0.470588
721 -0.5625
722 -0.398601
723 -0.213592
724 -0.625
725 -0.607143
726 -0.465909
727 -0.3
728 -0.43038
729 -0.493056
730 -0.406699
731 -0.277373
732 -0.181818
733 -0.306818
734 -0.272727
735 -0.181854
736 -0.285714
737 -0.473684
738 -0.351852
739 -0.19214
740 -0.5
741 -0.53125
742 -0.418367
743 -0.272727
744 -0.369565
745 -0.440994
746 -0.369566
747 -0.254181
748 -0.16129
749 -0.278351
750 -0.25
751 -0.167691
752 0.0769231
753 -0.272727
754 -0.209945
755 -0.0833334
756 -0.25
757 -0.361111
758 -0.287037
759 -0.166667
760 -0.2
761 -0.303371
762 -0.25498
763 -0.157408
764 -0.0434783
765 -0.169811
766 -0.153846
767 -0.083352
768 0
769 -0.5
770 -0.25
771 2.08494e-09
772 -0.666667
773 -0.565789
774 -0.360019
775 -0.137931
776 -0.333333
777 -0.403846
778 -0.285714
779 -0.117705
780 1.08358e-13
781 -0.159099
782 -0.114754
783 4.9738e-14
784 -1
785 -0.625
786 -0.37931
787 -0.142857
788 -0.775
789 -0.645161
790 -0.452066
791 -0.246231
792 -0.470588
793 -0.491803
794 -0.375
795 -0.21743
796 -0.15625
797 -0.264906
798 -0.213592
799 -0.103448
800 -0.5
801 -0.5
802 -0.323529
803 -0.125
804 -0.584906
805 -0.545455
806 -0.395216
807 -0.21875
808 -0.390244
809 -0.428571
810 -0.333333
811 -0.195338
812 -0.135135
813 -0.235297
814 -0.19214
815 -0.09375
816 2.97007e-12
817 -0.25
818 -0.153846
819 -2.28316e-09
820 -0.272727
821 -0.338583
822 -0.239365
823 -0.0963856
824 -0.1875
825 -0.265823
826 -0.2
827 -0.0851226
828 3.2685e-13
829 -0.111113
830 -0.0833334
831 -2.39808e-14
832 -2
833 -0.65
834 -0.384615
835 -0.137931
836 -0.823529
837 -0.673913
838 -0.466667
839 -0.25
840 -0.461538
841 -0.508065
842 -0.387981
843 -0.223141
844 -0.125
845 -0.269231
846 -0.222222
847 -0.108734
848 -1.1875
849 -0.727273
850 -0.478261
851 -0.246231
852 -0.875
853 -0.727273
854 -0.534884
855 -0.333333
856 -0.5625
857 -0.573427
858 -0.456312
859 -0.301115
860 -0.25
861 -0.352273
862 -0.3
863 -0.190817
864 -0.655172
865 -0.595745
866 -0.415094
867 -0.21875
868 -0.677419
869 -0.625
870 -0.474227
871 -0.3
872 -0.473684
873 -0.506173
874 -0.410481
875 -0.273649
876 -0.21875
877 -0.316327
878 -0.272727
879 -0.174718
880 -0.142857
881 -0.351351
882 -0.25
883 -0.0963856
884 -0.368421
885 -0.424658
886 -0.324074
887 -0.181818
888 -0.272727
889 -0.348066
890 -0.281747
891 -0.167183
892 -0.0833333
893 -0.194444
894 -0.166667
895 -0.0833467
896 -1
897 -0.583333
898 -0.347826
899 -0.117705
900 -0.731707
901 -0.62037
902 -0.428571
903 -0.223141
904 -0.421053
905 -0.472222
906 -0.358491
907 -0.2
908 -0.108108
909 -0.25
910 -0.20482
911 -0.0943398
912 -1
913 -0.666667
914 -0.4375
915 -0.21743
916 -0.803571
917 -0.677165
918 -0.494949
919 -0.301115
920 -0.521739
921 -0.536585
922 -0.423729
923 -0.272727
924 -0.226562
925 -0.328358
926 -0.277373
927 -0.170029
928 -0.588235
929 -0.555556
930 -0.384615
931 -0.195338
932 -0.633803
933 -0.589041
934 -0.443439
935 -0.273649
936 -0.444444
937 -0.478261
938 -0.384615
939 -0.25
940 -0.2
941 -0.297297
942 -0.254181
943 -0.156915
944 -0.125
945 -0.333333
946 -0.235294
947 -0.0851226
948 -0.348837
949 -0.406061
950 -0.307377
951 -0.167183
952 -0.258065
953 -0.333333
954 -0.267657
955 -0.153846
956 -0.0740741
957 -0.185185
958 -0.157408
959 -0.0740741
960 4.13003e-13
961 -0.392857
962 -0.207547
963 -7.10543e-14
964 -0.5
965 -0.467742
966 -0.3
967 -0.108734
968 -0.275862
969 -0.347561
970 -0.244813
971 -0.0943398
972 5.00044e-13
973 -0.147059
974 -0.106431
975 2.64364e-09
976 -0.625
977 -0.504854
978 -0.307692
979 -0.103448
980 -0.625
981 -0.541667
982 -0.375
983 -0.190817
984 -0.394231
985 -0.421622
986 -0.315789
987 -0.170029
988 -0.125
989 -0.230089
990 -0.181854
991 -0.0769231
992 -0.384615
993 -0.42623
994 -0.273171
995 -0.09375
996 -0.5
997 -0.47561
998 -0.33871
999 -0.174718
1000 -0.338843
1001 -0.378641
1002 -0.28866
1003 -0.156915
1004 -0.111111
1005 -0.209677
1006 -0.167691
1007 -0.0714286
1008 1.42997e-13
1009 -0.234043
1010 -0.144737
1011 9.9476e-14
1012 -0.25
1013 -0.315217
1014 -0.220588
1015 -0.0833467
1016 -0.173913
1017 -0.251101
1018 -0.186709
1019 -0.0740741
1020 2.57572e-13
1021 -0.111111
1022 -0.083352
1023 4.92079e-09
1024 0
1025 0
1026 0
1027 -0.4
1028 0
1029 0
1030 -0.794118
1031 -0.553191
1032 0
1033 -0.762783
1034 -0.662791
1035 -0.495575
1036 -0.25
1037 -0.447368
1038 -0.423077
1039 -0.318182
1040 0
1041 0
1042 -0.776206
1043 -0.53125
1044 0
1045 -1
1046 -0.837209
1047 -0.637931
1048 -0.720967
1049 -0.810842
1050 -0.72381
1051 -0.580882
1052 -0.4
1053 -0.543478
1054 -0.516129
1055 -0.423077
1056 0
1057 -0.745152
1058 -0.619081
1059 -0.435897
1060 -0.722222
1061 -0.8
1062 -0.692308
1063 -0.536232
1064 -0.574088
1065 -0.674171
1066 -0.612903
1067 -0.496855
1068 -0.333333
1069 -0.462963
1070 -0.444444
1071 -0.366667
1072 1.90958e-13
1073 -0.390643
1074 -0.346549
1075 -0.217391
1076 -0.347826
1077 -0.5
1078 -0.442623
1079 -0.325
1080 -0.307698
1081 -0.432699
1082 -0.398601
1083 -0.307692
1084 -0.142857
1085 -0.274194
1086 -0.268293
1087 -0.205882
1088 0
1089 0
1090 -0.75
1091 -0.490566
1092 0
1093 -1.00004
1094 -0.819174
1095 -0.604651
1096 -0.681818
1097 -0.8
1098 -0.706897
1099 -0.552632
1100 -0.34375
1101 -0.524781
1102 -0.5
1103 -0.4
1104 0
1105 -1
1106 -0.8
1107 -0.578125
1108 -1
1109 -1.00002
1110 -0.84957
1111 -0.664474
1112 -0.75
1113 -0.833333
1114 -0.75
1115 -0.613636
1116 -0.454546
1117 -0.593237
1118 -0.566038
1119 -0.475
1120 -0.583333
1121 -0.787879
1122 -0.666667
1123 -0.493333
1124 -0.76087
1125 -0.831467
1126 -0.727279
1127 -0.577143
1128 -0.617647
1129 -0.714286
1130 -0.653846
1131 -0.54
1132 -0.388889
1133 -0.518528
1134 -0.5
1135 -0.422222
1136 -0.117647
1137 -0.475
1138 -0.428571
1139 -0.302326
1140 -0.421053
1141 -0.567311
1142 -0.509937
1143 -0.393939
1144 -0.375
1145 -0.5
1146 -0.465909
1147 -0.375
1148 -0.213592
1149 -0.348689
1150 -0.343284
1151 -0.28
1152 0
1153 -0.764706
1154 -0.585108
1155 -0.364985
1156 -0.75
1157 -0.815789
1158 -0.666667
1159 -0.47561
1160 -0.535714
1161 -0.66337
1162 -0.582196
1163 -0.439791
1164 -0.25
1165 -0.428571
1166 -0.406977
1167 -0.311927
1168 -0.684211
1169 -0.818182
1170 -0.654868
1171 -0.456262
1172 -0.818182
1173 -0.847826
1174 -0.714286
1175 -0.542553
1176 -0.623188
1177 -0.711866
1178 -0.634733
1179 -0.50463
1180 -0.361702
1181 -0.5
1182 -0.474227
1183 -0.385246
1184 -0.433333
1185 -0.666667
1186 -0.560606
1187 -0.398914
1188 -0.642857
1189 -0.722222
1190 -0.625
1191 -0.481132
1192 -0.52439
1193 -0.622223
1194 -0.563831
1195 -0.452282
1196 -0.314815
1197 -0.444444
1198 -0.425926
1199 -0.348148
1200 -0.0487805
1201 -0.40625
1202 -0.364239
1203 -0.242723
1204 -0.352941
1205 -0.5
1206 -0.444444
1207 -0.330508
1208 -0.315789
1209 -0.44079
1210 -0.406699
1211 -0.315789
1212 -0.163934
1213 -0.3
1214 -0.294118
1215 -0.22973
1216 0.5
1217 -0.4375
1218 -0.327586
1219 -0.142857
1220 -0.4
1221 -0.548387
1222 -0.431509
1223 -0.261308
1224 -0.294118
1225 -0.442623
1226 -0.375
1227 -0.243478
1228 -0.0625
1229 -0.245034
1230 -0.228156
1231 -0.137931
1232 -0.25
1233 -0.55
1234 -0.426471
1235 -0.25
1236 -0.54717
1237 -0.618182
1238 -0.502995
1239 -0.343751
1240 -0.414634
1241 -0.514286
1242 -0.444444
1243 -0.320312
1244 -0.189189
1245 -0.329412
1246 -0.305677
1247 -0.21875
1248 -0.166667
1249 -0.458333
1250 -0.371795
1251 -0.222222
1252 -0.439394
1253 -0.535433
1254 -0.446809
1255 -0.309238
1256 -0.354167
1257 -0.455696
1258 -0.4
1259 -0.290834
1260 -0.166667
1261 -0.296297
1262 -0.277778
1263 -0.2
1264 0.125
1265 -0.25
1266 -0.215909
1267 -0.1
1268 -0.202532
1269 -0.354167
1270 -0.301436
1271 -0.189782
1272 -0.181818
1273 -0.306818
1274 -0.272727
1275 -0.181854
1276 -0.0425532
1277 -0.177885
1278 -0.170909
1279 -0.105263
1280 0
1281 0
1282 -0.722892
1283 -0.443597
1284 0
1285 -1
1286 -0.8
1287 -0.565789
1288 -0.647059
1289 -0.787236
1290 -0.686141
1291 -0.516667
1292 -0.289474
1293 -0.5
1294 -0.47561
1295 -0.365385
1296 0
1297 -1
1298 -0.778846
1299 -0.536939
1300 -1
1301 -1
1302 -0.833333
1303 -0.629214
1304 -0.727273
1305 -0.82301
1306 -0.731256
1307 -0.57971
1308 -0.413043
1309 -0.571429
1310 -0.542553
1311 -0.440678
1312 -0.518519
1313 -0.776316
1314 -0.648
1315 -0.459784
1316 -0.740741
1317 -0.826923
1318 -0.714286
1319 -0.54902
1320 -0.592593
1321 -0.704546
1322 -0.639347
1323 -0.512821
1324 -0.351852
1325 -0.5
1326 -0.481132
1327 -0.393939
1328 -0.025
1329 -0.451613
1330 -0.410959
1331 -0.276389
1332 -0.382353
1333 -0.557377
1334 -0.5
1335 -0.373913
1336 -0.34375
1337 -0.490066
1338 -0.456312
1339 -0.356322
1340 -0.17747
1341 -0.333333
1342 -0.330508
1343 -0.260274
1344 0
1345 -1
1346 -0.754717
1347 -0.5
1348 -1
1349 -1
1350 -0.817518
1351 -0.601075
1352 -0.6875
1353 -0.810345
1354 -0.714286
1355 -0.554545
1356 -0.354839
1357 -0.547945
1358 -0.522619
1359 -0.416667
1360 -1
1361 -1
1362 -0.796875
1363 -0.571429
1364 -1
1365 -1
1366 -0.84375
1367 -0.65117
1368 -0.75
1369 -0.838235
1370 -0.75
1371 -0.604839
1372 -0.454545
1373 -0.60479
1374 -0.575897
1375 -0.476868
1376 -0.588235
1377 -0.804348
1378 -0.680061
1379 -0.5
1380 -0.769231
1381 -0.846774
1382 -0.737705
1383 -0.578517
1384 -0.625
1385 -0.730769
1386 -0.666667
1387 -0.543478
1388 -0.393701
1389 -0.537234
1390 -0.518075
1391 -0.432258
1392 -0.125
1393 -0.509091
1394 -0.465148
1395 -0.333333
1396 -0.4375
1397 -0.601399
1398 -0.543689
1399 -0.420077
1400 -0.392857
1401 -0.534143
1402 -0.5
1403 -0.401316
1404 -0.229167
1405 -0.382775
1406 -0.379564
1407 -0.309735
1408 -0.272727
1409 -0.8
1410 -0.620155
1411 -0.398936
1412 -0.772727
1413 -0.846154
1414 -0.695197
1415 -0.5
1416 -0.558442
1417 -0.695652
1418 -0.613065
1419 -0.465388
1420 -0.272727
1421 -0.465148
1422 -0.444444
1423 -0.344595
1424 -0.692308
1425 -0.842697
1426 -0.677632
1427 -0.474419
1428 -0.833333
1429 -0.870968
1430 -0.734088
1431 -0.555556
1432 -0.638298
1433 -0.735849
1434 -0.65625
1435 -0.519033
1436 -0.375
1437 -0.525793
1438 -0.5
1439 -0.404908
1440 -0.439024
1441 -0.694444
1442 -0.588571
1443 -0.421488
1444 -0.657895
1445 -0.75
1446 -0.65097
1447 -0.5
1448 -0.540541
1449 -0.65
1450 -0.590361
1451 -0.4717
1452 -0.328767
1453 -0.472235
1454 -0.454545
1455 -0.370787
1456 -0.0535714
1457 -0.440945
1458 -0.40404
1459 -0.27881
1460 -0.369565
1461 -0.536585
1462 -0.483067
1463 -0.363636
1464 -0.335938
1465 -0.477612
1466 -0.445255
1467 -0.348704
1468 -0.182927
1469 -0.336143
1470 -0.333333
1471 -0.264296
1472 0.5
1473 -0.5
1474 -0.394737
1475 -0.209096
1476 -0.433962
1477 -0.606557
1478 -0.492147
1479 -0.319231
1480 -0.333333
1481 -0.5
1482 -0.434811
1483 -0.3
1484 -0.102362
1485 -0.30303
1486 -0.289963
1487 -0.19706
1488 -0.25
1489 -0.596154
1490 -0.477273
1491 -0.298391
1492 -0.571429
1493 -0.664336
1494 -0.550926
1495 -0.387543
1496 -0.444444
1497 -0.56044
1498 -0.492207
1499 -0.363636
1500 -0.219178
1501 -0.375566
1502 -0.35473
1503 -0.264152
1504 -0.166667
1505 -0.5
1506 -0.42
1507 -0.268118
1508 -0.45977
1509 -0.579268
1510 -0.493776
1511 -0.352201
1512 -0.380952
1513 -0.5
1514 -0.446821
1515 -0.333333
1516 -0.193939
1517 -0.340164
1518 -0.325077
1519 -0.243782
1520 0.125
1521 -0.291667
1522 -0.267857
1523 -0.151317
1524 -0.221154
1525 -0.4
1526 -0.353383
1527 -0.239193
1528 -0.208333
1529 -0.353982
1530 -0.324684
1531 -0.230769
1532 -0.0706522
1533 -0.224719
1534 -0.222857
1535 -0.154735
1536 0
1537 -0.813559
1538 -0.568965
1539 -0.306358
1540 -0.833333
1541 -0.851064
1542 -0.657895
1543 -0.428571
1544 -0.528571
1545 -0.666667
1546 -0.56383
1547 -0.392715
1548 -0.192308
1549 -0.402502
1550 -0.375
1551 -0.260563
1552 -0.842105
1553 -0.8625
1554 -0.64539
1555 -0.405941
1556 -0.888889
1557 -0.87931
1558 -0.707865
1559 -0.5
1560 -0.629214
1561 -0.717105
1562 -0.618605
1563 -0.460433
1564 -0.322581
1565 -0.478762
1566 -0.444444
1567 -0.335443
1568 -0.444444
1569 -0.683168
1570 -0.548193
1571 -0.354978
1572 -0.666667
1573 -0.73913
1574 -0.617697
1575 -0.444444
1576 -0.518519
1577 -0.622857
1578 -0.549587
1579 -0.41424
1580 -0.277778
1581 -0.424552
1582 -0.4
1583 -0.304654
1584 0.0188679
1585 -0.393443
1586 -0.34555
1587 -0.203846
1588 -0.333333
1589 -0.5
1590 -0.434811
1591 -0.3
1592 -0.291339
1593 -0.434343
1594 -0.394052
1595 -0.285295
1596 -0.121951
1597 -0.279675
1598 -0.272727
1599 -0.194775
1600 -0.75
1601 -0.864865
1602 -0.628571
1603 -0.378644
1604 -0.891304
1605 -0.884956
1606 -0.7
1607 -0.481781
1608 -0.595238
1609 -0.710526
1610 -0.609114
1611 -0.444444
1612 -0.270492
1613 -0.460733
1614 -0.430769
1615 -0.319151
1616 -0.923077
1617 -0.895833
1618 -0.686747
1619 -0.457629
1620 -0.923077
1621 -0.904412
1622 -0.73913
1623 -0.539568
1624 -0.673077
1625 -0.75
1626 -0.653241
1627 -0.5
1628 -0.377622
1629 -0.523148
1630 -0.487889
1631 -0.381217
1632 -0.545455
1633 -0.728814
1634 -0.59375
1635 -0.406016
1636 -0.714286
1637 -0.773585
1638 -0.653846
1639 -0.485437
1640 -0.564516
1641 -0.66
1642 -0.586966
1643 -0.454545
1644 -0.329268
1645 -0.46888
1646 -0.443396
1647 -0.349368
1648 -0.0967742
1649 -0.457143
1650 -0.40367
1651 -0.263514
1652 -0.398058
1653 -0.549451
1654 -0.482759
1655 -0.35
1656 -0.347222
1657 -0.482143
1658 -0.440795
1659 -0.333333
1660 -0.178378
1661 -0.330827
1662 -0.322767
1663 -0.245328
1664 -0.214286
1665 -0.719101
1666 -0.536585
1667 -0.313808
1668 -0.714286
1669 -0.772727
1670 -0.615385
1671 -0.415495
1672 -0.5
1673 -0.628571
1674 -0.539683
1675 -0.386018
1676 -0.214286
1677 -0.40367
1678 -0.378382
1679 -0.272727
1680 -0.666667
1681 -0.776786
1682 -0.602094
1683 -0.392593
1684 -0.789474
1685 -0.807692
1686 -0.661017
1687 -0.474685
1688 -0.588235
1689 -0.675
1690 -0.587189
1691 -0.441989
1692 -0.320988
1693 -0.467213
1694 -0.435585
1695 -0.333333
1696 -0.423077
1697 -0.644444
1698 -0.527523
1699 -0.352159
1700 -0.625
1701 -0.7
1702 -0.590909
1703 -0.431035
1704 -0.5
1705 -0.6
1706 -0.532258
1707 -0.405063
1708 -0.282609
1709 -0.422222
1710 -0.398878
1711 -0.307692
1712 -0.0422535
1713 -0.405063
1714 -0.359184
1715 -0.225954
1716 -0.344828
1717 -0.5
1718 -0.438356
1719 -0.310527
1720 -0.304348
1721 -0.44
1722 -0.40118
1723 -0.296729
1724 -0.145631
1725 -0.297297
1726 -0.290157
1727 -0.214286
1728 0.5
1729 -0.461538
1730 -0.351064
1731 -0.161765
1732 -0.409091
1733 -0.569536
1734 -0.449153
1735 -0.271028
1736 -0.303571
1737 -0.464646
1738 -0.394366
1739 -0.254055
1740 -0.0696203
1741 -0.269388
1742 -0.253012
1743 -0.155131
1744 -0.25
1745 -0.5625
1746 -0.435185
1747 -0.25
1748 -0.551724
1749 -0.630682
1750 -0.509434
1751 -0.338983
1752 -0.41791
1753 -0.526786
1754 -0.452229
1755 -0.316833
1756 -0.187845
1757 -0.341912
1758 -0.316804
1759 -0.220264
1760 -0.166667
1761 -0.473684
1762 -0.385246
1763 -0.22619
1764 -0.444444
1765 -0.552239
1766 -0.459184
1767 -0.310137
1768 -0.358974
1769 -0.472
1770 -0.412791
1771 -0.292238
1772 -0.166667
1773 -0.311037
1774 -0.291878
1775 -0.204499
1776 0.125
1777 -0.272727
1778 -0.242647
1779 -0.119565
1780 -0.209302
1781 -0.380531
1782 -0.328173
1783 -0.207184
1784 -0.191011
1785 -0.333333
1786 -0.299465
1787 -0.199153
1788 -0.0484582
1789 -0.202454
1790 -0.1977
1791 -0.124046
1792 2
1793 -0.565789
1794 -0.355705
1795 -0.108108
1796 -0.608696
1797 -0.65
1798 -0.463918
1799 -0.23882
1800 -0.359551
1801 -0.493902
1802 -0.389121
1803 -0.216561
1804 -0.0454545
1805 -0.25
1806 -0.218327
1807 -0.1
1808 -0.625
1809 -0.673267
1810 -0.460674
1811 -0.223529
1812 -0.735294
1813 -0.712329
1814 -0.535714
1815 -0.324512
1816 -0.491071
1817 -0.565445
1818 -0.459259
1819 -0.295129
1820 -0.192308
1821 -0.338983
1822 -0.29748
1823 -0.181818
1824 -0.333333
1825 -0.539683
1826 -0.396135
1827 -0.197917
1828 -0.555556
1829 -0.604651
1830 -0.472441
1831 -0.291673
1832 -0.407407
1833 -0.495413
1834 -0.41196
1835 -0.268229
1836 -0.166667
1837 -0.30303
1838 -0.270123
1839 -0.166667
1840 0.0909091
1841 -0.284768
1842 -0.224576
1843 -0.0747664
1844 -0.25
1845 -0.393939
1846 -0.316901
1847 -0.172977
1848 -0.202532
1849 -0.330612
1850 -0.28012
1851 -0.162291
1852 -0.0294118
1853 -0.178082
1854 -0.163163
1855 -0.0769231
1856 -0.4
1857 -0.673913
1858 -0.448276
1859 -0.203125
1860 -0.736842
1861 -0.721429
1862 -0.533632
1863 -0.313726
1864 -0.461538
1865 -0.56383
1866 -0.455882
1867 -0.28652
1868 -0.145695
1869 -0.326271
1870 -0.28972
1871 -0.172414
1872 -0.8125
1873 -0.745763
1874 -0.529412
1875 -0.296552
1876 -0.8125
1877 -0.766467
1878 -0.590551
1879 -0.384164
1880 -0.5625
1881 -0.62037
1882 -0.513158
1883 -0.352043
1884 -0.267045
1885 -0.4
1886 -0.355932
1887 -0.241535
1888 -0.481481
1889 -0.611111
1890 -0.461538
1891 -0.265432
1892 -0.631068
1893 -0.659794
1894 -0.526316
1895 -0.348404
1896 -0.473684
1897 -0.54918
1898 -0.464286
1899 -0.322431
1900 -0.233831
1901 -0.360544
1902 -0.325581
1903 -0.222917
1904 -0.0526316
1905 -0.364706
1906 -0.295455
1907 -0.145251
1908 -0.333333
1909 -0.457014
1910 -0.376582
1911 -0.233638
1912 -0.272727
1913 -0.389706
1914 -0.336957
1915 -0.219829
1916 -0.0973451
1917 -0.23839
1918 -0.221429
1919 -0.135397
1920 -0.117647
1921 -0.583333
1922 -0.396985
1923 -0.172414
1924 -0.617647
1925 -0.65
1926 -0.484127
1927 -0.27907
1928 -0.403361
1929 -0.514151
1930 -0.416393
1931 -0.256281
1932 -0.117647
1933 -0.295455
1934 -0.26257
1935 -0.150443
1936 -0.625
1937 -0.666667
1938 -0.478261
1939 -0.261538
1940 -0.717391
1941 -0.702128
1942 -0.542253
1943 -0.347368
1944 -0.506944
1945 -0.572614
1946 -0.473373
1947 -0.319592
1948 -0.234694
1949 -0.367347
1950 -0.326531
1951 -0.216327
1952 -0.396825
1953 -0.555556
1954 -0.421456
1955 -0.236111
1956 -0.568965
1957 -0.611111
1958 -0.487342
1959 -0.317308
1960 -0.431953
1961 -0.511111
1962 -0.431267
1963 -0.294529
1964 -0.207207
1965 -0.333333
1966 -0.300469
1967 -0.200758
1968 -0.0232558
1969 -0.333333
1970 -0.270548
1971 -0.126582
1972 -0.3
1973 -0.42623
1974 -0.350575
1975 -0.212389
1976 -0.247423
1977 -0.364549
1978 -0.314356
1979 -0.200419
1980 -0.0806452
1981 -0.220339
1982 -0.204348
1983 -0.120142
1984 0.5
1985 -0.370968
1986 -0.25
1987 -0.0555556
1988 -0.35443
1989 -0.483333
1990 -0.352313
1991 -0.167539
1992 -0.238806
1993 -0.381356
1994 -0.301775
1995 -0.154545
1996 5.90639e-13
1997 -0.188356
1998 -0.164557
1999 -0.0602675
2000 -0.25
2001 -0.486842
2002 -0.34375
2003 -0.15
2004 -0.509615
2005 -0.555024
2006 -0.420382
2007 -0.24105
2008 -0.3625
2009 -0.451128
2010 -0.365591
2011 -0.221757
2012 -0.125
2013 -0.266254
2014 -0.232558
2015 -0.128512
2016 -0.166667
2017 -0.411111
2018 -0.305556
2019 -0.136364
2020 -0.410853
2021 -0.487395
2022 -0.380403
2023 -0.221491
2024 -0.311828
2025 -0.405405
2026 -0.334975
2027 -0.205426
2028 -0.111111
2029 -0.242938
2030 -0.215054
2031 -0.119807
2032 0.125
2033 -0.221154
2034 -0.175
2035 -0.0416667
2036 -0.181818
2037 -0.325843
2038 -0.260526
2039 -0.129817
2040 -0.150943
2041 -0.276074
2042 -0.231818
2043 -0.122744
2044 1.11999e-12
2045 -0.142857
2046 -0.13
2047 -0.0487921
2048 0
2049 0
2050 -0.5
2051 -0.2
2052 0
2053 -0.831325
2054 -0.60448
2055 -0.345948
2056 -0.5
2057 -0.62069
2058 -0.5
2059 -0.309091
2060 -0.125
2061 -0.32886
2062 -0.29208
2063 -0.164706
2064 0
2065 -0.861111
2066 -0.603175
2067 -0.333333
2068 -0.921569
2069 -0.867925
2070 -0.670809
2071 -0.439816
2072 -0.619048
2073 -0.685714
2074 -0.571429
2075 -0.396825
2076 -0.282051
2077 -0.425288
2078 -0.380953
2079 -0.260417
2080 -0.5
2081 -0.659574
2082 -0.5
2083 -0.285714
2084 -0.671429
2085 -0.713178
2086 -0.574469
2087 -0.384616
2088 -0.5
2089 -0.585366
2090 -0.5
2091 -0.352167
2092 -0.23913
2093 -0.371859
2094 -0.338462
2095 -0.233645
2096 2.51354e-12
2097 -0.344828
2098 -0.280899
2099 -0.125
2100 -0.314607
2101 -0.453947
2102 -0.376745
2103 -0.230216
2104 -0.258065
2105 -0.382979
2106 -0.333333
2107 -0.215223
2108 -0.0754717
2109 -0.21875
2110 -0.204152
2111 -0.118644
2112 0
2113 -0.880597
2114 -0.595238
2115 -0.313514
2116 -0.954545
2117 -0.884615
2118 -0.670732
2119 -0.428571
2120 -0.6
2121 -0.687943
2122 -0.569307
2123 -0.387834
2124 -0.241379
2125 -0.415806
2126 -0.375
2127 -0.251727
2128 -1.07407
2129 -0.911111
2130 -0.666667
2131 -0.412037
2132 -0.96875
2133 -0.90625
2134 -0.71875
2135 -0.5
2136 -0.683168
2137 -0.73494
2138 -0.623377
2139 -0.456082
2140 -0.362319
2141 -0.490243
2142 -0.444444
2143 -0.327431
2144 -0.630435
2145 -0.725664
2146 -0.566667
2147 -0.360324
2148 -0.738095
2149 -0.763158
2150 -0.627331
2151 -0.444444
2152 -0.565574
2153 -0.638743
2154 -0.553846
2155 -0.410335
2156 -0.3125
2157 -0.434811
2158 -0.4
2159 -0.297332
2160 -0.153846
2161 -0.433824
2162 -0.362319
2163 -0.208633
2164 -0.403846
2165 -0.522727
2166 -0.443581
2167 -0.3
2168 -0.335664
2169 -0.449074
2170 -0.397924
2171 -0.281768
2172 -0.153846
2173 -0.28908
2174 -0.272727
2175 -0.188142
2176 -0.5
2177 -0.714286
2178 -0.5
2179 -0.254556
2180 -0.75
2181 -0.76
2182 -0.582474
2183 -0.365019
2184 -0.5
2185 -0.60241
2186 -0.500041
2187 -0.333333
2188 -0.191176
2189 -0.362319
2190 -0.327338
2191 -0.212035
2192 -0.777778
2193 -0.777778
2194 -0.577778
2195 -0.349213
2196 -0.818182
2197 -0.8
2198 -0.636771
2199 -0.435811
2200 -0.59322
2201 -0.65625
2202 -0.556418
2203 -0.4
2204 -0.308176
2205 -0.435897
2206 -0.394822
2207 -0.283855
2208 -0.5
2209 -0.636364
2210 -0.5
2211 -0.309863
2212 -0.642857
2213 -0.685714
2214 -0.563492
2215 -0.392097
2216 -0.5
2217 -0.577982
2218 -0.500017
2219 -0.363636
2220 -0.269231
2221 -0.390805
2222 -0.358824
2223 -0.260143
2224 -0.105263
2225 -0.384615
2226 -0.322034
2227 -0.177218
2228 -0.352941
2229 -0.475
2230 -0.402135
2231 -0.265193
2232 -0.296296
2233 -0.409836
2234 -0.361974
2235 -0.25
2236 -0.126829
2237 -0.260417
2238 -0.245283
2239 -0.162996
2240 0.25
2241 -0.425743
2242 -0.297753
2243 -0.0941176
2244 -0.411765
2245 -0.534247
2246 -0.401786
2247 -0.211929
2248 -0.285714
2249 -0.424084
2250 -0.344444
2251 -0.194842
2252 -0.0384615
2253 -0.220339
2254 -0.196214
2255 -0.0909091
2256 -0.333333
2257 -0.539683
2258 -0.396135
2259 -0.197917
2260 -0.555556
2261 -0.604651
2262 -0.472441
2263 -0.291673
2264 -0.407407
2265 -0.495413
2266 -0.41196
2267 -0.268229
2268 -0.166667
2269 -0.30303
2270 -0.270123
2271 -0.166667
2272 -0.227273
2273 -0.450331
2274 -0.347458
2275 -0.17757
2276 -0.446429
2277 -0.525253
2278 -0.422535
2279 -0.264869
2280 -0.348101
2281 -0.440816
2282 -0.373494
2283 -0.245823
2284 -0.147059
2285 -0.273973
2286 -0.247374
2287 -0.153846
2288 0.0689655
2289 -0.244318
2290 -0.2
2291 -0.0677966
2292 -0.208955
2293 -0.348214
2294 -0.286624
2295 -0.158418
2296 -0.176796
2297 -0.297794
2298 -0.256198
2299 -0.14978
2300 -0.0263158
2301 -0.1625
2302 -0.150489
2303 -0.0714286
2304 0
2305 -0.882353
2306 -0.58209
2307 -0.290008
2308 -0.953488
2309 -0.890909
2310 -0.666667
2311 -0.413934
2312 -0.571429
2313 -0.684211
2314 -0.563673
2315 -0.375
2316 -0.2
2317 -0.402062
2318 -0.365019
2319 -0.237953
2320 -1.08333
2321 -0.914894
2322 -0.658537
2323 -0.393167
2324 -0.969697
2325 -0.912409
2326 -0.716346
2327 -0.487455
2328 -0.666667
2329 -0.733333
2330 -0.61907
2331 -0.444444
2332 -0.333333
2333 -0.479821
2334 -0.435811
2335 -0.314364
2336 -0.565217
2337 -0.716667
2338 -0.556701
2339 -0.343286
2340 -0.719101
2341 -0.762195
2342 -0.623431
2343 -0.433121
2344 -0.545455
2345 -0.634615
2346 -0.549309
2347 -0.4
2348 -0.285714
2349 -0.424603
2350 -0.392097
2351 -0.285715
2352 -0.0588235
2353 -0.410959
2354 -0.348214
2355 -0.192054
2356 -0.366071
2357 -0.513089
2358 -0.437037
2359 -0.289398
2360 -0.307692
2361 -0.440678
2362 -0.392413
2363 -0.272727
2364 -0.125
2365 -0.27758
2366 -0.265193
2367 -0.17833
2368 -1.36364
2369 -0.930233
2370 -0.645963
2371 -0.368644
2372 -1
2373 -0.924242
2374 -0.711538
2375 -0.471833
2376 -0.643564
2377 -0.730337
2378 -0.611765
2379 -0.430723
2380 -0.287671
2381 -0.464286
2382 -0.423844
2383 -0.3
2384 -1.11765
2385 -0.946903
2386 -0.703125
2387 -0.450184
2388 -1
2389 -0.9375
2390 -0.75
2391 -0.531251
2392 -0.714286
2393 -0.768116
2394 -0.65625
2395 -0.487805
2396 -0.395349
2397 -0.527559
2398 -0.482145
2399 -0.363636
2400 -0.666667
2401 -0.764286
2402 -0.605381
2403 -0.398693
2404 -0.769231
2405 -0.797872
2406 -0.661765
2407 -0.477529
2408 -0.596026
2409 -0.673729
2410 -0.588785
2411 -0.44335
2412 -0.343434
2413 -0.471831
2414 -0.437839
2415 -0.333333
2416 -0.1875
2417 -0.479042
2418 -0.409449
2419 -0.255178
2420 -0.4375
2421 -0.564815
2422 -0.486842
2423 -0.341837
2424 -0.369318
2425 -0.490566
2426 -0.440678
2427 -0.322799
2428 -0.1875
2429 -0.33121
2430 -0.316833
2431 -0.230769
2432 -0.6
2433 -0.769231
2434 -0.553191
2435 -0.308824
2436 -0.797101
2437 -0.805195
2438 -0.627615
2439 -0.410494
2440 -0.542373
2441 -0.647059
2442 -0.544828
2443 -0.37766
2444 -0.233533
2445 -0.409449
2446 -0.375367
2447 -0.259346
2448 -0.818182
2449 -0.818182
2450 -0.618182
2451 -0.38961
2452 -0.851064
2453 -0.836066
2454 -0.672794
2455 -0.470974
2456 -0.625
2457 -0.692308
2458 -0.592593
2459 -0.434783
2460 -0.340206
2461 -0.473684
2462 -0.433511
2463 -0.321199
2464 -0.529412
2465 -0.675
2466 -0.539683
2467 -0.348837
2468 -0.672269
2469 -0.721698
2470 -0.6
2471 -0.427176
2472 -0.529412
2473 -0.613636
2474 -0.536313
2475 -0.39823
2476 -0.298643
2477 -0.427215
2478 -0.396643
2479 -0.296443
2480 -0.130435
2481 -0.425532
2482 -0.366197
2483 -0.221053
2484 -0.381944
2485 -0.514523
2486 -0.443787
2487 -0.305774
2488 -0.326531
2489 -0.44898
2490 -0.403061
2491 -0.289796
2492 -0.157258
2493 -0.299712
2494 -0.287029
2495 -0.20367
2496 0.172414
2497 -0.491803
2498 -0.362791
2499 -0.159091
2500 -0.463415
2501 -0.590909
2502 -0.459259
2503 -0.269231
2504 -0.333333
2505 -0.478261
2506 -0.4
2507 -0.250042
2508 -0.0851064
2509 -0.274648
2510 -0.252632
2511 -0.147059
2512 -0.37037
2513 -0.589404
2514 -0.447581
2515 -0.249275
2516 -0.592593
2517 -0.650485
2518 -0.519737
2519 -0.338308
2520 -0.444444
2521 -0.54023
2522 -0.458333
2523 -0.313756
2524 -0.203704
2525 -0.348101
2526 -0.317308
2527 -0.213178
2528 -0.253165
2529 -0.494444
2530 -0.395018
2531 -0.225131
2532 -0.477612
2533 -0.567797
2534 -0.467456
2535 -0.309091
2536 -0.380952
2537 -0.482877
2538 -0.417722
2539 -0.289179
2540 -0.180328
2541 -0.316092
2542 -0.292035
2543 -0.197842
2544 0.0480769
2545 -0.287081
2546 -0.248408
2547 -0.116945
2548 -0.2375
2549 -0.390977
2550 -0.333333
2551 -0.205021
2552 -0.208333
2553 -0.340557
2554 -0.302326
2555 -0.195546
2556 -0.0588235
2557 -0.205263
2558 -0.196721
2559 -0.11745
2560 -0.5
2561 -0.767442
2562 -0.5
2563 -0.224
2564 -0.833333
2565 -0.80292
2566 -0.590909
2567 -0.346535
2568 -0.5
2569 -0.617021
2570 -0.5
2571 -0.314608
2572 -0.149351
2573 -0.351464
2574 -0.314815
2575 -0.188264
2576 -0.933333
2577 -0.827586
2578 -0.584158
2579 -0.326389
2580 -0.888889
2581 -0.839286
2582 -0.647059
2583 -0.421053
2584 -0.606061
2585 -0.672727
2586 -0.558442
2587 -0.383839
2588 -0.284153
2589 -0.430147
2590 -0.385042
2591 -0.262222
2592 -0.5
2593 -0.657534
2594 -0.5
2595 -0.288344
2596 -0.666667
2597 -0.708543
2598 -0.568965
2599 -0.378018
2600 -0.5
2601 -0.587302
2602 -0.5
2603 -0.348625
2604 -0.245283
2605 -0.383607
2606 -0.349246
2607 -0.240326
2608 -0.0243902
2609 -0.375
2610 -0.311111
2611 -0.153846
2612 -0.333333
2613 -0.478261
2614 -0.4
2615 -0.250042
2616 -0.276596
2617 -0.408451
2618 -0.357895
2619 -0.235295
2620 -0.0954357
2621 -0.248521
2622 -0.234532
2623 -0.144737
2624 -1.07143
2625 -0.838095
2626 -0.571429
2627 -0.303136
2628 -0.911765
2629 -0.85
2630 -0.642857
2631 -0.406977
2632 -0.581967
2633 -0.669767
2634 -0.551948
2635 -0.371609
2636 -0.238636
2637 -0.414815
2638 -0.373626
2639 -0.248908
2640 -1.02439
2641 -0.875
2642 -0.636364
2643 -0.386503
2644 -0.9375
2645 -0.875
2646 -0.6875
2647 -0.46875
2648 -0.662252
2649 -0.71371
2650 -0.6
2651 -0.429891
2652 -0.349515
2653 -0.480263
2654 -0.432836
2655 -0.312
2656 -0.617647
2657 -0.712575
2658 -0.552632
2659 -0.345205
2660 -0.725806
2661 -0.75
2662 -0.611111
2663 -0.424528
2664 -0.555556
2665 -0.629893
2666 -0.541885
2667 -0.393393
2668 -0.305085
2669 -0.431953
2670 -0.395455
2671 -0.287823
2672 -0.157895
2673 -0.444444
2674 -0.372093
2675 -0.215347
2676 -0.407895
2677 -0.53125
2678 -0.45
2679 -0.301724
2680 -0.339713
2681 -0.458599
2682 -0.405728
2683 -0.284364
2684 -0.157895
2685 -0.301075
2686 -0.284519
2687 -0.195206
2688 -0.5
2689 -0.709677
2690 -0.5
2691 -0.259259
2692 -0.743902
2693 -0.754098
2694 -0.577465
2695 -0.361039
2696 -0.5
2697 -0.603306
2698 -0.5
2699 -0.331839
2700 -0.19697
2701 -0.372093
2702 -0.336634
2703 -0.218944
2704 -0.769231
2705 -0.769231
2706 -0.569231
2707 -0.340659
2708 -0.810811
2709 -0.791667
2710 -0.626168
2711 -0.422535
2712 -0.588235
2713 -0.652174
2714 -0.549738
2715 -0.389344
2716 -0.305677
2717 -0.4375
2718 -0.395034
2719 -0.280007
2720 -0.5
2721 -0.638298
2722 -0.5
2723 -0.306931
2724 -0.642857
2725 -0.686747
2726 -0.561453
2727 -0.385439
2728 -0.5
2729 -0.580645
2730 -0.5
2731 -0.358491
2732 -0.269231
2733 -0.396226
2734 -0.363071
2735 -0.259702
2736 -0.111111
2737 -0.4
2738 -0.337349
2739 -0.189189
2740 -0.360947
2741 -0.489362
2742 -0.41519
2743 -0.273622
2744 -0.304348
2745 -0.424419
2746 -0.375546
2747 -0.258741
2748 -0.134021
2749 -0.275862
2750 -0.261036
2751 -0.174532
2752 0.205882
2753 -0.461538
2754 -0.333333
2755 -0.130194
2756 -0.4375
2757 -0.563107
2758 -0.43038
2759 -0.239437
2760 -0.310127
2761 -0.453532
2762 -0.373684
2763 -0.221996
2764 -0.0636364
2765 -0.253012
2766 -0.22973
2767 -0.122302
2768 -0.349206
2769 -0.5625
2770 -0.418685
2771 -0.218905
2772 -0.571429
2773 -0.625
2774 -0.491525
2775 -0.307692
2776 -0.42328
2777 -0.516447
2778 -0.431981
2779 -0.284644
2780 -0.18254
2781 -0.326087
2782 -0.293388
2783 -0.186667
2784 -0.23913
2785 -0.473684
2786 -0.371166
2787 -0.198646
2788 -0.461538
2789 -0.547445
2790 -0.443878
2791 -0.282353
2792 -0.363636
2793 -0.463127
2794 -0.395196
2795 -0.263432
2796 -0.161972
2797 -0.29703
2798 -0.270992
2799 -0.173913
2800 0.0578512
2801 -0.272727
2802 -0.231405
2803 -0.0971074
2804 -0.225806
2805 -0.376623
2806 -0.316279
2807 -0.184783
2808 -0.195219
2809 -0.326203
2810 -0.285714
2811 -0.175806
2812 -0.0443038
2813 -0.190909
2814 -0.180851
2815 -0.0988372
2816 1
2817 -0.557692
2818 -0.336634
2819 -0.08
2820 -0.615385
2821 -0.640244
2822 -0.444867
2823 -0.209945
2824 -0.354839
2825 -0.482143
2826 -0.37037
2827 -0.188679
2828 -0.0327869
2829 -0.235915
2830 -0.2
2831 -0.0741035
2832 -0.666667
2833 -0.666667
2834 -0.441667
2835 -0.192982
2836 -0.739583
2837 -0.703518
2838 -0.516556
2839 -0.293827
2840 -0.487179
2841 -0.553846
2842 -0.43956
2843 -0.264957
2844 -0.180556
2845 -0.323988
2846 -0.276995
2847 -0.152564
2848 -0.363636
2849 -0.534884
2850 -0.381295
2851 -0.171875
2852 -0.559055
2853 -0.598291
2854 -0.457478
2855 -0.265625
2856 -0.404255
2857 -0.486486
2858 -0.39604
2859 -0.242188
2860 -0.156627
2861 -0.290503
2862 -0.252677
2863 -0.140641
2864 0.0625
2865 -0.281553
2866 -0.21519
2867 -0.056338
2868 -0.253165
2869 -0.390335
2870 -0.307895
2871 -0.154786
2872 -0.2
2873 -0.325301
2874 -0.27027
2875 -0.143885
2876 -0.0212766
2877 -0.16962
2878 -0.151575
2879 -0.0579822
2880 -0.588235
2881 -0.669355
2882 -0.428571
2883 -0.171598
2884 -0.75
2885 -0.712766
2886 -0.513514
2887 -0.282178
2888 -0.461538
2889 -0.551587
2890 -0.434903
2891 -0.255319
2892 -0.135922
2893 -0.310127
2894 -0.267606
2895 -0.141791
2896 -0.854167
2897 -0.742138
2898 -0.511111
2899 -0.265092
2900 -0.821429
2901 -0.758929
2902 -0.571429
2903 -0.352679
2904 -0.5625
2905 -0.608997
2906 -0.492537
2907 -0.320388
2908 -0.258333
2909 -0.384181
2910 -0.333333
2911 -0.209622
2912 -0.518987
2913 -0.608247
2914 -0.446602
2915 -0.238208
2916 -0.638889
2917 -0.653846
2918 -0.510638
2919 -0.321138
2920 -0.473684
2921 -0.539877
2922 -0.446953
2923 -0.294643
2924 -0.226277
2925 -0.346939
2926 -0.305882
2927 -0.194268
2928 -0.0909091
2929 -0.362445
2930 -0.284483
2931 -0.124197
2932 -0.340909
2933 -0.452703
2934 -0.365385
2935 -0.212687
2936 -0.272727
2937 -0.38292
2938 -0.32438
2939 -0.198347
2940 -0.0909091
2941 -0.227907
2942 -0.206522
2943 -0.11276
2944 -0.285714
2945 -0.583333
2946 -0.384615
2947 -0.148936
2948 -0.631579
2949 -0.646226
2950 -0.471125
2951 -0.255605
2952 -0.407407
2953 -0.507143
2954 -0.40201
2955 -0.232558
2956 -0.113537
2957 -0.284483
2958 -0.246253
2959 -0.12628
2960 -0.666667
2961 -0.666667
2962 -0.466667
2963 -0.238095
2964 -0.726562
2965 -0.698795
2966 -0.52973
2967 -0.323829
2968 -0.510204
2969 -0.566038
2970 -0.459091
2971 -0.295374
2972 -0.231061
2973 -0.356589
2974 -0.309804
2975 -0.191153
2976 -0.434783
2977 -0.555556
2978 -0.411765
2979 -0.215517
2980 -0.57764
2981 -0.608392
2982 -0.476886
2983 -0.296642
2984 -0.434783
2985 -0.505618
2986 -0.419087
2987 -0.273026
2988 -0.204013
2989 -0.323944
2990 -0.285714
2991 -0.177941
2992 -0.0645161
2993 -0.333333
2994 -0.263158
2995 -0.110236
2996 -0.309278
2997 -0.424149
2998 -0.34292
2999 -0.196213
3000 -0.25
3001 -0.360406
3002 -0.305344
3003 -0.183486
3004 -0.0778443
3005 -0.212903
3006 -0.192953
3007 -0.101788
3008 0.307692
3009 -0.371951
3010 -0.245675
3011 -0.0434783
3012 -0.363636
3013 -0.483051
3014 -0.348066
3015 -0.155738
3016 -0.243094
3017 -0.37987
3018 -0.296552
3019 -0.142349
3020 -1.64402e-12
3021 -0.184211
3022 -0.15748
3023 -0.0471698
3024 -0.291667
3025 -0.487562
3026 -0.339394
3027 -0.137255
3028 -0.513889
3029 -0.554745
3030 -0.415842
3031 -0.228464
3032 -0.365741
3033 -0.449568
3034 -0.359833
3035 -0.208539
3036 -0.125
3037 -0.261905
3038 -0.224638
3039 -0.114035
3040 -0.2
3041 -0.411765
3042 -0.301887
3043 -0.125
3044 -0.41573
3045 -0.487179
3046 -0.376682
3047 -0.210345
3048 -0.314741
3049 -0.404145
3050 -0.330134
3051 -0.193598
3052 -0.111111
3053 -0.23913
3054 -0.208054
3055 -0.106557
3056 0.0869565
3057 -0.221818
3058 -0.17233
3059 -0.0327869
3060 -0.188679
3061 -0.325714
3062 -0.258197
3063 -0.121406
3064 -0.153846
3065 -0.275294
3066 -0.228723
3067 -0.113798
3068 8.96172e-13
3069 -0.14
3070 -0.125
3071 -0.0384615
3072 0
3073 -0.6
3074 -0.3
3075 7.63833e-14
3076 -0.75
3077 -0.66129
3078 -0.42
3079 -0.152213
3080 -0.375
3081 -0.468208
3082 -0.332
3083 -0.12844
3084 3.87246e-13
3085 -0.189189
3086 -0.140039
3087 -2.28316e-09
3088 -1
3089 -0.716981
3090 -0.432432
3091 -0.147727
3092 -0.842105
3093 -0.730769
3094 -0.508475
3095 -0.259518
3096 -0.52
3097 -0.553398
3098 -0.418118
3099 -0.225544
3100 -0.172414
3101 -0.296875
3102 -0.236712
3103 -0.1
3104 -0.5
3105 -0.554745
3106 -0.363636
3107 -0.128713
3108 -0.615385
3109 -0.606383
3110 -0.441176
3111 -0.230352
3112 -0.422078
3113 -0.476987
3114 -0.37037
3115 -0.202934
3116 -0.147059
3117 -0.262069
3118 -0.212783
3119 -0.0909091
3120 2.12186e-12
3121 -0.267857
3122 -0.176471
3123 4.44089e-14
3124 -0.272727
3125 -0.372727
3126 -0.272727
3127 -0.10607
3128 -0.196721
3129 -0.297794
3130 -0.229917
3131 -0.0933334
3132 -4.95604e-13
3133 -0.12963
3134 -0.10146
3135 2.64364e-09
3136 -1.5
3137 -0.75
3138 -0.433333
3139 -0.136364
3140 -0.90625
3141 -0.758389
3142 -0.517094
3143 -0.257053
3144 -0.517241
3145 -0.564356
3146 -0.423611
3147 -0.224608
3148 -0.142857
3149 -0.294118
3150 -0.236842
3151 -0.0979021
3152 -1.15
3153 -0.8125
3154 -0.527778
3155 -0.25
3156 -0.935484
3157 -0.802198
3158 -0.583026
3159 -0.341667
3160 -0.616438
3161 -0.627119
3162 -0.490798
3163 -0.302891
3164 -0.276382
3165 -0.37931
3166 -0.314961
3167 -0.180085
3168 -0.676471
3169 -0.65
3170 -0.452381
3171 -0.22093
3172 -0.713115
3173 -0.67907
3174 -0.512987
3175 -0.306733
3176 -0.511364
3177 -0.548148
3178 -0.43956
3179 -0.275113
3180 -0.23913
3181 -0.338462
3182 -0.285714
3183 -0.165049
3184 -0.1875
3185 -0.375
3186 -0.270833
3187 -0.09375
3188 -0.384106
3189 -0.455645
3190 -0.350725
3191 -0.18552
3192 -0.291262
3193 -0.375
3194 -0.303483
3195 -0.168003
3196 -0.091954
3197 -0.208333
3198 -0.176471
3199 -0.0752688
3200 -0.75
3201 -0.641026
3202 -0.385714
3203 -0.118812
3204 -0.75
3205 -0.678161
3206 -0.470149
3207 -0.232044
3208 -0.455882
3209 -0.515152
3210 -0.389571
3211 -0.204276
3212 -0.125
3213 -0.270833
3214 -0.21875
3215 -0.087502
3216 -0.886792
3217 -0.72
3218 -0.477733
3219 -0.223837
3220 -0.818182
3221 -0.730769
3222 -0.535948
3223 -0.311881
3224 -0.556886
3225 -0.578947
3226 -0.454795
3227 -0.278017
3228 -0.25
3229 -0.351852
3230 -0.292453
3231 -0.164124
3232 -0.573171
3233 -0.590164
3234 -0.415493
3235 -0.2
3236 -0.642857
3237 -0.628099
3238 -0.476744
3239 -0.282511
3240 -0.469697
3241 -0.511628
3242 -0.410891
3243 -0.254501
3244 -0.21875
3245 -0.316667
3246 -0.267241
3247 -0.15141
3248 -0.162162
3249 -0.347222
3250 -0.252336
3251 -0.084507
3252 -0.352941
3253 -0.427536
3254 -0.329843
3255 -0.172131
3256 -0.270742
3257 -0.354167
3258 -0.286682
3259 -0.156407
3260 -0.0833333
3261 -0.19697
3262 -0.166667
3263 -0.0686282
3264 -3.09086e-13
3265 -0.391304
3266 -0.225
3267 2.49578e-13
3268 -0.4375
3269 -0.487437
3270 -0.327815
3271 -0.118519
3272 -0.269231
3273 -0.369231
3274 -0.269231
3275 -0.102564
3276 2.70894e-13
3277 -0.158879
3278 -0.119718
3279 -4.56821e-05
3280 -0.454545
3281 -0.511628
3282 -0.330935
3283 -0.109375
3284 -0.574803
3285 -0.564103
3286 -0.404692
3287 -0.203125
3288 -0.393617
3289 -0.445946
3290 -0.341584
3291 -0.179688
3292 -0.13253
3293 -0.24581
3294 -0.197002
3295 -0.0781599
3296 -0.3125
3297 -0.427184
3298 -0.291139
3299 -0.0985916
3300 -0.462025
3301 -0.490706
3302 -0.363158
3303 -0.185336
3304 -0.336364
3305 -0.39759
3306 -0.310811
3307 -0.165468
3308 -0.117021
3309 -0.222785
3310 -0.181102
3311 -0.0724898
3312 9.53193e-12
3313 -0.225
3314 -0.152542
3315 2.8777e-13
3316 -0.222222
3317 -0.319079
3318 -0.236277
3319 -0.0898876
3320 -0.166667
3321 -0.26087
3322 -0.202479
3323 -0.08
3324 2.83329e-13
3325 -0.118056
3326 -0.0928962
3327 -1.90382e-05
3328 -3
3329 -0.744681
3330 -0.421622
3331 -0.119565
3332 -0.9
3333 -0.763158
3334 -0.516393
3335 -0.25
3336 -0.487179
3337 -0.561905
3338 -0.422442
3339 -0.219697
3340 -0.103448
3341 -0.283582
3342 -0.232044
3343 -0.0921068
3344 -1.17647
3345 -0.813953
3346 -0.522321
3347 -0.238245
3348 -0.934783
3349 -0.808511
3350 -0.584507
3351 -0.336842
3352 -0.6
3353 -0.62753
3354 -0.491279
3355 -0.29932
3356 -0.25
3357 -0.372549
3358 -0.311881
3359 -0.1753
3360 -0.615385
3361 -0.640244
3362 -0.444867
3363 -0.209945
3364 -0.693548
3365 -0.678571
3366 -0.512346
3367 -0.301887
3368 -0.491803
3369 -0.545775
3370 -0.438961
3371 -0.271663
3372 -0.214876
3373 -0.331395
3374 -0.282511
3375 -0.160585
3376 -0.09375
3377 -0.351759
3378 -0.258278
3379 -0.0814815
3380 -0.346154
3381 -0.446154
3382 -0.346154
3383 -0.179487
3384 -0.263889
3385 -0.367601
3386 -0.300469
3387 -0.163881
3388 -0.0652174
3389 -0.198953
3390 -0.172131
3391 -0.0707076
3392 -1.75
3393 -0.844828
3394 -0.518519
3395 -0.221519
3396 -1
3397 -0.831461
3398 -0.587814
3399 -0.328947
3400 -0.594203
3401 -0.633333
3402 -0.491228
3403 -0.292793
3404 -0.21608
3405 -0.364238
3406 -0.306173
3407 -0.167349
3408 -1.25
3409 -0.881579
3410 -0.59375
3411 -0.316667
3412 -1
3413 -0.860465
3414 -0.640625
3415 -0.4
3416 -0.674419
3417 -0.683453
3418 -0.546875
3419 -0.359184
3420 -0.333333
3421 -0.43695
3422 -0.372768
3423 -0.237857
3424 -0.75
3425 -0.712766
3426 -0.513514
3427 -0.282178
3428 -0.769231
3429 -0.734127
3430 -0.567867
3431 -0.361702
3432 -0.563107
3433 -0.601266
3434 -0.492958
3435 -0.328358
3436 -0.289963
3437 -0.392105
3438 -0.340122
3439 -0.219283
3440 -0.25
3441 -0.4375
3442 -0.333333
3443 -0.15625
3444 -0.4375
3445 -0.512111
3446 -0.40796
3447 -0.242718
3448 -0.341667
3449 -0.429379
3450 -0.358974
3451 -0.223368
3452 -0.141447
3453 -0.26253
3454 -0.23221
3455 -0.130981
3456 -0.931035
3457 -0.724638
3458 -0.461538
3459 -0.19382
3460 -0.829787
3461 -0.745098
3462 -0.535032
3463 -0.29717
3464 -0.522013
3465 -0.577778
3466 -0.451444
3467 -0.26626
3468 -0.1875
3469 -0.333333
3470 -0.28125
3471 -0.15
3472 -0.967742
3473 -0.782857
3474 -0.538194
3475 -0.284289
3476 -0.875
3477 -0.785124
3478 -0.589888
3479 -0.365957
3480 -0.608247
3481 -0.631068
3482 -0.507075
3483 -0.330241
3484 -0.3
3485 -0.404255
3486 -0.345528
3487 -0.217105
3488 -0.631579
3489 -0.646226
3490 -0.471125
3491 -0.255605
3492 -0.691358
3493 -0.678571
3494 -0.527638
3495 -0.333333
3496 -0.515284
3497 -0.560345
3498 -0.460385
3499 -0.303754
3500 -0.263514
3501 -0.365385
3502 -0.317164
3503 -0.20122
3504 -0.210938
3505 -0.401606
3506 -0.308108
3507 -0.14053
3508 -0.397959
3509 -0.477987
3510 -0.381818
3511 -0.224199
3512 -0.314394
3513 -0.403101
3514 -0.337255
3515 -0.206951
3516 -0.126506
3517 -0.245614
3518 -0.217241
3519 -0.119318
3520 -0.142857
3521 -0.475
3522 -0.302158
3523 -0.0757576
3524 -0.513514
3525 -0.556522
3526 -0.395415
3527 -0.185897
3528 -0.333333
3529 -0.433333
3530 -0.333333
3531 -0.166667
3532 -0.060241
3533 -0.221622
3534 -0.183299
3535 -0.0637255
3536 -0.526316
3537 -0.575758
3538 -0.39375
3539 -0.171946
3540 -0.630137
3541 -0.620818
3542 -0.461735
3543 -0.260194
3544 -0.444444
3545 -0.5
3546 -0.396552
3547 -0.234694
3548 -0.181818
3549 -0.29927
3550 -0.251866
3551 -0.133132
3552 -0.363636
3553 -0.483051
3554 -0.348066
3555 -0.155738
3556 -0.508287
3557 -0.542208
3558 -0.416092
3559 -0.238434
3560 -0.380952
3561 -0.447368
3562 -0.362205
3563 -0.216981
3564 -0.160991
3565 -0.272124
3566 -0.232358
3567 -0.123944
3568 -0.0416667
3569 -0.277372
3570 -0.207921
3571 -0.0561798
3572 -0.263889
3573 -0.368876
3574 -0.288703
3575 -0.142857
3576 -0.208333
3577 -0.309524
3578 -0.253623
3579 -0.131579
3580 -0.0416667
3581 -0.166329
3582 -0.14377
3583 -0.0513834
3584 -1.5
3585 -0.690265
3586 -0.390909
3587 -0.100917
3588 -0.833333
3589 -0.722222
3590 -0.486111
3591 -0.227273
3592 -0.456522
3593 -0.534413
3594 -0.398876
3595 -0.2
3596 -0.0882353
3597 -0.267516
3598 -0.216981
3599 -0.0786517
3600 -1.07317
3601 -0.769737
3602 -0.490494
3603 -0.213904
3604 -0.888889
3605 -0.772727
3606 -0.554217
3607 -0.310811
3608 -0.571429
3609 -0.600694
3610 -0.466334
3611 -0.276265
3612 -0.231405
3613 -0.353933
3614 -0.293617
3615 -0.157534
3616 -0.578947
3617 -0.612565
3618 -0.421569
3619 -0.190024
3620 -0.666667
3621 -0.653846
3622 -0.489362
3623 -0.280488
3624 -0.471698
3625 -0.525836
3626 -0.419283
3627 -0.25222
3628 -0.2
3629 -0.316583
3630 -0.267442
3631 -0.14511
3632 -0.0810811
3633 -0.33913
3634 -0.246418
3635 -0.0705128
3636 -0.333333
3637 -0.433333
3638 -0.333333
3639 -0.166667
3640 -0.253012
3641 -0.356757
3642 -0.289206
3643 -0.151961
3644 -0.0566038
3645 -0.190909
3646 -0.163701
3647 -0.0614035
3648 -1.5
3649 -0.794118
3650 -0.484127
3651 -0.195652
3652 -0.944444
3653 -0.792271
3654 -0.555556
3655 -0.301587
3656 -0.5625
3657 -0.604317
3658 -0.464646
3659 -0.268482
3660 -0.195652
3661 -0.34384
3662 -0.286325
3663 -0.148211
3664 -1.17857
3665 -0.840909
3666 -0.560811
3667 -0.288462
3668 -0.96063
3669 -0.826613
3670 -0.609756
3671 -0.371429
3672 -0.646465
3673 -0.65625
3674 -0.520362
3675 -0.333333
3676 -0.312268
3677 -0.415816
3678 -0.351456
3679 -0.216301
3680 -0.717391
3681 -0.685185
3682 -0.488235
3683 -0.258621
3684 -0.743902
3685 -0.709343
3686 -0.543478
3687 -0.337662
3688 -0.542373
3689 -0.58011
3690 -0.471311
3691 -0.306189
3692 -0.272727
3693 -0.374713
3694 -0.322064
3695 -0.20029
3696 -0.234375
3697 -0.421875
3698 -0.317708
3699 -0.140625
3700 -0.422886
3701 -0.49697
3702 -0.392157
3703 -0.22619
3704 -0.328467
3705 -0.415842
3706 -0.344569
3707 -0.207831
3708 -0.129683
3709 -0.251046
3710 -0.220033
3711 -0.117568
3712 -0.852941
3713 -0.691824
3714 -0.43662
3715 -0.173594
3716 -0.796296
3717 -0.717949
3718 -0.511111
3719 -0.27572
3720 -0.5
3721 -0.556634
3722 -0.431193
3723 -0.246892
3724 -0.171875
3725 -0.317708
3726 -0.265625
3727 -0.134375
3728 -0.929577
3729 -0.755
3730 -0.513678
3731 -0.262009
3732 -0.849315
3733 -0.76087
3734 -0.566502
3735 -0.343284
3736 -0.588235
3737 -0.610795
3738 -0.486542
3739 -0.309446
3740 -0.283784
3741 -0.38785
3742 -0.328571
3743 -0.199422
3744 -0.611111
3745 -0.626556
3746 -0.451872
3747 -0.236686
3748 -0.673913
3749 -0.660377
3750 -0.50885
3751 -0.313993
3752 -0.5
3753 -0.544304
3754 -0.443396
3755 -0.285714
3756 -0.25
3757 -0.351695
3758 -0.302632
3759 -0.185484
3760 -0.2
3761 -0.390071
3762 -0.295943
3763 -0.127698
3764 -0.387387
3765 -0.466667
3766 -0.369478
3767 -0.210692
3768 -0.304348
3769 -0.392694
3770 -0.325823
3771 -0.194134
3772 -0.117021
3773 -0.236434
3774 -0.207317
3775 -0.10804
3776 -0.125
3777 -0.461538
3778 -0.291139
3779 -0.0666667
3780 -0.5
3781 -0.544061
3782 -0.383838
3783 -0.175141
3784 -0.323529
3785 -0.423529
3786 -0.323529
3787 -0.156863
3788 -0.0531915
3789 -0.214797
3790 -0.176259
3791 -0.0562771
3792 -0.511628
3793 -0.5625
3794 -0.381215
3795 -0.16
3796 -0.618182
3797 -0.608553
3798 -0.44921
3799 -0.247423
3800 -0.434426
3801 -0.489583
3802 -0.385496
3803 -0.222892
3804 -0.173375
3805 -0.290948
3806 -0.242975
3807 -0.123324
3808 -0.354839
3809 -0.473684
3810 -0.338235
3811 -0.145455
3812 -0.5
3813 -0.533141
3814 -0.406122
3815 -0.227488
3816 -0.373239
3817 -0.439252
3818 -0.353147
3819 -0.206704
3820 -0.153846
3821 -0.265226
3822 -0.224771
3823 -0.115144
3824 -0.037037
3825 -0.272727
3826 -0.202643
3827 -0.05
3828 -0.259259
3829 -0.364103
3830 -0.283054
3831 -0.135965
3832 -0.203704
3833 -0.305085
3834 -0.248387
3835 -0.125
3836 -0.037037
3837 -0.162455
3838 -0.139403
3839 -0.0457746
3840 2.19202e-12
3841 -0.522727
3842 -0.270588
3843 1.98952e-13
3844 -0.642857
3845 -0.596154
3846 -0.379518
3847 -0.131579
3848 -0.339623
3849 -0.433099
3850 -0.305623
3851 -0.11236
3852 1.82787e-12
3853 -0.183333
3854 -0.135802
3855 -1.81188e-13
3856 -0.8125
3857 -0.64
3858 -0.384106
3859 -0.118881
3860 -0.758065
3861 -0.666667
3862 -0.457895
3863 -0.220472
3864 -0.475
3865 -0.510638
3866 -0.379913
3867 -0.192504
3868 -0.152174
3869 -0.275862
3870 -0.216418
3871 -0.0810811
3872 -0.448276
3873 -0.513761
3874 -0.332378
3875 -0.10625
3876 -0.573171
3877 -0.567568
3878 -0.406542
3879 -0.2
3880 -0.394191
3881 -0.449198
3882 -0.343195
3883 -0.176563
3884 -0.132075
3885 -0.247788
3886 -0.197952
3887 -0.075
3888 -1.27898e-13
3889 -0.264368
3890 -0.174242
3891 -2.0961e-13
3892 -0.264706
3893 -0.364706
3894 -0.264706
3895 -0.0980392
3896 -0.191489
3897 -0.293556
3898 -0.22482
3899 -0.0865801
3900 -4.1922e-13
3901 -0.13253
3902 -0.103774
3903 -5.41789e-14
3904 -1
3905 -0.653846
3906 -0.375
3907 -0.1
3908 -0.796117
3909 -0.682203
3910 -0.457995
3911 -0.211155
3912 -0.461538
3913 -0.512658
3914 -0.377778
3915 -0.184932
3916 -0.114943
3917 -0.265152
3918 -0.20904
3919 -0.0720721
3920 -1
3921 -0.73
3922 -0.464286
3923 -0.199153
3924 -0.854167
3925 -0.733096
3926 -0.521531
3927 -0.286486
3928 -0.5625
3929 -0.574586
3930 -0.44
3931 -0.253918
3932 -0.240132
3933 -0.343115
3934 -0.278351
3935 -0.142857
3936 -0.615385
3937 -0.598361
3938 -0.40625
3939 -0.179389
3940 -0.664865
3941 -0.631902
3942 -0.466809
3943 -0.261513
3944 -0.473684
3945 -0.509804
3946 -0.4
3947 -0.234104
3948 -0.210375
3949 -0.310204
3950 -0.255924
3951 -0.132732
3952 -0.166667
3953 -0.354167
3954 -0.25
3955 -0.0729167
3956 -0.362832
3957 -0.433962
3958 -0.327519
3959 -0.160363
3960 -0.272727
3961 -0.356828
3962 -0.283333
3963 -0.144772
3964 -0.0769231
3965 -0.195531
3966 -0.162281
3967 -0.0577617
3968 -0.615385
3969 -0.583333
3970 -0.345794
3971 -0.0909091
3972 -0.688525
3973 -0.628788
3974 -0.428571
3975 -0.19708
3976 -0.419512
3977 -0.479885
3978 -0.356415
3979 -0.173502
3980 -0.104167
3981 -0.25
3982 -0.197917
3983 -0.0666667
3984 -0.8125
3985 -0.666667
3986 -0.432432
3987 -0.184466
3988 -0.768293
3989 -0.683871
3990 -0.491228
3991 -0.269103
3992 -0.520161
3993 -0.541772
3994 -0.416974
3995 -0.239478
3996 -0.222892
3997 -0.325
3998 -0.264331
3999 -0.134021
4000 -0.53719
4001 -0.555556
4002 -0.381862
4003 -0.167254
4004 -0.61165
4005 -0.595506
4006 -0.442688
4007 -0.246951
4008 -0.443299
4009 -0.484163
4010 -0.381113
4011 -0.221774
4012 -0.196809
4013 -0.295455
4014 -0.244118
4015 -0.125
4016 -0.148148
4017 -0.333333
4018 -0.237179
4019 -0.0676328
4020 -0.33871
4021 -0.412935
4022 -0.31295
4023 -0.152113
4024 -0.257485
4025 -0.341513
4026 -0.271739
4027 -0.137672
4028 -0.0714286
4029 -0.1875
4030 -0.155738
4031 -0.0540541
4032 -1.98952e-13
4033 -0.382353
4034 -0.220339
4035 -2.00728e-13
4036 -0.425532
4037 -0.476027
4038 -0.318284
4039 -0.111111
4040 -0.263158
4041 -0.363158
4042 -0.263158
4043 -0.0964912
4044 1.74971e-12
4045 -0.160256
4046 -0.120773
4047 1.03029e-13
4048 -0.4375
4049 -0.496
4050 -0.316832
4051 -0.0967742
4052 -0.559783
4053 -0.548673
4054 -0.388664
4055 -0.186441
4056 -0.382353
4057 -0.434579
4058 -0.328767
4059 -0.164865
4060 -0.125
4061 -0.239845
4062 -0.189911
4063 -0.0685921
4064 -0.304348
4065 -0.418919
4066 -0.281938
4067 -0.0882353
4068 -0.453745
4069 -0.481865
4070 -0.352294
4071 -0.171875
4072 -0.329114
4073 -0.390756
4074 -0.301887
4075 -0.153266
4076 -0.111111
4077 -0.219081
4078 -0.176066
4079 -0.0641892
4080 3.17968e-13
4081 -0.22807
4082 -0.154762
4083 3.4639e-13
4084 -0.222222
4085 -0.321016
4086 -0.236577
4087 -0.0869565
4088 -0.166667
4089 -0.263359
4090 -0.203488
4091 -0.0774648
4092 3.66818e-13
4093 -0.121951
4094 -0.0961538
4095 -8.88178e-14
