#CSC Position Offset LUT
#Structure is comparator code (iCC) -> Stub position offset
#iCC bits: 12
#<header> v1.0 12 32 </header>
0 0
1 0
2 0
3 0
4 0
5 0
6 0
7 -2
8 0
9 0
10 -0.5
11 -1
12 0
13 1
14 0.5
15 -1.20082e-12
16 0
17 0
18 0
19 -1
20 0
21 0
22 -1.09091
23 -1.1875
24 0
25 -0.75
26 -0.857143
27 -1
28 -1
29 -0.4
30 -0.470588
31 -0.625
32 0
33 0
34 -0.5
35 -0.5
36 0
37 -0.545455
38 -0.6
39 -0.655172
40 -0.5
41 -0.428571
42 -0.5
43 -0.588235
44 -0.5
45 -0.235294
46 -0.285714
47 -0.384615
48 0
49 4.71623e-13
50 -1.15463e-13
51 -4.11227e-13
52 8.88178e-14
53 -0.0625
54 -0.103448
55 -0.142857
56 -3.5616e-12
57 -1.64491e-12
58 -0.0588235
59 -0.125
60 -5.06262e-13
61 0.125
62 0.0769231
63 2.63789e-13
64 0
65 0
66 0
67 1.05427e-12
68 0
69 0
70 -0.333333
71 -0.235294
72 0
73 -0.263158
74 -0.233333
75 -0.195122
76 -1.07114e-12
77 -5.57776e-13
78 -1.74083e-13
79 2.32703e-12
80 0
81 0
82 -0.444444
83 -0.325
84 0
85 -0.6
86 -0.529412
87 -0.458333
88 -0.454545
89 -0.461538
90 -0.439024
91 -0.410714
92 -0.25
93 -0.25
94 -0.25
95 -0.25
96 0
97 -0.421053
98 -0.333333
99 -0.245283
100 -0.5
101 -0.461538
102 -0.409091
103 -0.354839
104 -0.357143
105 -0.363636
106 -0.346154
107 -0.323944
108 -0.2
109 -0.2
110 -0.2
111 -0.2
112 -3.64153e-13
113 -0.125
114 -0.0666667
115 7.53175e-13
116 -0.2
117 -0.1875
118 -0.148148
119 -0.105263
120 -0.117647
121 -0.125
122 -0.111111
123 -0.0930233
124 6.50147e-13
125 1.08269e-12
126 -1.66356e-12
127 7.66498e-13
128 0
129 0
130 0.166667
131 0.333333
132 0
133 -0.111111
134 0.0217391
135 0.153846
136 2.5035e-10
137 2.0961e-13
138 0.0714286
139 0.157895
140 0.25
141 0.2
142 0.227273
143 0.275862
144 0
145 -0.25
146 -0.0869565
147 0.0588235
148 -0.454545
149 -0.294118
150 -0.175439
151 -0.0625
152 -0.2
153 -0.181818
154 -0.117647
155 -0.0434783
156 0.0344828
157 -5.04485e-13
158 0.0253165
159 0.0673077
160 -0.5
161 -0.2
162 -0.0714286
163 0.0487805
164 -0.357143
165 -0.243902
166 -0.147059
167 -0.0526316
168 -0.166667
169 -0.153846
170 -0.1
171 -0.037037
172 0.0294118
173 4.08562e-14
174 0.0217391
175 0.0578512
176 -6.49258e-13
177 2.08494e-09
178 0.0909091
179 0.1875
180 -0.117647
181 -0.0625
182 0.0126582
183 0.0909091
184 1.81072e-09
185 1.23457e-13
186 0.0434783
187 0.0967742
188 0.153846
189 0.125
190 0.142857
191 0.173913
192 0
193 0.333333
194 0.5
195 0.666667
196 5.61329e-13
197 0.2
198 0.352941
199 0.5
200 0.25
201 0.283019
202 0.378049
203 0.486486
204 0.5
205 0.454545
206 0.5
207 0.571429
208 -1
209 0.0587643
210 0.246154
211 0.40625
212 -0.25
213 2.08494e-09
214 0.15
215 0.285714
216 0.0344828
217 0.0967742
218 0.189474
219 0.289062
220 0.285714
221 0.263158
222 0.309091
223 0.375
224 -0.5
225 0.0487519
226 0.210526
227 0.351351
228 -0.2
229 1.80963e-09
230 0.130435
231 0.25
232 0.0294118
233 0.084507
234 0.166667
235 0.255172
236 0.25
237 0.232558
238 0.274194
239 0.333333
240 -2.49933e-12
241 0.187486
242 0.310345
243 0.428571
244 1.68754e-14
245 0.125
246 0.230769
247 0.333333
248 0.153846
249 0.1875
250 0.256198
251 0.333333
252 0.333333
253 0.3125
254 0.347826
255 0.4
256 0
257 0
258 0
259 1.1342e-12
260 0
261 0
262 -0.395349
263 -0.2
264 0
265 -0.388889
266 -0.296296
267 -0.166667
268 -1.67866e-13
269 -0.108696
270 -0.0769231
271 1.0516e-12
272 0
273 0
274 -0.454545
275 -0.25
276 0
277 -0.685714
278 -0.535714
279 -0.376623
280 -0.5
281 -0.521739
282 -0.441176
283 -0.333333
284 -0.205882
285 -0.280702
286 -0.25
287 -0.184466
288 0
289 -0.5
290 -0.357143
291 -0.2
292 -0.578967
293 -0.545455
294 -0.434783
295 -0.308511
296 -0.4
297 -0.428571
298 -0.365854
299 -0.277778
300 -0.170732
301 -0.235294
302 -0.210526
303 -0.155738
304 -5.04485e-13
305 -0.2
306 -0.117647
307 4.9738e-14
308 -0.250006
309 -0.283019
310 -0.207317
311 -0.108108
312 -0.166667
313 -0.212121
314 -0.166667
315 -0.0952381
316 -2.84217e-14
317 -0.0632911
318 -0.0454545
319 -6.60805e-13
320 0
321 0
322 -0.215686
323 -1.38556e-13
324 0
325 -0.5
326 -0.333333
327 -0.152174
328 -0.296295
329 -0.351852
330 -0.259259
331 -0.12963
332 4.90402e-09
333 -0.117647
334 -0.0833333
335 -5.62217e-13
336 0
337 -0.571426
338 -0.375
339 -0.182796
340 -0.7
341 -0.6
342 -0.45
343 -0.290909
344 -0.441176
345 -0.461538
346 -0.375
347 -0.259843
348 -0.166667
349 -0.25
350 -0.214286
351 -0.138889
352 -0.454545
353 -0.454544
354 -0.311688
355 -0.154545
356 -0.538462
357 -0.5
358 -0.382979
359 -0.25
360 -0.365853
361 -0.394737
362 -0.324324
363 -0.226027
364 -0.142857
365 -0.217391
366 -0.1875
367 -0.121951
368 1.77458e-12
369 -0.207547
370 -0.122222
371 3.10862e-14
372 -0.25
373 -0.285714
374 -0.203704
375 -0.0958904
376 -0.166667
377 -0.218391
378 -0.166667
379 -0.0848485
380 1.06596e-09
381 -0.0769231
382 -0.0555556
383 -9.50351e-14
384 0
385 -0.166667
386 1.41752e-09
387 0.192308
388 -0.315789
389 -0.277777
390 -0.123596
391 0.0483871
392 -0.111111
393 -0.166667
394 -0.0740741
395 0.0555556
396 0.150943
397 0.0333333
398 0.0708661
399 0.158537
400 -0.5
401 -0.347826
402 -0.166667
403 0.0163934
404 -0.5
405 -0.4
406 -0.25
407 -0.0909091
408 -0.272727
409 -0.285714
410 -0.193548
411 -0.0731707
412 -0.016129
413 -0.0970874
414 -0.0555556
415 0.027027
416 -0.285714
417 -0.285714
418 -0.142857
419 0.0142857
420 -0.393939
421 -0.342105
422 -0.21849
423 -0.0802469
424 -0.230769
425 -0.25
426 -0.171429
427 -0.0652174
428 -0.0140845
429 -0.086209
430 -0.0496894
431 0.0242718
432 0.1
433 -0.0909091
434 1.06549e-09
435 0.126582
436 -0.15
437 -0.172414
438 -0.082091
439 0.0331492
440 -0.0666667
441 -0.111111
442 -0.0512821
443 0.0392157
444 0.1
445 0.0232546
446 0.0505618
447 0.114537
448 2
449 0.152174
450 0.280899
451 0.454542
452 -1.66978e-13
453 3.55271e-15
454 0.142857
455 0.307692
456 0.133333
457 0.0777778
458 0.170369
459 0.3
460 0.363636
461 0.25
462 0.291139
463 0.382353
464 -0.1
465 -0.0701754
466 0.0961541
467 0.271521
468 -0.25
469 -0.15
470 1.06596e-09
471 0.159091
472 -0.0555556
473 -0.0582524
474 0.0394729
475 0.164179
476 0.184159
477 0.111111
478 0.159091
479 0.247788
480 -0.0588235
481 -0.0588235
482 0.0840338
483 0.241175
484 -0.2
485 -0.130508
486 -4.35574e-10
487 0.142857
488 -0.047619
489 -0.0517241
490 0.0355025
491 0.148649
492 0.162759
493 0.1
494 0.14433
495 0.225806
496 0.25
497 0.0886076
498 0.186567
499 0.317459
500 -7.07878e-13
501 -4.25647e-05
502 0.1
503 0.222222
504 0.0833333
505 0.0542636
506 0.123609
507 0.222222
508 0.24998
509 0.181818
510 0.216981
511 0.288889
512 0
513 0
514 6.43273e-10
515 0.25
516 0
517 -0.352941
518 -0.142857
519 0.0769231
520 -0.166667
521 -0.2
522 -0.0769231
523 0.0869565
524 0.166667
525 0.0449438
526 0.0967742
527 0.207547
528 0
529 -0.454545
530 -0.2
531 0.0344828
532 -0.666667
533 -0.484375
534 -0.287129
535 -0.0869565
536 -0.347826
537 -0.333333
538 -0.213115
539 -0.0625
540 -0.0307688
541 -0.105769
542 -0.048951
543 0.0549451
544 -0.5
545 -0.357201
546 -0.166667
547 0.0294118
548 -0.5
549 -0.402597
550 -0.245763
551 -0.0754717
552 -0.285714
553 -0.285714
554 -0.185714
555 -0.0549451
556 -0.0263156
557 -0.0924395
558 -0.0432099
559 0.0487805
560 1.47793e-12
561 -0.117671
562 -1.55502e-09
563 0.153846
564 -0.2
565 -0.2
566 -0.0888908
567 0.05
568 -0.0909091
569 -0.125
570 -0.0506329
571 0.0588235
572 0.103448
573 0.0298494
574 0.0662983
575 0.144737
576 0
577 -0.27907
578 -0.047605
579 0.184
580 -0.5
581 -0.36364
582 -0.166667
583 0.04
584 -0.195652
585 -0.224718
586 -0.106064
587 0.0514286
588 0.117647
589 3.2554e-09
590 0.0512821
591 0.16
592 -0.909091
593 -0.446429
594 -0.207913
595 0.0136986
596 -0.647059
597 -0.475002
598 -0.285714
599 -0.0930233
600 -0.350877
601 -0.336538
602 -0.218545
603 -0.0707071
604 -0.05
605 -0.125
606 -0.0681818
607 0.0357143
608 -0.5
609 -0.362319
610 -0.177962
611 0.0119733
612 -0.5
613 -0.404256
614 -0.25
615 -0.0824742
616 -0.294118
617 -0.294117
618 -0.194119
619 -0.0633484
620 -0.0434783
621 -0.111111
622 -0.0612245
623 0.0322581
624 -0.0344828
625 -0.146341
626 -0.0296274
627 0.122339
628 -0.222222
629 -0.222223
630 -0.111111
631 0.0277778
632 -0.113924
633 -0.149254
634 -0.0740747
635 0.0368852
636 0.0769231
637 3.99344e-09
638 0.037037
639 0.117647
640 0.5
641 -0.111111
642 0.0769276
643 0.285714
644 -0.3
645 -0.222222
646 -0.0454521
647 0.147539
648 -0.0714286
649 -0.111111
650 1.06596e-09
651 0.150943
652 0.207317
653 0.0888898
654 0.138297
655 0.244813
656 -0.571429
657 -0.294118
658 -0.0819647
659 0.125
660 -0.487805
661 -0.34375
662 -0.165561
663 0.0194163
664 -0.235294
665 -0.225806
666 -0.111111
667 0.0338983
668 0.0421053
669 -0.0328941
670 0.0239228
671 0.12782
672 -0.333333
673 -0.243902
674 -0.0714272
675 0.111111
676 -0.384615
677 -0.297297
678 -0.147058
679 0.0174665
680 -0.2
681 -0.2
682 -0.1
683 0.0307692
684 0.037037
685 -0.0295854
686 0.0216765
687 0.116838
688 0.0588235
689 -0.0625
690 0.0506338
691 0.2
692 -0.142857
693 -0.142857
694 -0.0317454
695 0.107142
696 -0.0434783
697 -0.0769231
698 -2.1697e-10
699 0.112676
700 0.140496
701 0.0645164
702 0.103541
703 0.186709
704 1.5
705 0.153846
706 0.290276
707 0.475416
708 -3.16192e-13
709 -1.19016e-13
710 0.153847
711 0.333333
712 0.136364
713 0.0787402
714 0.180852
715 0.325235
716 0.375
717 0.253165
718 0.3
719 0.404255
720 -0.117647
721 -0.0625
722 0.118853
723 0.310684
724 -0.25
725 -0.142857
726 0.0227275
727 0.2
728 -0.0506329
729 -0.0486111
730 0.0622013
731 0.204329
732 0.2
733 0.125
734 0.181818
735 0.285714
736 -0.0714286
737 -0.0526316
738 0.104921
739 0.279479
740 -0.2
741 -0.125
742 0.0204083
743 0.181818
744 -0.0434783
745 -0.0434783
746 0.056522
747 0.187253
748 0.177419
749 0.113402
750 0.166667
751 0.263473
752 0.230769
753 0.0909091
754 0.198884
755 0.34524
756 -9.58345e-13
757 1.11022e-13
758 0.111111
759 0.25
760 0.0857143
761 0.0561798
762 0.135458
763 0.249972
764 0.26087
765 0.188679
766 0.230769
767 0.316667
768 0
769 -2.66454e-15
770 0.250002
771 0.5
772 -0.333333
773 -0.131579
774 0.0960012
775 0.327584
776 -1.18128e-12
777 -4.37381e-07
778 0.142857
779 0.323529
780 0.333333
781 0.227273
782 0.295081
783 0.423077
784 -1
785 -0.25
786 0.0344839
787 0.285714
788 -0.55
789 -0.290323
790 -0.0616431
791 0.160803
792 -0.205882
793 -0.147541
794 5.24674e-09
795 0.173913
796 0.125
797 0.0728479
798 0.150485
799 0.275862
800 -0.5
801 -0.2
802 0.0294124
803 0.25
804 -0.415094
805 -0.245455
806 -0.0538918
807 0.142856
808 -0.170732
809 -0.128572
810 2.91653e-09
811 0.15625
812 0.108108
813 0.064706
814 0.135321
815 0.25
816 4.3876e-13
817 1.98952e-13
818 0.153847
819 0.333333
820 -0.136364
821 -0.0787402
822 0.06383
823 0.228856
824 -1.5099e-14
825 -8.12578e-08
826 0.1
827 0.234043
828 0.214286
829 0.15873
830 0.214251
831 0.314286
832 -1
833 -0.1
834 0.153829
835 0.396563
836 -0.411765
837 -0.195652
838 0.0266677
839 0.25
840 -0.0769231
841 -0.0645161
842 0.0765039
843 0.252066
844 0.25
845 0.153847
846 0.222222
847 0.347826
848 -1
849 -0.298701
850 -0.0217484
851 0.221113
852 -0.583333
853 -0.327273
854 -0.104651
855 0.111111
856 -0.25
857 -0.188811
858 -0.0436885
859 0.12633
860 0.0714286
861 0.0227275
862 0.1
863 0.223684
864 -0.551724
865 -0.244681
866 -0.0188732
867 0.196434
868 -0.451613
869 -0.28125
870 -0.0927831
871 0.1
872 -0.210526
873 -0.166667
874 -0.0393008
875 0.114818
876 0.0625
877 0.0204083
878 0.0909091
879 0.204819
880 -0.0714286
881 -0.0540541
882 0.099997
883 0.277112
884 -0.184211
885 -0.123288
886 0.0185188
887 0.181818
888 -0.0454545
889 -0.0442636
890 0.0555559
891 0.188821
892 0.166667
893 0.111111
894 0.166667
895 0.266667
896 -6.08402e-13
897 6.89226e-13
898 0.217391
899 0.441178
900 -0.268293
901 -0.111111
902 0.0914252
903 0.301656
904 -9.24594e-13
905 -4.40536e-13
906 0.132076
907 0.3
908 0.297297
909 0.199989
910 0.265061
911 0.38675
912 -0.7
913 -0.2
914 0.05
915 0.278262
916 -0.464286
917 -0.244094
918 -0.0353557
919 0.171006
920 -0.173913
921 -0.121951
922 0.0169494
923 0.181818
924 0.125
925 0.0746196
926 0.149636
927 0.27086
928 -0.411765
929 -0.166667
930 0.043956
931 0.250001
932 -0.366197
933 -0.212329
934 -0.0316756
935 0.155407
936 -0.148148
937 -0.108696
938 0.0153848
939 0.166667
940 0.110345
941 0.0675626
942 0.137124
943 0.249975
944 -2.71783e-12
945 -3.01981e-14
946 0.147059
947 0.319149
948 -0.127907
949 -0.0727273
950 0.0655729
951 0.226007
952 4.84945e-13
953 1.7053e-13
954 0.0985917
955 0.230769
956 0.203704
957 0.148145
958 0.203704
959 0.303685
960 1
961 0.214286
962 0.377358
963 0.576925
964 1.91847e-12
965 0.0645161
966 0.24
967 0.434783
968 0.172414
969 0.146341
970 0.265559
971 0.424529
972 0.428571
973 0.323529
974 0.382979
975 0.5
976 -0.25
977 -0.00970874
978 0.203297
979 0.413794
980 -0.25
981 -0.0833333
982 0.107143
983 0.302632
984 -0.0192308
985 0.0162162
986 0.146616
987 0.305476
988 0.25
989 0.19469
990 0.266234
991 0.384615
992 -0.153846
993 -0.00819672
994 0.180488
995 0.375001
996 -0.2
997 -0.0731707
998 0.0967742
999 0.277109
1000 -0.0165289
1001 0.0145631
1002 0.13402
1003 0.281916
1004 0.222222
1005 0.177419
1006 0.245509
1007 0.357143
1008 0.166667
1009 0.12766
1010 0.263158
1011 0.428572
1012 -3.5616e-13
1013 0.0434783
1014 0.176471
1015 0.333333
1016 0.108696
1017 0.105727
1018 0.202531
1019 0.333334
1020 0.3
1021 0.244444
1022 0.3
1023 0.4
1024 0
1025 0
1026 0
1027 -3.09086e-13
1028 0
1029 0
1030 -0.441176
1031 -0.191489
1032 0
1033 -0.457627
1034 -0.337209
1035 -0.159292
1036 5.10866e-09
1037 -0.157895
1038 -0.115385
1039 -2.55795e-13
1040 0
1041 0
1042 -0.477612
1043 -0.21875
1044 0
1045 -0.75
1046 -0.55814
1047 -0.344828
1048 -0.534884
1049 -0.567568
1050 -0.457143
1051 -0.301471
1052 -0.2
1053 -0.304348
1054 -0.258065
1055 -0.153846
1056 0
1057 -0.54902
1058 -0.380952
1059 -0.179487
1060 -0.611153
1061 -0.6
1062 -0.461538
1063 -0.289855
1064 -0.425919
1065 -0.47191
1066 -0.387097
1067 -0.257862
1068 -0.166667
1069 -0.259259
1070 -0.222222
1071 -0.133333
1072 1.54543e-13
1073 -0.234366
1074 -0.148515
1075 -6.10179e-13
1076 -0.260883
1077 -0.333333
1078 -0.245902
1079 -0.1125
1080 -0.184613
1081 -0.259615
1082 -0.202797
1083 -0.0989011
1084 -3.4068e-09
1085 -0.0967742
1086 -0.0731707
1087 1.03029e-13
1088 0
1089 0
1090 -0.25
1091 -1.81188e-13
1092 0
1093 -0.559322
1094 -0.37234
1095 -0.155039
1096 -0.318171
1097 -0.4
1098 -0.293103
1099 -0.131579
1100 2.84217e-14
1101 -0.148515
1102 -0.108696
1103 -6.16396e-13
1104 0
1105 -0.61535
1106 -0.4
1107 -0.171875
1108 -0.714286
1109 -0.648629
1110 -0.477876
1111 -0.282895
1112 -0.464281
1113 -0.5
1114 -0.397059
1115 -0.25
1116 -0.168809
1117 -0.271186
1118 -0.226415
1119 -0.125
1120 -0.416667
1121 -0.484835
1122 -0.333333
1123 -0.146667
1124 -0.543478
1125 -0.539317
1126 -0.409091
1127 -0.245714
1128 -0.382351
1129 -0.428571
1130 -0.346154
1131 -0.22
1132 -0.144433
1133 -0.237037
1134 -0.2
1135 -0.111111
1136 8.88178e-14
1137 -0.224994
1138 -0.142857
1139 4.88498e-14
1140 -0.245614
1141 -0.317304
1142 -0.231791
1143 -0.10101
1144 -0.174999
1145 -0.25
1146 -0.193182
1147 -0.0892857
1148 6.13125e-06
1149 -0.0986864
1150 -0.0746269
1151 -8.88178e-14
1152 0
1153 -0.176471
1154 -0.0318678
1155 0.175182
1156 -0.25
1157 -0.315782
1158 -0.166667
1159 0.0243902
1160 -0.107143
1161 -0.207913
1162 -0.116438
1163 0.0314136
1164 0.150013
1165 -3.4068e-09
1166 0.0348837
1167 0.137615
1168 -0.263158
1169 -0.363636
1170 -0.194663
1171 0.00625
1172 -0.454545
1173 -0.434779
1174 -0.285714
1175 -0.106383
1176 -0.275362
1177 -0.322029
1178 -0.227547
1179 -0.087963
1180 -0.0212697
1181 -0.125
1182 -0.0824742
1183 0.0163934
1184 -0.166667
1185 -0.296296
1186 -0.166652
1187 0.00546168
1188 -0.357143
1189 -0.370369
1190 -0.25
1191 -0.0943396
1192 -0.231707
1193 -0.281479
1194 -0.202129
1195 -0.0788382
1196 -0.0185146
1197 -0.111111
1198 -0.0740741
1199 0.0148148
1200 0.146341
1201 -0.09375
1202 -0.0198597
1203 0.116503
1204 -0.117647
1205 -0.193547
1206 -0.111111
1207 0.0169492
1208 -0.0631579
1209 -0.138156
1210 -0.0813406
1211 0.0225564
1212 0.098363
1213 2.88567e-09
1214 0.0252101
1215 0.101351
1216 1.5
1217 0.1875
1218 0.258627
1219 0.428571
1220 0.15
1221 -0.0107527
1222 0.102745
1223 0.271355
1224 0.176471
1225 0.0491813
1226 0.125
1227 0.26087
1228 0.375
1229 0.218545
1230 0.247572
1231 0.344828
1232 0.25
1233 -0.05
1234 0.0735294
1235 0.25
1236 -0.132075
1237 -0.163636
1238 -0.0359249
1239 0.129463
1240 -0.0243902
1241 -0.0857137
1242 1.32204e-09
1243 0.132812
1244 0.189114
1245 0.0823545
1246 0.12227
1247 0.21875
1248 0.166667
1249 -0.0416667
1250 0.0641026
1251 0.222222
1252 -0.106061
1253 -0.141732
1254 -0.0319128
1255 0.116465
1256 -0.0208333
1257 -0.075949
1258 -7.91891e-11
1259 0.120567
1260 0.166621
1261 0.0740751
1262 0.111051
1263 0.2
1264 0.375
1265 0.107143
1266 0.170456
1267 0.3
1268 0.0759494
1269 -0.00694444
1270 0.0717716
1271 0.19708
1272 0.109091
1273 0.0340911
1274 0.0909091
1275 0.194805
1276 0.255291
1277 0.158655
1278 0.185411
1279 0.263158
1280 0
1281 0
1282 -0.277108
1283 1.08358e-13
1284 0
1285 -0.617647
1286 -0.4
1287 -0.157895
1288 -0.353011
1289 -0.43617
1290 -0.313869
1291 -0.133333
1292 6.75016e-14
1293 -0.166667
1294 -0.121951
1295 1.91847e-13
1296 0
1297 -0.677966
1298 -0.423077
1299 -0.167785
1300 -0.8
1301 -0.697674
1302 -0.5
1303 -0.280899
1304 -0.500026
1305 -0.530938
1306 -0.4125
1307 -0.246377
1308 -0.173913
1309 -0.285714
1310 -0.234043
1311 -0.118644
1312 -0.481481
1313 -0.526316
1314 -0.351934
1315 -0.143678
1316 -0.592593
1317 -0.576923
1318 -0.428571
1319 -0.245098
1320 -0.407418
1321 -0.454527
1322 -0.360658
1323 -0.217949
1324 -0.148147
1325 -0.25
1326 -0.207547
1327 -0.106061
1328 1.66978e-13
1329 -0.247312
1330 -0.157502
1331 -2.73572e-06
1332 -0.264706
1333 -0.344262
1334 -0.25
1335 -0.104348
1336 -0.187505
1337 -0.271513
1338 -0.208739
1339 -0.091954
1340 5.37069e-07
1341 -0.111111
1342 -0.0847458
1343 7.90479e-14
1344 0
1345 -0.464286
1346 -0.245283
1347 -1.67983e-09
1348 -0.571429
1349 -0.546505
1350 -0.357599
1351 -0.138298
1352 -0.3125
1353 -0.396552
1354 -0.285714
1355 -0.118182
1356 2.64989e-05
1357 -0.157502
1358 -0.11558
1359 -2.77112e-13
1360 -0.7
1361 -0.594595
1362 -0.375
1363 -0.142857
1364 -0.7
1365 -0.628568
1366 -0.44996
1367 -0.246514
1368 -0.45
1369 -0.48529
1370 -0.375
1371 -0.217742
1372 -0.154531
1373 -0.263451
1374 -0.214287
1375 -0.103203
1376 -0.411765
1377 -0.478261
1378 -0.32
1379 -0.125
1380 -0.538462
1381 -0.532257
1382 -0.393419
1383 -0.21901
1384 -0.375
1385 -0.423075
1386 -0.333333
1387 -0.195652
1388 -0.13385
1389 -0.234029
1390 -0.192772
1391 -0.0935484
1392 5.27578e-13
1393 -0.236364
1394 -0.151163
1395 5.10444e-10
1396 -0.25
1397 -0.328671
1398 -0.237851
1399 -0.0966554
1400 -0.178571
1401 -0.261363
1402 -0.2
1403 -0.0855263
1404 4.53323e-06
1405 -0.11004
1406 -0.0839423
1407 6.83897e-14
1408 0.727273
1409 -0.214286
1410 -0.0697674
1411 0.138363
1412 -0.272727
1413 -0.346154
1414 -0.195122
1415 3.43319e-09
1416 -0.12987
1417 -0.239125
1418 -0.145709
1419 0.007691
1420 0.127273
1421 -0.034878
1422 -5.25199e-10
1423 0.108108
1424 -0.269231
1425 -0.382022
1426 -0.210494
1427 -0.00460662
1428 -0.466667
1429 -0.451613
1430 -0.297861
1431 -0.111111
1432 -0.287234
1433 -0.339619
1434 -0.241058
1435 -0.0934265
1436 -0.03125
1437 -0.144326
1438 -0.1
1439 0.00613497
1440 -0.170732
1441 -0.314815
1442 -0.182839
1443 -0.00410287
1444 -0.368421
1445 -0.388889
1446 -0.264144
1447 -0.1
1448 -0.243243
1449 -0.299998
1450 -0.216859
1451 -0.0849063
1452 -0.0273973
1453 -0.129627
1454 -0.0909091
1455 0.00561798
1456 0.142857
1457 -0.11811
1458 -0.0454436
1459 0.0966731
1460 -0.130435
1461 -0.219512
1462 -0.135589
1463 1.54361e-09
1464 -0.078125
1465 -0.164178
1466 -0.105834
1467 0.00576325
1468 0.0852999
1469 -0.0252085
1470 9.22541e-10
1471 0.0829016
1472 1.5
1473 0.119048
1474 0.184208
1475 0.354545
1476 0.113208
1477 -0.0737705
1478 0.0366572
1479 0.207708
1480 0.133333
1481 -0.0125
1482 0.0608729
1483 0.2
1484 0.330709
1485 0.156569
1486 0.182163
1487 0.282352
1488 0.25
1489 -0.0961538
1490 0.0227257
1491 0.201638
1492 -0.157143
1493 -0.20979
1494 -0.0833283
1495 0.0865169
1496 -0.0555556
1497 -0.131868
1498 -0.0468726
1499 0.0909091
1500 0.157534
1501 0.0362014
1502 0.0743293
1503 0.175147
1504 0.166667
1505 -0.0806452
1506 0.019999
1507 0.181176
1508 -0.126437
1509 -0.182927
1510 -0.0746856
1511 0.0786246
1512 -0.047619
1513 -0.117647
1514 -0.0425515
1515 0.0833333
1516 0.139394
1517 0.0327884
1518 0.0681151
1519 0.161649
1520 0.375
1521 0.0694444
1522 0.124999
1523 0.25659
1524 0.0576923
1525 -0.0486486
1526 0.0263179
1527 0.155625
1528 0.0833333
1529 -0.00889742
1530 0.0454556
1531 0.153846
1532 0.228261
1533 0.116106
1534 0.140003
1535 0.221677
1536 0
1537 -0.338983
1538 -0.103448
1539 0.156069
1540 -0.5
1541 -0.446809
1542 -0.236842
1543 1.37111e-09
1544 -0.214286
1545 -0.294552
1546 -0.170181
1547 0.0121441
1548 0.115385
1549 -0.0487805
1550 4.54307e-09
1551 0.126761
1552 -0.736842
1553 -0.5125
1554 -0.262411
1555 -0.00983383
1556 -0.666667
1557 -0.551724
1558 -0.348315
1559 -0.125
1560 -0.382022
1561 -0.401304
1562 -0.274397
1563 -0.100721
1564 -0.0645765
1565 -0.170203
1566 -0.111111
1567 0.0126582
1568 -0.388889
1569 -0.405941
1570 -0.222862
1571 -0.00861574
1572 -0.5
1573 -0.463768
1574 -0.303907
1575 -0.111111
1576 -0.314815
1577 -0.348565
1578 -0.243788
1579 -0.0906157
1580 -0.0555883
1581 -0.150938
1582 -0.1
1583 0.0114943
1584 0.0566038
1585 -0.163934
1586 -0.0628102
1587 0.103872
1588 -0.2
1589 -0.2625
1590 -0.156514
1591 5.16695e-09
1592 -0.11811
1593 -0.191915
1594 -0.118951
1595 0.008823
1596 0.0731525
1597 -0.033895
1598 2.44107e-09
1599 0.0947368
1600 0.25
1601 -0.324324
1602 -0.114261
1603 0.126214
1604 -0.456522
1605 -0.424779
1606 -0.233333
1607 -0.0121054
1608 -0.214286
1609 -0.289477
1610 -0.172727
1611 3.94663e-09
1612 0.0901639
1613 -0.0628102
1614 -0.0153662
1615 0.106382
1616 -0.615385
1617 -0.479167
1618 -0.252999
1619 -0.0169492
1620 -0.615385
1621 -0.522059
1622 -0.333333
1623 -0.122273
1624 -0.365385
1625 -0.386366
1626 -0.266112
1627 -0.1
1628 -0.0699301
1629 -0.171286
1630 -0.114173
1631 0.0055243
1632 -0.363636
1633 -0.38983
1634 -0.218743
1635 -0.0150376
1636 -0.47619
1637 -0.446541
1638 -0.294872
1639 -0.110013
1640 -0.306452
1641 -0.340001
1642 -0.239119
1643 -0.0909091
1644 -0.0609756
1645 -0.15352
1646 -0.103764
1647 0.00506289
1648 0.0322581
1649 -0.171429
1650 -0.0733904
1651 0.0878758
1652 -0.203883
1653 -0.263736
1654 -0.16092
1655 -0.00881051
1656 -0.125
1657 -0.196429
1658 -0.124993
1659 1.98503e-09
1660 0.0594595
1661 -0.0451082
1662 -0.011521
1663 0.081728
1664 0.785714
1665 -0.134831
1666 0.0121951
1667 0.221757
1668 -0.214286
1669 -0.272727
1670 -0.11538
1671 0.084507
1672 -0.0714286
1673 -0.171429
1674 -0.0714284
1675 0.0881624
1676 0.185714
1677 0.0275235
1678 0.067582
1679 0.181818
1680 -0.242424
1681 -0.3125
1682 -0.13089
1683 0.0814815
1684 -0.421053
1685 -0.384615
1686 -0.220336
1687 -0.0252839
1688 -0.235294
1689 -0.275
1690 -0.16726
1691 -0.0110372
1692 0.0246914
1693 -0.0819668
1694 -0.030664
1695 0.0833333
1696 -0.153846
1697 -0.259259
1698 -0.114747
1699 0.0730897
1700 -0.333333
1701 -0.333333
1702 -0.196968
1703 -0.0229659
1704 -0.2
1705 -0.244444
1706 -0.151613
1707 -0.0101174
1708 0.0217391
1709 -0.0740738
1710 -0.0280822
1711 0.0769231
1712 0.15493
1713 -0.0759494
1714 0.00812311
1715 0.159645
1716 -0.103448
1717 -0.176471
1718 -0.0821905
1719 0.0631729
1720 -0.0434783
1721 -0.12
1722 -0.0530973
1723 0.0677635
1724 0.126214
1725 0.0202704
1726 0.0518187
1727 0.142857
1728 1.5
1729 0.153846
1730 0.223404
1731 0.39709
1732 0.136364
1733 -0.0397351
1734 0.0762712
1735 0.25234
1736 0.160714
1737 0.020202
1738 0.0985929
1739 0.243258
1740 0.360759
1741 0.187755
1742 0.216868
1743 0.322203
1744 0.25
1745 -0.0625
1746 0.0648148
1747 0.25002
1748 -0.137931
1749 -0.176136
1750 -0.0415094
1751 0.135596
1752 -0.0298507
1753 -0.0982143
1754 -0.00636851
1755 0.138625
1756 0.187845
1757 0.0698529
1758 0.112948
1759 0.22027
1760 0.166667
1761 -0.0526316
1762 0.057377
1763 0.226204
1764 -0.111111
1765 -0.154229
1766 -0.0374641
1767 0.124033
1768 -0.025641
1769 -0.088
1770 -0.00581332
1771 0.127862
1772 0.166667
1773 0.0635452
1774 0.104061
1775 0.204503
1776 0.375
1777 0.0909091
1778 0.154412
1779 0.293488
1780 0.0697674
1781 -0.0265487
1782 0.0556953
1783 0.192858
1784 0.101124
1785 0.0144928
1786 0.0748667
1787 0.190684
1788 0.251101
1789 0.141104
1790 0.169412
1791 0.257637
1792 3
1793 -0.0789474
1794 0.120805
1795 0.364865
1796 -0.26087
1797 -0.233333
1798 -0.0309269
1799 0.201493
1800 -0.0337079
1801 -0.109756
1802 0.0167449
1803 0.200652
1804 0.272727
1805 0.115385
1806 0.169024
1807 0.3
1808 -0.5
1809 -0.306931
1810 -0.0617978
1811 0.188235
1812 -0.5
1813 -0.369863
1814 -0.160714
1815 0.0662516
1816 -0.232143
1817 -0.235602
1818 -0.0999947
1819 0.0802404
1820 0.0769231
1821 -0.0169492
1822 0.0506406
1823 0.181818
1824 -0.266667
1825 -0.246032
1826 -0.0531401
1827 0.166667
1828 -0.377778
1829 -0.313953
1830 -0.141732
1831 0.0595415
1832 -0.192593
1833 -0.206422
1834 -0.0896976
1835 0.0729246
1836 0.0666667
1837 -0.0151515
1838 0.0459823
1839 0.166667
1840 0.136364
1841 -0.0397351
1842 0.0762712
1843 0.25234
1844 -0.107143
1845 -0.141414
1846 -0.0211266
1847 0.145957
1848 -0.0189873
1849 -0.0734694
1850 0.0120505
1851 0.150363
1852 0.176471
1853 0.0821918
1854 0.126319
1855 0.230769
1856 0.6
1857 -0.130435
1858 0.0689655
1859 0.304688
1860 -0.298246
1861 -0.257143
1862 -0.0628409
1863 0.160131
1864 -0.0769231
1865 -0.138298
1866 -0.014701
1867 0.162945
1868 0.218543
1869 0.0762712
1870 0.130842
1871 0.258631
1872 -0.5
1873 -0.322034
1874 -0.0882353
1875 0.151755
1876 -0.5
1877 -0.377246
1878 -0.177203
1879 0.0410623
1880 -0.25
1881 -0.25
1882 -0.118418
1883 0.0561403
1884 0.0454545
1885 -0.0415094
1886 0.0254244
1887 0.153507
1888 -0.296296
1889 -0.263889
1890 -0.0769231
1891 0.135823
1892 -0.38835
1893 -0.324742
1894 -0.157918
1895 0.0372385
1896 -0.210526
1897 -0.221311
1898 -0.107141
1899 0.0514147
1900 0.039801
1901 -0.0374641
1902 0.0232562
1903 0.141672
1904 0.0789474
1905 -0.0705882
1906 0.0454545
1907 0.217891
1908 -0.134921
1909 -0.162896
1910 -0.0443185
1911 0.119224
1912 -0.0454545
1913 -0.0955882
1914 -0.0108681
1915 0.125009
1916 0.146018
1917 0.0556953
1918 0.1
1919 0.203099
1920 0.882353
1921 -2.09788e-12
1922 0.150754
1923 0.36208
1924 -0.117647
1925 -0.15
1926 0.015873
1927 0.220946
1928 0.0252101
1929 -0.0566038
1930 0.0524545
1931 0.218598
1932 0.282353
1933 0.136364
1934 0.184363
1935 0.305324
1936 -0.2
1937 -0.2
1938 -0.00434783
1939 0.215392
1940 -0.347826
1941 -0.276596
1942 -0.0985916
1943 0.105274
1944 -0.152778
1945 -0.170124
1946 -0.050299
1947 0.114946
1948 0.112245
1949 0.0204082
1950 0.0816365
1951 0.204093
1952 -0.126984
1953 -0.166667
1954 -0.00383142
1955 0.194449
1956 -0.275862
1957 -0.240741
1958 -0.0886076
1959 0.0961614
1960 -0.130178
1961 -0.151852
1962 -0.0458242
1963 0.105935
1964 0.0990991
1965 0.0185185
1966 0.0751201
1967 0.189403
1968 0.174419
1969 1.76748e-13
1970 0.10274
1971 0.265826
1972 -0.0571429
1973 -0.0983607
1974 0.0114943
1975 0.168147
1976 0.0154639
1977 -0.0401338
1978 0.0396025
1979 0.170925
1980 0.193548
1981 0.101695
1982 0.14348
1983 0.243823
1984 1.5
1985 0.241935
1986 0.321429
1987 0.499974
1988 0.189873
1989 0.0444444
1990 0.170819
1991 0.353404
1992 0.223881
1993 0.101695
1994 0.189349
1995 0.340915
1996 0.428571
1997 0.267123
1998 0.303797
1999 0.415665
2000 0.25
2001 0.0131579
2002 0.15625
2003 0.349982
2004 -0.0961538
2005 -0.100478
2006 0.0477707
2007 0.233891
2008 0.025
2009 -0.0225564
2010 0.0806452
2011 0.234314
2012 0.25
2013 0.145511
2014 0.197674
2015 0.312851
2016 0.166667
2017 0.0111111
2018 0.138889
2019 0.318169
2020 -0.0775194
2021 -0.0882353
2022 0.0432277
2023 0.214913
2024 0.0215054
2025 -0.0202703
2026 0.0738916
2027 0.217057
2028 0.222222
2029 0.132768
2030 0.182796
2031 0.291668
2032 0.375
2033 0.144231
2034 0.225
2035 0.374991
2036 0.0974026
2037 0.0299625
2038 0.126316
2039 0.273834
2040 0.141509
2041 0.0736196
2042 0.145455
2043 0.270761
2044 0.3
2045 0.202597
2046 0.24
2047 0.336587
2048 0
2049 0
2050 -0.1
2051 0.2
2052 0
2053 -0.493926
2054 -0.246183
2055 0.0216216
2056 -0.25
2057 -0.310345
2058 -0.166667
2059 0.0363636
2060 0.125063
2061 -0.033519
2062 0.0247501
2063 0.164706
2064 0
2065 -0.583333
2066 -0.285714
2067 -1.67983e-09
2068 -0.764706
2069 -0.603754
2070 -0.372622
2071 -0.125002
2072 -0.428571
2073 -0.428571
2074 -0.285714
2075 -0.0952381
2076 -0.076893
2077 -0.17239
2078 -0.103898
2079 0.03125
2080 -0.5
2081 -0.446809
2082 -0.236842
2083 -3.05935e-09
2084 -0.557143
2085 -0.496116
2086 -0.319122
2087 -0.109313
2088 -0.346154
2089 -0.365849
2090 -0.25
2091 -0.084507
2092 -0.0652019
2093 -0.150739
2094 -0.0923087
2095 0.0280374
2096 -1.88294e-13
2097 -0.172414
2098 -0.0561798
2099 0.125
2100 -0.224719
2101 -0.269733
2102 -0.153474
2103 0.0143875
2104 -0.129032
2105 -0.191487
2106 -0.111111
2107 0.0253165
2108 0.0754801
2109 -0.0223131
2110 0.0173004
2111 0.118644
2112 0
2113 -0.373134
2114 -0.119048
2115 0.151351
2116 -0.545455
2117 -0.461538
2118 -0.243902
2119 1.37111e-09
2120 -0.25
2121 -0.304936
2122 -0.173235
2123 0.0152077
2124 0.0861983
2125 -0.0561798
2126 4.54307e-09
2127 0.13245
2128 -0.777778
2129 -0.533333
2130 -0.27451
2131 -0.0138248
2132 -0.6875
2133 -0.562567
2134 -0.354167
2135 -0.125
2136 -0.405941
2137 -0.409623
2138 -0.277035
2139 -0.097974
2140 -0.0869611
2141 -0.176458
2142 -0.111111
2143 0.0178571
2144 -0.456522
2145 -0.424779
2146 -0.233333
2147 -0.0121054
2148 -0.52381
2149 -0.473716
2150 -0.309073
2151 -0.111111
2152 -0.336066
2153 -0.356012
2154 -0.24614
2155 -0.0881466
2156 -0.0750025
2157 -0.156514
2158 -0.1
2159 0.0162162
2160 -0.0307692
2161 -0.183824
2162 -0.072449
2163 0.100744
2164 -0.230769
2165 -0.272743
2166 -0.16128
2167 -2.44642e-10
2168 -0.13986
2169 -0.199069
2170 -0.121099
2171 0.0110493
2172 0.0549437
2173 -0.039058
2174 2.44107e-09
2175 0.0990099
2176 0.5
2177 -0.142857
2178 0.0263328
2179 0.254545
2180 -0.25
2181 -0.28
2182 -0.108247
2183 0.106494
2184 -0.0833333
2185 -0.168677
2186 -0.0593048
2187 0.111111
2188 0.191176
2189 0.0434906
2190 0.0899415
2191 0.212034
2192 -0.333333
2193 -0.333333
2194 -0.133324
2195 0.0952381
2196 -0.454545
2197 -0.4
2198 -0.224215
2199 -0.0168704
2200 -0.254237
2201 -0.281251
2202 -0.165401
2203 5.16695e-09
2204 0.0188679
2205 -0.0769154
2206 -0.0194076
2207 0.101562
2208 -0.214286
2209 -0.272727
2210 -0.11538
2211 0.084507
2212 -0.357143
2213 -0.342857
2214 -0.198413
2215 -0.0151829
2216 -0.214286
2217 -0.247707
2218 -0.148641
2219 1.54361e-09
2220 0.0164835
2221 -0.0689605
2222 -0.0176401
2223 0.093028
2224 0.105263
2225 -0.0769231
2226 0.016952
2227 0.177243
2228 -0.117647
2229 -0.175
2230 -0.0747286
2231 0.0773578
2232 -0.0493827
2233 -0.114755
2234 -0.0429399
2235 0.0833333
2236 0.126829
2237 0.0312534
2238 0.0673902
2239 0.162957
2240 1.25
2241 0.188119
2242 0.264045
2243 0.447059
2244 0.147059
2245 -0.0136986
2246 0.107143
2247 0.291413
2248 0.178571
2249 0.0471204
2250 0.129635
2251 0.280812
2252 0.384615
2253 0.220339
2254 0.253171
2255 0.363636
2256 0.2
2257 -0.047619
2258 0.0869565
2259 0.281255
2260 -0.133333
2261 -0.162791
2262 -0.0236217
2263 0.160731
2264 -0.0222222
2265 -0.0825688
2266 0.0132925
2267 0.16407
2268 0.2
2269 0.0909091
2270 0.137936
2271 0.25
2272 0.136364
2273 -0.0397351
2274 0.0762712
2275 0.25234
2276 -0.107143
2277 -0.141414
2278 -0.0211266
2279 0.145957
2280 -0.0189873
2281 -0.0734694
2282 0.0120505
2283 0.150363
2284 0.176471
2285 0.0821918
2286 0.126319
2287 0.230769
2288 0.344828
2289 0.107955
2290 0.17729
2291 0.322036
2292 0.0746269
2293 -0.00892857
2294 0.0764332
2295 0.217829
2296 0.110497
2297 0.0330882
2298 0.0964204
2299 0.215863
2300 0.263158
2301 0.1625
2302 0.194177
2303 0.285714
2304 0
2305 -0.441176
2306 -0.149254
2307 0.14
2308 -0.651163
2309 -0.518182
2310 -0.276836
2311 -0.0163247
2312 -0.285714
2313 -0.342086
2314 -0.2
2315 1.56889e-09
2316 0.08
2317 -0.0773196
2318 -0.0189788
2319 0.120481
2320 -1
2321 -0.595745
2322 -0.304878
2323 -0.025641
2324 -0.772727
2325 -0.613139
2326 -0.384615
2327 -0.139738
2328 -0.444444
2329 -0.444434
2330 -0.301587
2331 -0.111111
2332 -0.1
2333 -0.197309
2334 -0.128355
2335 0.00812942
2336 -0.521739
2337 -0.466667
2338 -0.257663
2339 -0.0223881
2340 -0.573034
2341 -0.512195
2342 -0.334728
2343 -0.124173
2344 -0.363636
2345 -0.38461
2346 -0.267573
2347 -0.1
2348 -0.0857143
2349 -0.174602
2350 -0.115486
2351 0.00738869
2352 -0.0294118
2353 -0.205479
2354 -0.0892483
2355 0.0927152
2356 -0.25
2357 -0.298429
2358 -0.181479
2359 -0.0114411
2360 -0.153846
2361 -0.220336
2362 -0.139221
2363 4.5424e-10
2364 0.05
2365 -0.0533802
2366 -0.0138017
2367 0.0902389
2368 -0.363636
2369 -0.406977
2370 -0.155273
2371 0.110169
2372 -0.571429
2373 -0.484848
2374 -0.269231
2375 -0.028169
2376 -0.277228
2377 -0.331508
2378 -0.2
2379 -0.0120157
2380 0.0547945
2381 -0.0892483
2382 -0.0331126
2383 0.1
2384 -0.794118
2385 -0.548673
2386 -0.291663
2387 -0.0332103
2388 -0.7
2389 -0.575
2390 -0.366623
2391 -0.1375
2392 -0.420635
2393 -0.425148
2394 -0.291667
2395 -0.111087
2396 -0.104651
2397 -0.196827
2398 -0.130915
2399 1.71509e-09
2400 -0.473684
2401 -0.442857
2402 -0.251119
2403 -0.0294118
2404 -0.538462
2405 -0.489362
2406 -0.323503
2407 -0.123596
2408 -0.350993
2409 -0.372897
2410 -0.261675
2411 -0.100968
2412 -0.0909091
2413 -0.176042
2414 -0.118893
2415 3.37319e-09
2416 -0.05
2417 -0.209581
2418 -0.0984242
2419 0.0762463
2420 -0.25
2421 -0.296296
2422 -0.184194
2423 -0.0203682
2424 -0.159091
2425 -0.22265
2426 -0.144064
2427 -0.00901745
2428 0.0357143
2429 -0.0636846
2430 -0.0247354
2431 0.0769231
2432 0.4
2433 -0.192308
2434 -0.0212766
2435 0.205882
2436 -0.289855
2437 -0.318182
2438 -0.146442
2439 0.0679012
2440 -0.118644
2441 -0.205882
2442 -0.0965258
2443 0.074522
2444 0.155689
2445 0.00393701
2446 0.0498534
2447 0.172913
2448 -0.363636
2449 -0.363636
2450 -0.163636
2451 0.0649351
2452 -0.478723
2453 -0.42623
2454 -0.249999
2455 -0.0415512
2456 -0.277778
2457 -0.307692
2458 -0.191341
2459 -0.0241138
2460 -0.00515464
2461 -0.105263
2462 -0.047864
2463 0.074959
2464 -0.235294
2465 -0.3
2466 -0.142857
2467 0.0581395
2468 -0.378151
2469 -0.367925
2470 -0.22295
2471 -0.0376884
2472 -0.235294
2473 -0.272727
2474 -0.173173
2475 -0.0220945
2476 -0.00452489
2477 -0.0949367
2478 -0.0437898
2479 0.0691794
2480 0.0869565
2481 -0.106383
2482 -0.0140845
2483 0.147368
2484 -0.138889
2485 -0.20332
2486 -0.10355
2487 0.0505895
2488 -0.0714286
2489 -0.142857
2490 -0.0714207
2491 0.0571633
2492 0.104839
2493 0.00288184
2494 0.0381204
2495 0.135787
2496 1.17241
2497 0.122951
2498 0.2
2499 0.383168
2500 0.097561
2501 -0.0681818
2502 0.0518519
2503 0.236264
2504 0.133333
2505 -0.00434783
2506 0.0769234
2507 0.228586
2508 0.340426
2509 0.169014
2510 0.200011
2511 0.310948
2512 0.166667
2513 -0.0927152
2514 0.0403226
2515 0.234816
2516 -0.166667
2517 -0.203883
2518 -0.0657895
2519 0.119403
2520 -0.0555556
2521 -0.122605
2522 -0.0277775
2523 0.124194
2524 0.166667
2525 0.0506329
2526 0.0961614
2527 0.209321
2528 0.113924
2529 -0.0777778
2530 0.0355872
2531 0.212064
2532 -0.134328
2533 -0.177966
2534 -0.0591716
2535 0.109091
2536 -0.047619
2537 -0.109589
2538 -0.0253163
2539 0.114466
2540 0.147541
2541 0.045977
2542 0.088501
2543 0.194259
2544 0.326923
2545 0.0717703
2546 0.136943
2547 0.281638
2548 0.05
2549 -0.0451128
2550 0.0376344
2551 0.179916
2552 0.0833333
2553 -0.00309598
2554 0.0581396
2555 0.178777
2556 0.235294
2557 0.126316
2558 0.155742
2559 0.248333
2560 0.5
2561 -0.302326
2562 -0.047619
2563 0.224
2564 -0.5
2565 -0.408759
2566 -0.181805
2567 0.0693069
2568 -0.192308
2569 -0.255319
2570 -0.117647
2571 0.0786517
2572 0.149351
2573 -0.00836696
2574 0.0493827
2575 0.188285
2576 -0.8
2577 -0.482759
2578 -0.207921
2579 0.0625
2580 -0.666667
2581 -0.517857
2582 -0.29411
2583 -0.0526316
2584 -0.363636
2585 -0.363636
2586 -0.220754
2587 -0.0302439
2588 -0.0327869
2589 -0.128676
2590 -0.0581717
2591 0.0800163
2592 -0.428571
2593 -0.383562
2594 -0.177966
2595 0.0552147
2596 -0.5
2597 -0.437186
2598 -0.258616
2599 -0.0472441
2600 -0.3
2601 -0.31746
2602 -0.197658
2603 -0.0274815
2604 -0.0283019
2605 -0.114754
2606 -0.0527532
2607 0.0733318
2608 0.0243902
2609 -0.147727
2610 -0.0296976
2611 0.153846
2612 -0.2
2613 -0.243478
2614 -0.123074
2615 0.05
2616 -0.106383
2617 -0.169014
2618 -0.0841996
2619 0.0588516
2620 0.0954357
2621 -0.00591686
2622 0.0367884
2623 0.144746
2624 -0.0714286
2625 -0.304762
2626 -0.0714286
2627 0.184669
2628 -0.470588
2629 -0.4
2630 -0.190503
2631 0.0465116
2632 -0.204918
2633 -0.260465
2634 -0.129848
2635 0.0573566
2636 0.113636
2637 -0.0296976
2638 0.0274725
2639 0.161625
2640 -0.682927
2641 -0.463235
2642 -0.212121
2643 0.0429448
2644 -0.625
2645 -0.5
2646 -0.291683
2647 -0.0625
2648 -0.357616
2649 -0.358871
2650 -0.223174
2651 -0.040724
2652 -0.0485437
2653 -0.138202
2654 -0.0696513
2655 0.0640411
2656 -0.411765
2657 -0.377246
2658 -0.184211
2659 0.0383562
2660 -0.483871
2661 -0.428571
2662 -0.259269
2663 -0.0566038
2664 -0.3
2665 -0.316726
2666 -0.201561
2667 -0.0372671
2668 -0.0423729
2669 -0.124289
2670 -0.0636361
2671 0.0590713
2672 -0.0105263
2673 -0.161616
2674 -0.0465116
2675 0.131229
2676 -0.210526
2677 -0.25
2678 -0.13334
2679 0.0344828
2680 -0.119617
2681 -0.178344
2682 -0.0954591
2683 0.0439122
2684 0.075188
2685 -0.0215238
2686 0.0209207
2687 0.126734
2688 0.5
2689 -0.129032
2690 0.0357143
2691 0.259302
2692 -0.231707
2693 -0.262295
2694 -0.0915493
2695 0.122128
2696 -0.0714286
2697 -0.157025
2698 -0.0465125
2699 0.125561
2700 0.19697
2701 0.0465116
2702 0.0940778
2703 0.218935
2704 -0.307692
2705 -0.307692
2706 -0.107692
2707 0.120907
2708 -0.432432
2709 -0.375
2710 -0.196262
2711 0.0141186
2712 -0.235294
2713 -0.26087
2714 -0.141362
2715 0.0286885
2716 0.0349345
2717 -0.0625
2718 -0.00224429
2719 0.123662
2720 -0.2
2721 -0.255319
2722 -0.0945946
2723 0.108929
2724 -0.342857
2725 -0.325301
2726 -0.175978
2727 0.0128717
2728 -0.2
2729 -0.232258
2730 -0.128572
2731 0.0264188
2732 0.0307692
2733 -0.0566038
2734 -0.00206537
2735 0.11469
2736 0.111111
2737 -0.0727273
2738 0.0240964
2739 0.189201
2740 -0.112426
2741 -0.170213
2742 -0.0658228
2743 0.0925366
2744 -0.0434783
2745 -0.110465
2746 -0.0349348
2747 0.0979046
2748 0.134021
2749 0.0344828
2750 0.0729434
2751 0.174542
2752 1.20588
2753 0.153846
2754 0.230159
2755 0.412732
2756 0.125
2757 -0.038835
2758 0.0822785
2759 0.267612
2760 0.158228
2761 0.0223048
2762 0.105263
2763 0.258675
2764 0.363636
2765 0.192771
2766 0.225225
2767 0.338133
2768 0.190476
2769 -0.0625
2770 0.0726644
2771 0.268649
2772 -0.142857
2773 -0.175
2774 -0.0338983
2775 0.153851
2776 -0.031746
2777 -0.0953947
2778 0.00238663
2779 0.157317
2780 0.190476
2781 0.076087
2782 0.123967
2783 0.240003
2784 0.130435
2785 -0.0526316
2786 0.0644172
2787 0.243787
2788 -0.115385
2789 -0.153285
2790 -0.0306122
2791 0.14118
2792 -0.0272727
2793 -0.0855457
2794 0.00218341
2795 0.145591
2796 0.169014
2797 0.0693069
2798 0.114504
2799 0.223605
2800 0.338843
2801 0.0909091
2802 0.15978
2803 0.307848
2804 0.0645161
2805 -0.025974
2806 0.0604651
2807 0.206524
2808 0.0996016
2809 0.0160428
2810 0.0804829
2811 0.204846
2812 0.253165
2813 0.145455
2814 0.177305
2815 0.273257
2816 2
2817 -0.0769231
2818 0.128713
2819 0.380026
2820 -0.261538
2821 -0.231707
2822 -0.0228137
2823 0.218283
2824 -0.0322581
2825 -0.107143
2826 0.0246825
2827 0.216981
2828 0.278689
2829 0.119718
2830 0.176638
2831 0.314815
2832 -0.5
2833 -0.304348
2834 -0.05
2835 0.210542
2836 -0.5
2837 -0.366834
2838 -0.149007
2839 0.0889223
2840 -0.230769
2841 -0.230769
2842 -0.0879179
2843 0.102567
2844 0.0833333
2845 -0.00934579
2846 0.06339
2847 0.20341
2848 -0.272727
2849 -0.244186
2850 -0.0431655
2851 0.18751
2852 -0.377953
2853 -0.311966
2854 -0.131965
2855 0.0803796
2856 -0.191489
2857 -0.202703
2858 -0.0792117
2859 0.0937521
2860 0.0722892
2861 -0.00837989
2862 0.0578226
2863 0.187515
2864 0.125
2865 -0.038835
2866 0.0822785
2867 0.267612
2868 -0.107595
2869 -0.141264
2870 -0.0157895
2871 0.160912
2872 -0.0181818
2873 -0.0722892
2874 0.0180155
2875 0.165469
2876 0.180851
2877 0.0860759
2878 0.133863
2879 0.246388
2880 0.411765
2881 -0.129032
2882 0.0779221
2883 0.322483
2884 -0.3
2885 -0.255319
2886 -0.0540541
2887 0.178236
2888 -0.0769231
2889 -0.134921
2890 -0.00554017
2891 0.180878
2892 0.223301
2893 0.0822785
2894 0.140845
2895 0.276119
2896 -0.5
2897 -0.320755
2898 -0.0777778
2899 0.173227
2900 -0.5
2901 -0.375
2902 -0.166667
2903 0.0625122
2904 -0.25
2905 -0.245675
2906 -0.106965
2907 0.0776888
2908 0.05
2909 -0.0338983
2910 0.0384617
2911 0.175263
2912 -0.303797
2913 -0.262887
2914 -0.0679612
2915 0.15566
2916 -0.388889
2917 -0.323077
2918 -0.148936
2919 0.056919
2920 -0.210526
2921 -0.217791
2922 -0.0970655
2923 0.0714422
2924 0.0437956
2925 -0.0306122
2926 0.0352943
2927 0.162425
2928 0.0636364
2929 -0.069869
2930 0.0517241
2931 0.233404
2932 -0.136364
2933 -0.162162
2934 -0.0384615
2935 0.134334
2936 -0.0454545
2937 -0.0936639
2938 -0.00413223
2939 0.140506
2940 0.149351
2941 0.0604651
2942 0.108696
2943 0.219588
2944 0.714286
2945 -4.13891e-13
2946 0.153846
2947 0.37234
2948 -0.115789
2949 -0.150943
2950 0.0182371
2951 0.230941
2952 0.0246914
2953 -0.0571429
2954 0.0552764
2955 0.228694
2956 0.283843
2957 0.137931
2958 0.188401
2959 0.315714
2960 -0.2
2961 -0.2
2962 5.63993e-13
2963 0.228571
2964 -0.34375
2965 -0.277108
2966 -0.0945946
2967 0.118126
2968 -0.153061
2969 -0.169811
2970 -0.0454545
2971 0.128122
2972 0.113636
2973 0.0232558
2974 0.0882093
2975 0.21802
2976 -0.130435
2977 -0.166667
2978 -3.64153e-14
2979 0.206897
2980 -0.273292
2981 -0.241259
2982 -0.0851582
2983 0.108209
2984 -0.130435
2985 -0.151685
2986 -0.0414938
2987 0.118427
2988 0.100334
2989 0.0211268
2990 0.0813555
2991 0.202949
2992 0.16129
2993 1.95399e-13
2994 0.105263
2995 0.275591
2996 -0.056701
2997 -0.0990712
2998 0.0132743
2999 0.17728
3000 0.0151515
3001 -0.0406091
3002 0.0419847
3003 0.180433
3004 0.194611
3005 0.103226
3006 0.147638
3007 0.254477
3008 1.30769
3009 0.243902
3010 0.318339
3011 0.5
3012 0.2
3013 0.0423729
3014 0.165746
3015 0.352459
3016 0.226519
3017 0.0974026
3018 0.183908
3019 0.339857
3020 0.428571
3021 0.263158
3022 0.299213
3023 0.415102
3024 0.25
3025 0.0149254
3026 0.154545
3027 0.352941
3028 -0.0833333
3029 -0.10219
3030 0.0445545
3031 0.235955
3032 0.0277778
3033 -0.0259366
3034 0.0774059
3035 0.236453
3036 0.25
3037 0.142857
3038 0.195652
3039 0.315795
3040 0.171429
3041 0.012605
3042 0.137466
3043 0.321429
3044 -0.0674157
3045 -0.0897436
3046 0.0403587
3047 0.217241
3048 0.0239044
3049 -0.0233161
3050 0.0710173
3051 0.219512
3052 0.222222
3053 0.130435
3054 0.181208
3055 0.295086
3056 0.369565
3057 0.145455
3058 0.223301
3059 0.377049
3060 0.103774
3061 0.0285714
3062 0.122951
3063 0.27476
3064 0.143357
3065 0.0705882
3066 0.141844
3067 0.271693
3068 0.3
3069 0.2
3070 0.2375
3071 0.338465
3072 0
3073 -0.2
3074 0.0999907
3075 0.4
3076 -0.5
3077 -0.322581
3078 -0.059965
3079 0.217391
3080 -0.125
3081 -0.156069
3082 0.004
3083 0.220205
3084 0.25
3085 0.108119
3086 0.180025
3087 0.333333
3088 -1
3089 -0.433962
3090 -0.108112
3091 0.193182
3092 -0.684211
3093 -0.461538
3094 -0.203371
3095 0.0632911
3096 -0.328
3097 -0.291262
3098 -0.125434
3099 0.0842549
3100 0.0344828
3101 -0.0390562
3102 0.0473548
3103 0.2
3104 -0.5
3105 -0.335766
3106 -0.0909112
3107 0.168317
3108 -0.5
3109 -0.382979
3110 -0.17646
3111 0.0562132
3112 -0.266234
3113 -0.251046
3114 -0.11111
3115 0.0758055
3116 0.0294118
3117 -0.034479
3118 0.0425649
3119 0.181818
3120 -2.31815e-12
3121 -0.0892857
3122 0.0588224
3123 0.263158
3124 -0.181818
3125 -0.181818
3126 -0.0389549
3127 0.151536
3128 -0.0655738
3129 -0.0993339
3130 0.00277068
3131 0.160007
3132 0.153846
3133 0.0740764
3134 0.130442
3135 0.25
3136 -0.5
3137 -0.25
3138 0.0333333
3139 0.318182
3140 -0.5
3141 -0.342282
3142 -0.0982906
3143 0.163009
3144 -0.172414
3145 -0.188119
3146 -0.0347023
3147 0.171164
3148 0.178571
3149 0.0588224
3150 0.131585
3151 0.279733
3152 -0.85
3153 -0.4375
3154 -0.138889
3155 0.144737
3156 -0.655914
3157 -0.461538
3158 -0.221402
3159 0.0305556
3160 -0.342466
3161 -0.305085
3162 -0.147227
3163 0.0529149
3164 -0.00502513
3165 -0.0689662
3166 0.0157524
3167 0.163145
3168 -0.5
3169 -0.35
3170 -0.119048
3171 0.127907
3172 -0.5
3173 -0.390698
3174 -0.194805
3175 0.0274457
3176 -0.284091
3177 -0.266667
3178 -0.13186
3179 0.0480561
3180 -0.00434783
3181 -0.0615389
3182 0.0142887
3183 0.149522
3184 -0.0625
3185 -0.125
3186 0.0208333
3187 0.21875
3188 -0.211921
3189 -0.205645
3190 -0.0666667
3191 0.117656
3192 -0.0970874
3193 -0.125
3194 -0.0248703
3195 0.128014
3196 0.114943
3197 0.0416664
3198 0.0980411
3199 0.215059
3200 0.25
3201 -0.0769231
3202 0.128571
3203 0.376292
3204 -0.25
3205 -0.206897
3206 -0.00746269
3207 0.22652
3208 -0.0441176
3209 -0.0909091
3210 0.0398776
3211 0.228043
3212 0.25
3213 0.125
3214 0.18751
3215 0.325022
3216 -0.433962
3217 -0.28
3218 -0.0404858
3219 0.212243
3220 -0.454545
3221 -0.336538
3222 -0.130719
3223 0.0990102
3224 -0.221557
3225 -0.210526
3226 -0.0712326
3227 0.114235
3228 0.0714286
3229 2.04281e-14
3230 0.0754787
3231 0.213758
3232 -0.280488
3233 -0.229508
3234 -0.0352113
3235 0.189632
3236 -0.357143
3237 -0.289256
3238 -0.116279
3239 0.0896863
3240 -0.186869
3241 -0.186047
3242 -0.0643563
3243 0.104544
3244 0.0625
3245 3.9968e-14
3246 0.0689704
3247 0.197196
3248 0.0540541
3249 -0.0416667
3250 0.0841122
3251 0.26762
3252 -0.117647
3253 -0.130435
3254 -0.0052356
3255 0.168033
3256 -0.0262009
3257 -0.0625
3258 0.0293455
3259 0.174551
3260 0.166667
3261 0.0909091
3262 0.142861
3263 0.254911
3264 1
3265 0.217391
3266 0.325
3267 0.526316
3268 0.125
3269 0.0251256
3270 0.168874
3271 0.370381
3272 0.192308
3273 0.0923077
3274 0.192308
3275 0.358974
3276 0.416667
3277 0.271028
3278 0.316902
3279 0.440685
3280 0.0909091
3281 -0.0232558
3282 0.143885
3283 0.359375
3284 -0.149606
3285 -0.128205
3286 0.0351906
3287 0.238847
3288 -0.0106383
3289 -0.0405405
3290 0.074193
3291 0.242188
3292 0.228916
3293 0.139665
3294 0.201285
3295 0.32813
3296 0.0625
3297 -0.0194175
3298 0.126582
3299 0.323944
3300 -0.120253
3301 -0.111524
3302 0.0315789
3303 0.217928
3304 -0.00909091
3305 -0.0361446
3306 0.0675234
3307 0.223022
3308 0.202128
3309 0.126582
3310 0.18504
3311 0.304352
3312 0.285714
3313 0.125
3314 0.220339
3315 0.384615
3316 0.0634921
3317 0.0164474
3318 0.121718
3319 0.280903
3320 0.119048
3321 0.0652174
3322 0.144598
3323 0.28
3324 0.285714
3325 0.201389
3326 0.245902
3327 0.351354
3328 -2
3329 -0.308511
3330 0.00540541
3331 0.304348
3332 -0.6
3333 -0.394737
3334 -0.131178
3335 0.142857
3336 -0.205128
3337 -0.22381
3338 -0.0626835
3339 0.151515
3340 0.172414
3341 0.0372453
3342 0.110497
3343 0.263208
3344 -1.08824
3345 -0.496124
3346 -0.169643
3347 0.128527
3348 -0.73913
3349 -0.510638
3350 -0.253538
3351 0.0105263
3352 -0.38
3353 -0.340081
3354 -0.174404
3355 0.0340136
3356 -0.0192308
3357 -0.0915453
3358 -0.00495013
3359 0.147448
3360 -0.569231
3361 -0.390244
3362 -0.144487
3363 0.11326
3364 -0.548387
3365 -0.428571
3366 -0.222232
3367 0.00943396
3368 -0.311475
3369 -0.295775
3370 -0.155835
3371 0.0308642
3372 -0.0165289
3373 -0.0814213
3374 -0.00448407
3375 0.135064
3376 -0.0625
3377 -0.145729
3378 0.00331126
3379 0.207448
3380 -0.230769
3381 -0.230769
3382 -0.0879179
3383 0.102567
3384 -0.111111
3385 -0.146417
3386 -0.0445952
3387 0.113011
3388 0.108696
3389 0.0261618
3390 0.0819673
3391 0.20204
3392 -0.75
3393 -0.327586
3394 -0.037037
3395 0.246835
3396 -0.571429
3397 -0.398876
3398 -0.154122
3399 0.105263
3400 -0.231884
3401 -0.241667
3402 -0.0877193
3403 0.117117
3404 0.120603
3405 0.00331126
3406 0.0765689
3407 0.224409
3408 -0.916667
3409 -0.486842
3410 -0.1875
3411 0.0944967
3412 -0.7
3413 -0.502326
3414 -0.2625
3415 -0.0117647
3416 -0.383721
3417 -0.345324
3418 -0.1875
3419 0.0122449
3420 -0.0470085
3421 -0.111437
3422 -0.0267681
3423 0.120721
3424 -0.55
3425 -0.393617
3426 -0.162162
3427 0.0841914
3428 -0.538462
3429 -0.428571
3430 -0.232687
3431 -0.0106111
3432 -0.320388
3433 -0.303797
3434 -0.169014
3435 0.011194
3436 -0.0408922
3437 -0.1
3438 -0.0244277
3439 0.111319
3440 -0.107143
3441 -0.169643
3442 -0.0238095
3443 0.174128
3444 -0.25
3445 -0.245675
3446 -0.106965
3447 0.0776888
3448 -0.133333
3449 -0.163842
3450 -0.0641026
3451 0.089351
3452 0.0789474
3453 0.00238663
3454 0.058061
3455 0.175671
3456 0.0689655
3457 -0.152174
3458 0.0607287
3459 0.308989
3460 -0.319149
3461 -0.264706
3462 -0.0636943
3463 0.169838
3464 -0.100629
3465 -0.144444
3466 -0.0131234
3467 0.174822
3468 0.196429
3469 0.0714286
3470 0.13393
3471 0.271429
3472 -0.5
3473 -0.331429
3474 -0.0902778
3475 0.162095
3476 -0.5
3477 -0.380165
3478 -0.174157
3479 0.0553372
3480 -0.262887
3481 -0.252427
3482 -0.113208
3483 0.0723741
3484 0.0307692
3485 -0.0425532
3486 0.0325216
3487 0.17106
3488 -0.326316
3489 -0.273585
3490 -0.0790274
3491 0.14574
3492 -0.395062
3493 -0.328571
3494 -0.155779
3495 0.0504
3496 -0.222707
3497 -0.224138
3498 -0.102784
3499 0.0665658
3500 0.027027
3501 -0.0384615
3502 0.0298516
3503 0.158542
3504 0.015625
3505 -0.0843373
3506 0.0405405
3507 0.224033
3508 -0.153061
3509 -0.169811
3510 -0.0454545
3511 0.128122
3512 -0.0606061
3513 -0.100775
3514 -0.0098592
3515 0.135871
3516 0.13253
3517 0.0526316
3518 0.103449
3519 0.215913
3520 0.857143
3521 0.1375
3522 0.251799
3523 0.454545
3524 0.0540541
3525 -0.0391304
3526 0.106017
3527 0.307692
3528 0.133333
3529 0.0333333
3530 0.133333
3531 0.30001
3532 0.361446
3533 0.213514
3534 0.258628
3535 0.382365
3536 0.0263158
3537 -0.0808081
3538 0.0875
3539 0.303167
3540 -0.19863
3541 -0.178439
3542 -0.0153061
3543 0.188349
3544 -0.0555556
3545 -0.0882353
3546 0.0258621
3547 0.193885
3548 0.185315
3549 0.0924574
3550 0.152964
3551 0.279888
3552 0.0181818
3553 -0.0677966
3554 0.0773481
3555 0.27459
3556 -0.160221
3557 -0.155844
3558 -0.0137931
3559 0.172598
3560 -0.047619
3561 -0.0789474
3562 0.023622
3563 0.17925
3564 0.164087
3565 0.0840708
3566 0.141121
3567 0.26057
3568 0.25
3569 0.080292
3570 0.173267
3571 0.337079
3572 0.0277778
3573 -0.0259366
3574 0.0774059
3575 0.236453
3576 0.0833333
3577 0.0238095
3578 0.101449
3579 0.236846
3580 0.25
3581 0.160243
3582 0.202865
3583 0.308306
3584 -0.5
3585 -0.230089
3586 0.0545455
3587 0.339451
3588 -0.5
3589 -0.333333
3590 -0.0833333
3591 0.181873
3592 -0.152174
3593 -0.178138
3594 -0.0224719
3595 0.187097
3596 0.205882
3597 0.0700637
3598 0.141516
3599 0.292135
3600 -0.926829
3601 -0.427632
3602 -0.117871
3603 0.171124
3604 -0.666667
3605 -0.454545
3606 -0.204819
3607 0.0540898
3608 -0.331429
3609 -0.295139
3610 -0.13217
3611 0.07393
3612 0.0165289
3613 -0.0561798
3614 0.0297919
3615 0.181507
3616 -0.5
3617 -0.340314
3618 -0.101307
3619 0.15202
3620 -0.5
3621 -0.384615
3622 -0.180851
3623 0.0488042
3624 -0.273585
3625 -0.258359
3626 -0.118883
3627 0.067512
3628 0.0142857
3629 -0.0502513
3630 0.027135
3631 0.167201
3632 -0.027027
3633 -0.113043
3634 0.034384
3635 0.23718
3636 -0.2
3637 -0.2
3638 -0.0571429
3639 0.133349
3640 -0.0843373
3641 -0.118919
3642 -0.016325
3643 0.142169
3644 0.132075
3645 0.05
3646 0.106764
3647 0.228076
3648 -0.5
3649 -0.264706
3650 0.00793651
3651 0.282609
3652 -0.5
3653 -0.347826
3654 -0.111111
3655 0.142861
3656 -0.1875
3657 -0.201439
3658 -0.050505
3659 0.151789
3660 0.152174
3661 0.034384
3662 0.106837
3663 0.253833
3664 -0.821429
3665 -0.431818
3666 -0.141892
3667 0.134569
3668 -0.645669
3669 -0.455645
3670 -0.219512
3671 0.0285743
3672 -0.343434
3673 -0.30625
3674 -0.149321
3675 0.049672
3676 -0.0148699
3677 -0.0790816
3678 0.00582489
3679 0.153606
3680 -0.5
3681 -0.351852
3682 -0.123529
3683 0.12066
3684 -0.5
3685 -0.391003
3686 -0.195652
3687 0.025976
3688 -0.288136
3689 -0.270718
3690 -0.135246
3691 0.0456216
3692 -0.012987
3693 -0.0712644
3694 0.00533783
3695 0.142236
3696 -0.078125
3697 -0.140625
3698 0.00520833
3699 0.203106
3700 -0.223881
3701 -0.218182
3702 -0.0784314
3703 0.107144
3704 -0.109489
3705 -0.138614
3706 -0.0374532
3707 0.117484
3708 0.100865
3709 0.0251046
3710 0.0821016
3711 0.201352
3712 0.147059
3713 -0.113208
3714 0.0915493
3715 0.334963
3716 -0.277778
3717 -0.230769
3718 -0.0333333
3719 0.197507
3720 -0.0714286
3721 -0.116505
3722 0.0137615
3723 0.200715
3724 0.21875
3725 0.09375
3726 0.15625
3727 0.293774
3728 -0.450704
3729 -0.295
3730 -0.0577508
3731 0.19214
3732 -0.465753
3733 -0.347826
3734 -0.142857
3735 0.0858041
3736 -0.235294
3737 -0.224432
3738 -0.0848861
3739 0.100981
3740 0.0540541
3741 -0.0186916
3742 0.0571429
3743 0.19655
3744 -0.296296
3745 -0.244813
3746 -0.0508021
3747 0.17357
3748 -0.369565
3749 -0.301887
3750 -0.128319
3751 0.0784866
3752 -0.2
3753 -0.2
3754 -0.0773585
3755 0.0932356
3756 0.047619
3757 -0.0169492
3758 0.0526316
3759 0.182809
3760 0.0344828
3761 -0.0638298
3762 0.0620525
3763 0.246403
3764 -0.135135
3765 -0.15
3766 -0.0240964
3767 0.150935
3768 -0.0434783
3769 -0.0821918
3770 0.0103986
3771 0.157823
3772 0.148936
3773 0.0697674
3774 0.121951
3775 0.236191
3776 0.875
3777 0.153846
3778 0.265823
3779 0.466667
3780 0.0714286
3781 -0.0229885
3782 0.121212
3783 0.322034
3784 0.147059
3785 0.0470588
3786 0.147059
3787 0.313717
3788 0.37234
3789 0.224344
3790 0.269784
3791 0.393944
3792 0.0465116
3793 -0.0625
3794 0.104972
3795 0.32
3796 -0.181818
3797 -0.161184
3798 0.00225734
3799 0.206186
3800 -0.0409836
3801 -0.0729167
3802 0.0419847
3803 0.210837
3804 0.198142
3805 0.105603
3806 0.166942
3807 0.294909
3808 0.0322581
3809 -0.0526316
3810 0.0931373
3811 0.290909
3812 -0.147059
3813 -0.14121
3814 0.00204082
3815 0.189573
3816 -0.0352113
3817 -0.0654206
3818 0.0384615
3819 0.195526
3820 0.175824
3821 0.0962672
3822 0.154434
3823 0.275347
3824 0.259259
3825 0.0909091
3826 0.185022
3827 0.35
3828 0.037037
3829 -0.0153846
3830 0.0893855
3831 0.25
3832 0.0925926
3833 0.0338983
3834 0.112903
3835 0.249996
3836 0.259259
3837 0.169675
3838 0.213371
3839 0.320424
3840 1
3841 -0.0454545
3842 0.188235
3843 0.452381
3844 -0.285714
3845 -0.192308
3846 0.0361446
3847 0.289474
3848 -0.0188679
3849 -0.0633803
3850 0.0831296
3851 0.286519
3852 0.307692
3853 0.166667
3854 0.234568
3855 0.382376
3856 -0.625
3857 -0.28
3858 0.00331126
3859 0.27972
3860 -0.516129
3861 -0.333333
3862 -0.0947368
3863 0.15743
3864 -0.22
3865 -0.191489
3866 -0.0327511
3867 0.170359
3868 0.108696
3869 0.0344828
3870 0.119403
3871 0.270287
3872 -0.344828
3873 -0.224771
3874 0.00286533
3875 0.25
3876 -0.390244
3877 -0.283784
3878 -0.0841122
3879 0.142823
3880 -0.182573
3881 -0.168449
3882 -0.0295858
3883 0.156251
3884 0.0943396
3885 0.0309735
3886 0.109215
3887 0.250012
3888 0.0714286
3889 -0.0229885
3890 0.121212
3891 0.322034
3892 -0.117647
3893 -0.117647
3894 0.0252101
3895 0.215663
3896 -0.0106383
3897 -0.0429594
3898 0.0611511
3899 0.22078
3900 0.2
3901 0.120482
3902 0.179245
3903 0.302335
3904 1.0969e-12
3905 -0.115385
3906 0.125
3907 0.385714
3908 -0.339806
3909 -0.228814
3910 -0.00542005
3911 0.241036
3912 -0.0769231
3913 -0.101266
3914 0.0444444
3915 0.243148
3916 0.241379
3917 0.121212
3918 0.19209
3919 0.337847
3920 -0.625
3921 -0.31
3922 -0.0357143
3923 0.233051
3924 -0.527778
3925 -0.352313
3926 -0.12201
3927 0.122523
3928 -0.25
3929 -0.21547
3930 -0.06
3931 0.137929
3932 0.0657895
3933 0.00225734
3934 0.0876289
3935 0.235791
3936 -0.384615
3937 -0.254098
3938 -0.03125
3939 0.209924
3940 -0.410811
3941 -0.303681
3942 -0.109208
3943 0.111842
3944 -0.210526
3945 -0.191176
3946 -0.0545455
3947 0.127166
3948 0.0576369
3949 0.00204082
3950 0.0805687
3951 0.219077
3952 7.98472e-13
3953 -0.0625
3954 0.0833333
3955 0.28125
3956 -0.154867
3957 -0.145553
3958 -0.00387597
3959 0.183056
3960 -0.0454545
3961 -0.0704846
3962 0.0333333
3963 0.190347
3964 0.161538
3965 0.0893855
3966 0.149123
3967 0.270762
3968 0.384615
3969 -1.01608e-11
3970 0.186916
3971 0.422078
3972 -0.163934
3973 -0.136364
3974 0.0541872
3975 0.281022
3976 0.0146341
3977 -0.0344828
3978 0.0936864
3979 0.27918
3980 0.291667
3981 0.166667
3982 0.229167
3983 0.366667
3984 -0.325
3985 -0.2
3986 0.0297297
3987 0.275728
3988 -0.378049
3989 -0.264516
3990 -0.0614035
3991 0.166113
3992 -0.16129
3993 -0.149367
3994 -0.00922509
3995 0.177068
3996 0.120482
3997 0.05
3998 0.127389
3999 0.268041
4000 -0.214876
4001 -0.166667
4002 0.026253
4003 0.25
4004 -0.300971
4005 -0.230337
4006 -0.055336
4007 0.152439
4008 -0.137457
4009 -0.133484
4010 -0.0084317
4011 0.163978
4012 0.106383
4013 0.0454545
4014 0.117647
4015 0.25
4016 0.0925926
4017 2.41762e-12
4018 0.128205
4019 0.31401
4020 -0.0806452
4021 -0.0895522
4022 0.0395683
4023 0.216901
4024 0.00898204
4025 -0.0245399
4026 0.0714286
4027 0.221527
4028 0.2
4029 0.125
4030 0.180328
4031 0.297297
4032 1
4033 0.235294
4034 0.338983
4035 0.535714
4036 0.148936
4037 0.0479452
4038 0.189616
4039 0.388889
4040 0.210526
4041 0.110526
4042 0.210526
4043 0.377193
4044 0.428571
4045 0.282051
4046 0.328502
4047 0.453437
4048 0.125
4049 0.008
4050 0.173267
4051 0.387097
4052 -0.119565
4053 -0.0973451
4054 0.0668016
4055 0.271186
4056 0.0147059
4057 -0.0140187
4058 0.10274
4059 0.272973
4060 0.25
4061 0.160542
4062 0.224036
4063 0.35375
4064 0.0869565
4065 0.00675676
4066 0.154185
4067 0.352941
4068 -0.0969163
4069 -0.0854922
4070 0.0605505
4071 0.25
4072 0.0126582
4073 -0.012605
4074 0.0943396
4075 0.253769
4076 0.222222
4077 0.146643
4078 0.207703
4079 0.33105
4080 0.3
4081 0.140351
4082 0.238095
4083 0.405405
4084 0.0777778
4085 0.0323326
4086 0.14094
4087 0.304348
4088 0.133333
4089 0.0801527
4090 0.162791
4091 0.302817
4092 0.3
4093 0.214634
4094 0.261538
4095 0.371405
