#CSC Position Offset LUT
#Structure is comparator code (iCC) -> Stub position offset
#iCC bits: 12
#<header> v1.0 12 32 </header>
0 7
1 7
2 7
3 7
4 7
5 7
6 7
7 0
8 7
9 7
10 5
11 3
12 7
13 11
14 9
15 7
16 7
17 7
18 7
19 3
20 7
21 7
22 2
23 2
24 7
25 4
26 3
27 3
28 3
29 5
30 5
31 4
32 7
33 7
34 5
35 5
36 7
37 5
38 4
39 4
40 5
41 5
42 5
43 4
44 5
45 6
46 6
47 5
48 7
49 7
50 7
51 7
52 7
53 7
54 7
55 6
56 7
57 7
58 7
59 6
60 7
61 8
62 7
63 7
64 7
65 7
66 7
67 1
68 7
69 7
70 1
71 1
72 7
73 1
74 1
75 2
76 3
77 3
78 3
79 3
80 7
81 7
82 1
83 2
84 7
85 1
86 1
87 1
88 2
89 2
90 2
91 2
92 3
93 3
94 3
95 3
96 7
97 2
98 3
99 3
100 3
101 2
102 3
103 3
104 3
105 3
106 3
107 3
108 4
109 4
110 4
111 4
112 7
113 4
114 4
115 5
116 4
117 4
118 4
119 4
120 4
121 4
122 4
123 4
124 5
125 5
126 5
127 5
128 7
129 7
130 2
131 3
132 7
133 1
134 2
135 2
136 3
137 2
138 2
139 3
140 4
141 3
142 3
143 3
144 7
145 2
146 2
147 3
148 2
149 2
150 2
151 2
152 3
153 2
154 2
155 3
156 4
157 3
158 3
159 3
160 5
161 3
162 3
163 3
164 3
165 3
166 3
167 3
168 3
169 3
170 3
171 3
172 4
173 4
174 4
175 4
176 7
177 4
178 4
179 5
180 4
181 4
182 4
183 4
184 5
185 4
186 4
187 4
188 5
189 5
190 5
191 5
192 7
193 3
194 3
195 4
196 3
197 3
198 3
199 4
200 4
201 3
202 4
203 4
204 5
205 4
206 4
207 5
208 3
209 3
210 3
211 4
212 3
213 3
214 3
215 4
216 4
217 3
218 3
219 4
220 5
221 4
222 4
223 4
224 5
225 3
226 4
227 4
228 4
229 3
230 4
231 4
232 4
233 4
234 4
235 4
236 5
237 4
238 4
239 5
240 7
241 5
242 5
243 5
244 5
245 4
246 5
247 5
248 5
249 5
250 5
251 5
252 6
253 5
254 5
255 5
256 7
257 7
258 7
259 3
260 7
261 7
262 2
263 2
264 7
265 2
266 2
267 3
268 4
269 3
270 3
271 4
272 7
273 7
274 2
275 3
276 7
277 1
278 2
279 2
280 3
281 2
282 2
283 3
284 4
285 3
286 3
287 3
288 7
289 3
290 3
291 4
292 3
293 3
294 3
295 3
296 4
297 3
298 3
299 3
300 4
301 4
302 4
303 4
304 7
305 4
306 4
307 5
308 5
309 4
310 4
311 4
312 5
313 4
314 4
315 5
316 5
317 5
318 5
319 5
320 7
321 7
322 1
323 2
324 7
325 1
326 1
327 2
328 2
329 2
330 2
331 2
332 4
333 3
334 3
335 3
336 7
337 1
338 2
339 2
340 1
341 1
342 1
343 2
344 2
345 2
346 2
347 2
348 3
349 3
350 3
351 3
352 4
353 2
354 2
355 3
356 3
357 2
358 2
359 3
360 3
361 2
362 3
363 3
364 4
365 3
366 3
367 3
368 6
369 4
370 4
371 4
372 4
373 3
374 3
375 4
376 4
377 4
378 4
379 4
380 5
381 4
382 4
383 4
384 7
385 1
386 2
387 3
388 2
389 1
390 2
391 2
392 3
393 2
394 2
395 3
396 4
397 3
398 3
399 3
400 3
401 1
402 2
403 3
404 2
405 1
406 2
407 2
408 3
409 2
410 2
411 3
412 4
413 3
414 3
415 3
416 5
417 2
418 3
419 3
420 3
421 2
422 3
423 3
424 3
425 3
426 3
427 3
428 4
429 3
430 3
431 4
432 7
433 4
434 4
435 4
436 4
437 3
438 3
439 4
440 4
441 4
442 4
443 4
444 5
445 4
446 4
447 4
448 7
449 2
450 3
451 4
452 3
453 2
454 3
455 3
456 4
457 3
458 3
459 4
460 5
461 4
462 4
463 4
464 4
465 2
466 3
467 4
468 3
469 2
470 3
471 3
472 3
473 3
474 3
475 3
476 4
477 4
478 4
479 4
480 5
481 3
482 3
483 4
484 4
485 3
486 3
487 4
488 4
489 3
490 3
491 4
492 5
493 4
494 4
495 4
496 7
497 4
498 4
499 5
500 5
501 4
502 4
503 4
504 5
505 4
506 4
507 4
508 5
509 5
510 5
511 5
512 7
513 7
514 3
515 4
516 7
517 2
518 2
519 3
520 3
521 3
522 3
523 4
524 5
525 4
526 4
527 4
528 7
529 2
530 3
531 4
532 2
533 2
534 3
535 3
536 3
537 3
538 3
539 4
540 4
541 4
542 4
543 4
544 5
545 3
546 3
547 4
548 3
549 3
550 3
551 4
552 4
553 3
554 3
555 4
556 5
557 4
558 4
559 4
560 7
561 4
562 5
563 5
564 5
565 4
566 4
567 5
568 5
569 4
570 4
571 5
572 6
573 5
574 5
575 5
576 7
577 1
578 2
579 3
580 1
581 1
582 2
583 3
584 3
585 2
586 3
587 3
588 4
589 3
590 3
591 4
592 2
593 1
594 2
595 3
596 2
597 2
598 2
599 3
600 3
601 2
602 3
603 3
604 4
605 3
606 3
607 4
608 4
609 2
610 3
611 4
612 3
613 2
614 3
615 3
616 3
617 3
618 3
619 3
620 4
621 4
622 4
623 4
624 6
625 4
626 4
627 4
628 4
629 3
630 4
631 4
632 5
633 4
634 4
635 4
636 5
637 4
638 4
639 5
640 1
641 1
642 2
643 3
644 2
645 2
646 2
647 3
648 3
649 2
650 3
651 3
652 4
653 3
654 3
655 4
656 2
657 2
658 2
659 3
660 2
661 2
662 2
663 3
664 3
665 2
666 3
667 3
668 4
669 3
670 3
671 4
672 4
673 3
674 3
675 4
676 3
677 2
678 3
679 3
680 4
681 3
682 3
683 4
684 4
685 4
686 4
687 4
688 6
689 4
690 4
691 4
692 4
693 4
694 4
695 4
696 5
697 4
698 4
699 4
700 5
701 4
702 4
703 5
704 5
705 2
706 3
707 4
708 3
709 2
710 3
711 4
712 4
713 3
714 3
715 4
716 5
717 4
718 4
719 4
720 3
721 2
722 3
723 4
724 3
725 2
726 3
727 4
728 4
729 3
730 3
731 4
732 5
733 4
734 4
735 4
736 5
737 3
738 4
739 4
740 4
741 3
742 3
743 4
744 4
745 3
746 4
747 4
748 5
749 4
750 4
751 4
752 7
753 4
754 4
755 5
756 5
757 4
758 4
759 4
760 5
761 4
762 4
763 5
764 5
765 5
766 5
767 5
768 7
769 3
770 4
771 5
772 3
773 3
774 3
775 4
776 4
777 4
778 4
779 5
780 6
781 5
782 5
783 5
784 3
785 3
786 4
787 5
788 3
789 3
790 3
791 4
792 4
793 3
794 4
795 4
796 5
797 4
798 5
799 5
800 5
801 4
802 4
803 5
804 4
805 3
806 4
807 4
808 4
809 4
810 4
811 5
812 5
813 5
814 5
815 5
816 7
817 5
818 5
819 6
820 5
821 4
822 5
823 5
824 5
825 5
826 5
827 5
828 6
829 5
830 5
831 6
832 0
833 2
834 3
835 4
836 2
837 2
838 3
839 4
840 3
841 3
842 3
843 4
844 5
845 4
846 4
847 5
848 1
849 2
850 3
851 4
852 2
853 2
854 3
855 4
856 3
857 3
858 3
859 4
860 5
861 4
862 4
863 4
864 4
865 3
866 4
867 4
868 3
869 3
870 3
871 4
872 4
873 3
874 4
875 4
876 5
877 4
878 4
879 5
880 6
881 4
882 4
883 5
884 5
885 4
886 4
887 5
888 5
889 4
890 4
891 5
892 6
893 5
894 5
895 5
896 0
897 2
898 3
899 4
900 2
901 2
902 3
903 4
904 3
905 3
906 3
907 4
908 5
909 4
910 4
911 5
912 1
913 2
914 3
915 4
916 2
917 2
918 3
919 4
920 3
921 3
922 3
923 4
924 5
925 4
926 4
927 4
928 4
929 3
930 3
931 4
932 3
933 3
934 3
935 4
936 4
937 3
938 4
939 4
940 5
941 4
942 4
943 5
944 6
945 4
946 4
947 5
948 5
949 4
950 4
951 5
952 5
953 4
954 4
955 5
956 5
957 5
958 5
959 5
960 3
961 3
962 4
963 5
964 3
965 3
966 3
967 4
968 4
969 3
970 4
971 4
972 5
973 4
974 4
975 5
976 3
977 3
978 3
979 4
980 3
981 3
982 3
983 4
984 4
985 3
986 4
987 4
988 5
989 4
990 4
991 5
992 4
993 3
994 4
995 5
996 4
997 3
998 4
999 4
1000 4
1001 4
1002 4
1003 4
1004 5
1005 4
1006 4
1007 5
1008 6
1009 4
1010 5
1011 5
1012 5
1013 4
1014 4
1015 5
1016 5
1017 4
1018 5
1019 5
1020 6
1021 5
1022 5
1023 5
1024 7
1025 7
1026 7
1027 4
1028 7
1029 7
1030 2
1031 3
1032 7
1033 2
1034 3
1035 3
1036 5
1037 4
1038 4
1039 4
1040 7
1041 7
1042 2
1043 3
1044 7
1045 2
1046 2
1047 3
1048 3
1049 2
1050 3
1051 3
1052 4
1053 4
1054 4
1055 4
1056 7
1057 3
1058 3
1059 4
1060 3
1061 3
1062 3
1063 4
1064 4
1065 3
1066 3
1067 4
1068 5
1069 4
1070 4
1071 4
1072 7
1073 5
1074 5
1075 5
1076 5
1077 4
1078 4
1079 5
1080 5
1081 4
1082 4
1083 5
1084 6
1085 5
1086 5
1087 5
1088 7
1089 7
1090 2
1091 3
1092 7
1093 1
1094 2
1095 2
1096 3
1097 2
1098 2
1099 3
1100 4
1101 3
1102 3
1103 4
1104 7
1105 1
1106 2
1107 3
1108 1
1109 1
1110 2
1111 3
1112 3
1113 2
1114 2
1115 3
1116 4
1117 3
1118 3
1119 3
1120 4
1121 2
1122 3
1123 3
1124 3
1125 2
1126 3
1127 3
1128 3
1129 3
1130 3
1131 3
1132 4
1133 4
1134 4
1135 4
1136 6
1137 4
1138 4
1139 4
1140 4
1141 3
1142 4
1143 4
1144 5
1145 4
1146 4
1147 4
1148 5
1149 4
1150 4
1151 5
1152 7
1153 1
1154 2
1155 3
1156 2
1157 1
1158 2
1159 3
1160 3
1161 2
1162 2
1163 3
1164 4
1165 3
1166 3
1167 4
1168 2
1169 2
1170 2
1171 3
1172 2
1173 2
1174 2
1175 3
1176 3
1177 2
1178 3
1179 3
1180 4
1181 3
1182 3
1183 4
1184 4
1185 3
1186 3
1187 4
1188 3
1189 2
1190 3
1191 3
1192 3
1193 3
1194 3
1195 3
1196 4
1197 4
1198 4
1199 4
1200 6
1201 4
1202 4
1203 4
1204 4
1205 4
1206 4
1207 4
1208 5
1209 4
1210 4
1211 4
1212 5
1213 4
1214 4
1215 5
1216 5
1217 2
1218 3
1219 4
1220 3
1221 2
1222 3
1223 4
1224 4
1225 3
1226 3
1227 4
1228 5
1229 4
1230 4
1231 4
1232 4
1233 2
1234 3
1235 4
1236 3
1237 2
1238 3
1239 3
1240 4
1241 3
1242 3
1243 4
1244 5
1245 4
1246 4
1247 4
1248 5
1249 3
1250 4
1251 4
1252 4
1253 3
1254 3
1255 4
1256 4
1257 3
1258 4
1259 4
1260 5
1261 4
1262 4
1263 4
1264 6
1265 4
1266 4
1267 5
1268 5
1269 4
1270 4
1271 5
1272 5
1273 4
1274 4
1275 5
1276 6
1277 5
1278 5
1279 5
1280 7
1281 7
1282 2
1283 3
1284 7
1285 1
1286 2
1287 3
1288 3
1289 2
1290 2
1291 3
1292 4
1293 3
1294 3
1295 4
1296 7
1297 1
1298 2
1299 3
1300 2
1301 1
1302 2
1303 3
1304 3
1305 2
1306 2
1307 3
1308 4
1309 3
1310 3
1311 4
1312 5
1313 3
1314 3
1315 4
1316 3
1317 2
1318 3
1319 3
1320 4
1321 3
1322 3
1323 4
1324 5
1325 4
1326 4
1327 4
1328 7
1329 4
1330 4
1331 5
1332 5
1333 4
1334 4
1335 4
1336 5
1337 4
1338 4
1339 4
1340 5
1341 5
1342 5
1343 5
1344 7
1345 0
1346 2
1347 3
1348 1
1349 1
1350 2
1351 2
1352 2
1353 2
1354 2
1355 3
1356 4
1357 3
1358 3
1359 3
1360 1
1361 1
1362 2
1363 3
1364 1
1365 1
1366 2
1367 2
1368 2
1369 2
1370 2
1371 3
1372 4
1373 3
1374 3
1375 3
1376 4
1377 2
1378 3
1379 3
1380 3
1381 2
1382 2
1383 3
1384 3
1385 3
1386 3
1387 3
1388 4
1389 3
1390 3
1391 4
1392 6
1393 4
1394 4
1395 4
1396 4
1397 3
1398 3
1399 4
1400 4
1401 4
1402 4
1403 4
1404 5
1405 4
1406 4
1407 4
1408 2
1409 1
1410 2
1411 3
1412 2
1413 1
1414 2
1415 3
1416 3
1417 2
1418 2
1419 3
1420 4
1421 3
1422 3
1423 4
1424 2
1425 1
1426 2
1427 3
1428 2
1429 1
1430 2
1431 3
1432 3
1433 2
1434 2
1435 3
1436 4
1437 3
1438 3
1439 3
1440 4
1441 2
1442 3
1443 3
1444 3
1445 2
1446 3
1447 3
1448 3
1449 3
1450 3
1451 3
1452 4
1453 3
1454 3
1455 4
1456 6
1457 4
1458 4
1459 4
1460 4
1461 3
1462 3
1463 4
1464 4
1465 4
1466 4
1467 4
1468 5
1469 4
1470 4
1471 4
1472 5
1473 2
1474 3
1475 4
1476 3
1477 2
1478 3
1479 3
1480 4
1481 3
1482 3
1483 4
1484 5
1485 4
1486 4
1487 4
1488 4
1489 2
1490 3
1491 4
1492 3
1493 2
1494 3
1495 3
1496 3
1497 3
1498 3
1499 3
1500 4
1501 4
1502 4
1503 4
1504 5
1505 3
1506 3
1507 4
1508 4
1509 3
1510 3
1511 4
1512 4
1513 3
1514 3
1515 4
1516 5
1517 4
1518 4
1519 4
1520 6
1521 4
1522 4
1523 5
1524 5
1525 4
1526 4
1527 4
1528 5
1529 4
1530 4
1531 4
1532 5
1533 5
1534 4
1535 5
1536 7
1537 1
1538 3
1539 4
1540 2
1541 2
1542 2
1543 3
1544 3
1545 3
1546 3
1547 4
1548 5
1549 4
1550 4
1551 4
1552 3
1553 2
1554 3
1555 4
1556 2
1557 2
1558 2
1559 3
1560 3
1561 3
1562 3
1563 3
1564 4
1565 4
1566 4
1567 4
1568 5
1569 3
1570 3
1571 4
1572 3
1573 3
1574 3
1575 4
1576 4
1577 3
1578 3
1579 4
1580 5
1581 4
1582 4
1583 4
1584 7
1585 4
1586 4
1587 5
1588 5
1589 4
1590 4
1591 4
1592 5
1593 4
1594 4
1595 4
1596 6
1597 5
1598 5
1599 5
1600 0
1601 1
1602 2
1603 3
1604 1
1605 1
1606 2
1607 3
1608 3
1609 2
1610 3
1611 3
1612 4
1613 3
1614 3
1615 4
1616 2
1617 1
1618 2
1619 3
1620 2
1621 1
1622 2
1623 3
1624 3
1625 2
1626 3
1627 3
1628 4
1629 3
1630 3
1631 4
1632 4
1633 2
1634 3
1635 4
1636 3
1637 2
1638 3
1639 3
1640 3
1641 3
1642 3
1643 3
1644 4
1645 4
1646 4
1647 4
1648 6
1649 4
1650 4
1651 4
1652 4
1653 3
1654 4
1655 4
1656 5
1657 4
1658 4
1659 4
1660 5
1661 4
1662 4
1663 5
1664 2
1665 1
1666 2
1667 3
1668 2
1669 2
1670 2
1671 3
1672 3
1673 2
1674 3
1675 3
1676 4
1677 3
1678 3
1679 4
1680 2
1681 2
1682 2
1683 3
1684 2
1685 2
1686 2
1687 3
1688 3
1689 2
1690 3
1691 3
1692 4
1693 3
1694 3
1695 4
1696 4
1697 3
1698 3
1699 4
1700 3
1701 2
1702 3
1703 3
1704 4
1705 3
1706 3
1707 4
1708 4
1709 4
1710 4
1711 4
1712 6
1713 4
1714 4
1715 4
1716 4
1717 3
1718 4
1719 4
1720 5
1721 4
1722 4
1723 4
1724 5
1725 4
1726 4
1727 5
1728 5
1729 2
1730 3
1731 4
1732 3
1733 2
1734 3
1735 4
1736 4
1737 3
1738 3
1739 4
1740 5
1741 4
1742 4
1743 4
1744 4
1745 2
1746 3
1747 4
1748 3
1749 2
1750 3
1751 3
1752 4
1753 3
1754 3
1755 4
1756 5
1757 4
1758 4
1759 4
1760 5
1761 3
1762 3
1763 4
1764 4
1765 3
1766 3
1767 4
1768 4
1769 3
1770 3
1771 4
1772 5
1773 4
1774 4
1775 4
1776 6
1777 4
1778 4
1779 5
1780 5
1781 4
1782 4
1783 4
1784 5
1785 4
1786 4
1787 4
1788 5
1789 5
1790 5
1791 5
1792 11
1793 2
1794 3
1795 4
1796 3
1797 2
1798 3
1799 4
1800 4
1801 3
1802 4
1803 4
1804 5
1805 4
1806 4
1807 5
1808 4
1809 3
1810 3
1811 4
1812 3
1813 2
1814 3
1815 4
1816 4
1817 3
1818 3
1819 4
1820 5
1821 4
1822 4
1823 5
1824 5
1825 3
1826 4
1827 5
1828 4
1829 3
1830 4
1831 4
1832 4
1833 4
1834 4
1835 4
1836 5
1837 4
1838 4
1839 5
1840 7
1841 5
1842 5
1843 5
1844 5
1845 4
1846 4
1847 5
1848 5
1849 4
1850 5
1851 5
1852 6
1853 5
1854 5
1855 5
1856 1
1857 2
1858 3
1859 4
1860 2
1861 2
1862 3
1863 4
1864 3
1865 3
1866 3
1867 4
1868 5
1869 4
1870 4
1871 4
1872 2
1873 2
1874 3
1875 4
1876 2
1877 2
1878 3
1879 4
1880 3
1881 3
1882 3
1883 4
1884 4
1885 4
1886 4
1887 4
1888 4
1889 3
1890 3
1891 4
1892 3
1893 3
1894 3
1895 4
1896 4
1897 3
1898 3
1899 4
1900 5
1901 4
1902 4
1903 4
1904 6
1905 4
1906 4
1907 5
1908 5
1909 4
1910 4
1911 4
1912 5
1913 4
1914 4
1915 5
1916 6
1917 5
1918 5
1919 5
1920 2
1921 2
1922 3
1923 4
1924 2
1925 2
1926 3
1927 4
1928 3
1929 3
1930 3
1931 4
1932 5
1933 4
1934 4
1935 4
1936 2
1937 2
1938 3
1939 4
1940 2
1941 2
1942 3
1943 4
1944 3
1945 3
1946 3
1947 4
1948 4
1949 4
1950 4
1951 4
1952 4
1953 3
1954 3
1955 4
1956 3
1957 3
1958 3
1959 4
1960 4
1961 3
1962 3
1963 4
1964 5
1965 4
1966 4
1967 4
1968 6
1969 4
1970 4
1971 5
1972 5
1973 4
1974 4
1975 4
1976 5
1977 4
1978 4
1979 5
1980 5
1981 5
1982 5
1983 5
1984 5
1985 3
1986 3
1987 4
1988 3
1989 3
1990 3
1991 4
1992 4
1993 3
1994 4
1995 4
1996 5
1997 4
1998 4
1999 5
2000 4
2001 3
2002 3
2003 4
2004 3
2005 3
2006 3
2007 4
2008 4
2009 3
2010 4
2011 4
2012 5
2013 4
2014 4
2015 5
2016 5
2017 3
2018 4
2019 4
2020 4
2021 3
2022 4
2023 4
2024 4
2025 4
2026 4
2027 4
2028 5
2029 4
2030 4
2031 5
2032 6
2033 4
2034 5
2035 5
2036 5
2037 4
2038 4
2039 5
2040 5
2041 4
2042 4
2043 5
2044 6
2045 5
2046 5
2047 5
2048 7
2049 7
2050 3
2051 4
2052 7
2053 2
2054 3
2055 4
2056 4
2057 3
2058 3
2059 4
2060 5
2061 4
2062 4
2063 5
2064 7
2065 2
2066 3
2067 4
2068 2
2069 2
2070 3
2071 4
2072 4
2073 3
2074 3
2075 4
2076 5
2077 4
2078 4
2079 5
2080 5
2081 3
2082 4
2083 5
2084 4
2085 3
2086 3
2087 4
2088 4
2089 4
2090 4
2091 4
2092 5
2093 4
2094 4
2095 5
2096 7
2097 5
2098 5
2099 5
2100 5
2101 4
2102 4
2103 5
2104 5
2105 5
2106 5
2107 5
2108 6
2109 5
2110 5
2111 5
2112 7
2113 1
2114 2
2115 4
2116 1
2117 1
2118 2
2119 3
2120 3
2121 2
2122 3
2123 4
2124 5
2125 4
2126 4
2127 4
2128 1
2129 1
2130 2
2131 4
2132 2
2133 2
2134 2
2135 3
2136 3
2137 2
2138 3
2139 3
2140 4
2141 4
2142 4
2143 4
2144 4
2145 3
2146 3
2147 4
2148 3
2149 2
2150 3
2151 4
2152 4
2153 3
2154 3
2155 4
2156 5
2157 4
2158 4
2159 4
2160 6
2161 4
2162 4
2163 5
2164 5
2165 4
2166 4
2167 4
2168 5
2169 4
2170 4
2171 5
2172 5
2173 5
2174 5
2175 5
2176 1
2177 1
2178 3
2179 4
2180 2
2181 2
2182 2
2183 3
2184 3
2185 3
2186 3
2187 4
2188 5
2189 4
2190 4
2191 4
2192 2
2193 2
2194 3
2195 4
2196 2
2197 2
2198 2
2199 3
2200 3
2201 3
2202 3
2203 4
2204 4
2205 4
2206 4
2207 4
2208 4
2209 3
2210 3
2211 4
2212 3
2213 3
2214 3
2215 4
2216 4
2217 3
2218 3
2219 4
2220 5
2221 4
2222 4
2223 4
2224 6
2225 4
2226 4
2227 5
2228 4
2229 4
2230 4
2231 4
2232 5
2233 4
2234 4
2235 4
2236 5
2237 5
2238 5
2239 5
2240 4
2241 3
2242 3
2243 4
2244 3
2245 2
2246 3
2247 4
2248 4
2249 3
2250 3
2251 4
2252 5
2253 4
2254 4
2255 5
2256 3
2257 3
2258 3
2259 4
2260 3
2261 3
2262 3
2263 4
2264 4
2265 3
2266 3
2267 4
2268 5
2269 4
2270 4
2271 4
2272 4
2273 3
2274 4
2275 4
2276 4
2277 3
2278 3
2279 4
2280 4
2281 4
2282 4
2283 4
2284 5
2285 4
2286 4
2287 5
2288 6
2289 4
2290 5
2291 5
2292 5
2293 4
2294 4
2295 5
2296 5
2297 4
2298 4
2299 5
2300 6
2301 5
2302 5
2303 5
2304 7
2305 1
2306 3
2307 4
2308 2
2309 2
2310 2
2311 4
2312 3
2313 3
2314 3
2315 4
2316 5
2317 4
2318 4
2319 4
2320 2
2321 2
2322 3
2323 4
2324 2
2325 2
2326 2
2327 3
2328 3
2329 3
2330 3
2331 4
2332 5
2333 4
2334 4
2335 4
2336 4
2337 3
2338 3
2339 4
2340 3
2341 3
2342 3
2343 4
2344 4
2345 3
2346 3
2347 4
2348 5
2349 4
2350 4
2351 4
2352 7
2353 4
2354 4
2355 5
2356 5
2357 4
2358 4
2359 5
2360 5
2361 4
2362 4
2363 5
2364 6
2365 5
2366 5
2367 5
2368 0
2369 1
2370 2
2371 3
2372 1
2373 1
2374 2
2375 3
2376 3
2377 2
2378 3
2379 3
2380 4
2381 3
2382 3
2383 4
2384 1
2385 1
2386 2
2387 3
2388 1
2389 1
2390 2
2391 3
2392 3
2393 2
2394 3
2395 3
2396 4
2397 3
2398 3
2399 4
2400 3
2401 2
2402 3
2403 4
2404 3
2405 2
2406 3
2407 3
2408 3
2409 3
2410 3
2411 4
2412 4
2413 4
2414 4
2415 4
2416 6
2417 4
2418 4
2419 4
2420 4
2421 3
2422 4
2423 4
2424 4
2425 4
2426 4
2427 4
2428 5
2429 4
2430 4
2431 5
2432 0
2433 1
2434 2
2435 3
2436 1
2437 1
2438 2
2439 3
2440 3
2441 2
2442 3
2443 3
2444 4
2445 3
2446 4
2447 4
2448 2
2449 2
2450 2
2451 3
2452 2
2453 2
2454 2
2455 3
2456 3
2457 2
2458 3
2459 3
2460 4
2461 3
2462 3
2463 4
2464 3
2465 2
2466 3
2467 4
2468 3
2469 2
2470 3
2471 3
2472 3
2473 3
2474 3
2475 4
2476 4
2477 4
2478 4
2479 4
2480 5
2481 4
2482 4
2483 4
2484 4
2485 3
2486 4
2487 4
2488 4
2489 4
2490 4
2491 4
2492 5
2493 4
2494 4
2495 5
2496 3
2497 2
2498 3
2499 4
2500 3
2501 2
2502 3
2503 4
2504 4
2505 3
2506 3
2507 4
2508 5
2509 4
2510 4
2511 4
2512 3
2513 2
2514 3
2515 4
2516 3
2517 2
2518 3
2519 4
2520 3
2521 3
2522 3
2523 4
2524 5
2525 4
2526 4
2527 4
2528 4
2529 3
2530 3
2531 4
2532 3
2533 3
2534 3
2535 4
2536 4
2537 3
2538 4
2539 4
2540 5
2541 4
2542 4
2543 4
2544 6
2545 4
2546 4
2547 5
2548 5
2549 4
2550 4
2551 4
2552 5
2553 4
2554 4
2555 5
2556 5
2557 5
2558 5
2559 5
2560 1
2561 2
2562 3
2563 4
2564 2
2565 2
2566 3
2567 4
2568 4
2569 3
2570 3
2571 4
2572 5
2573 4
2574 4
2575 5
2576 2
2577 2
2578 3
2579 4
2580 2
2581 2
2582 3
2583 4
2584 3
2585 3
2586 3
2587 4
2588 5
2589 4
2590 4
2591 4
2592 5
2593 3
2594 3
2595 4
2596 3
2597 3
2598 3
2599 4
2600 4
2601 3
2602 4
2603 4
2604 5
2605 4
2606 4
2607 5
2608 7
2609 4
2610 4
2611 5
2612 5
2613 4
2614 4
2615 5
2616 5
2617 4
2618 4
2619 5
2620 6
2621 5
2622 5
2623 5
2624 0
2625 1
2626 2
2627 4
2628 1
2629 1
2630 2
2631 3
2632 3
2633 2
2634 3
2635 4
2636 4
2637 4
2638 4
2639 4
2640 1
2641 1
2642 2
2643 3
2644 2
2645 2
2646 2
2647 3
2648 3
2649 2
2650 3
2651 3
2652 4
2653 3
2654 4
2655 4
2656 3
2657 2
2658 3
2659 4
2660 3
2661 2
2662 3
2663 4
2664 4
2665 3
2666 3
2667 4
2668 5
2669 4
2670 4
2671 4
2672 6
2673 4
2674 4
2675 5
2676 4
2677 4
2678 4
2679 4
2680 5
2681 4
2682 4
2683 4
2684 5
2685 4
2686 4
2687 5
2688 1
2689 1
2690 3
2691 4
2692 2
2693 2
2694 2
2695 3
2696 3
2697 2
2698 3
2699 4
2700 4
2701 4
2702 4
2703 4
2704 2
2705 2
2706 3
2707 4
2708 2
2709 2
2710 2
2711 3
2712 3
2713 3
2714 3
2715 4
2716 4
2717 4
2718 4
2719 4
2720 4
2721 3
2722 3
2723 4
2724 3
2725 2
2726 3
2727 4
2728 4
2729 3
2730 3
2731 4
2732 5
2733 4
2734 4
2735 4
2736 6
2737 4
2738 4
2739 5
2740 4
2741 4
2742 4
2743 4
2744 5
2745 4
2746 4
2747 4
2748 5
2749 4
2750 4
2751 5
2752 4
2753 2
2754 3
2755 4
2756 3
2757 2
2758 3
2759 4
2760 4
2761 3
2762 3
2763 4
2764 5
2765 4
2766 4
2767 4
2768 3
2769 2
2770 3
2771 4
2772 3
2773 2
2774 3
2775 4
2776 3
2777 3
2778 3
2779 4
2780 5
2781 4
2782 4
2783 4
2784 4
2785 3
2786 4
2787 4
2788 4
2789 3
2790 3
2791 4
2792 4
2793 3
2794 4
2795 4
2796 5
2797 4
2798 4
2799 5
2800 6
2801 4
2802 4
2803 5
2804 5
2805 4
2806 4
2807 5
2808 5
2809 4
2810 4
2811 5
2812 6
2813 5
2814 5
2815 5
2816 7
2817 3
2818 4
2819 5
2820 3
2821 2
2822 3
2823 4
2824 4
2825 3
2826 4
2827 4
2828 5
2829 4
2830 5
2831 5
2832 3
2833 3
2834 3
2835 4
2836 3
2837 3
2838 3
2839 4
2840 4
2841 3
2842 4
2843 4
2844 5
2845 4
2846 4
2847 5
2848 5
2849 3
2850 4
2851 5
2852 4
2853 3
2854 4
2855 4
2856 4
2857 4
2858 4
2859 5
2860 5
2861 5
2862 5
2863 5
2864 7
2865 5
2866 5
2867 5
2868 5
2869 4
2870 4
2871 5
2872 5
2873 4
2874 5
2875 5
2876 6
2877 5
2878 5
2879 5
2880 0
2881 2
2882 3
2883 4
2884 2
2885 2
2886 3
2887 4
2888 3
2889 3
2890 3
2891 4
2892 5
2893 4
2894 4
2895 5
2896 2
2897 2
2898 3
2899 4
2900 2
2901 2
2902 3
2903 4
2904 3
2905 3
2906 3
2907 4
2908 5
2909 4
2910 4
2911 4
2912 4
2913 3
2914 3
2915 4
2916 3
2917 3
2918 3
2919 4
2920 4
2921 3
2922 4
2923 4
2924 5
2925 4
2926 4
2927 5
2928 6
2929 4
2930 4
2931 5
2932 5
2933 4
2934 4
2935 5
2936 5
2937 4
2938 4
2939 5
2940 6
2941 5
2942 5
2943 5
2944 1
2945 2
2946 3
2947 4
2948 2
2949 2
2950 3
2951 4
2952 3
2953 3
2954 3
2955 4
2956 5
2957 4
2958 4
2959 5
2960 2
2961 2
2962 3
2963 4
2964 2
2965 2
2966 3
2967 4
2968 3
2969 3
2970 3
2971 4
2972 5
2973 4
2974 4
2975 4
2976 4
2977 3
2978 3
2979 4
2980 3
2981 3
2982 3
2983 4
2984 4
2985 3
2986 4
2987 4
2988 5
2989 4
2990 4
2991 5
2992 6
2993 4
2994 4
2995 5
2996 5
2997 4
2998 4
2999 5
3000 5
3001 4
3002 4
3003 5
3004 5
3005 5
3006 5
3007 5
3008 4
3009 3
3010 4
3011 4
3012 3
3013 3
3014 3
3015 4
3016 4
3017 3
3018 4
3019 4
3020 5
3021 4
3022 4
3023 5
3024 3
3025 3
3026 3
3027 4
3028 3
3029 3
3030 3
3031 4
3032 4
3033 3
3034 4
3035 4
3036 5
3037 4
3038 4
3039 5
3040 5
3041 3
3042 4
3043 5
3044 4
3045 3
3046 4
3047 4
3048 4
3049 4
3050 4
3051 4
3052 5
3053 4
3054 4
3055 5
3056 6
3057 4
3058 5
3059 5
3060 5
3061 4
3062 4
3063 5
3064 5
3065 4
3066 4
3067 5
3068 6
3069 5
3070 5
3071 5
3072 7
3073 3
3074 4
3075 5
3076 3
3077 3
3078 4
3079 5
3080 4
3081 4
3082 4
3083 5
3084 6
3085 5
3086 5
3087 6
3088 3
3089 3
3090 4
3091 5
3092 3
3093 3
3094 3
3095 4
3096 4
3097 3
3098 4
3099 5
3100 5
3101 5
3102 5
3103 5
3104 5
3105 4
3106 4
3107 5
3108 4
3109 3
3110 4
3111 5
3112 5
3113 4
3114 4
3115 5
3116 6
3117 5
3118 5
3119 5
3120 7
3121 5
3122 5
3123 6
3124 5
3125 5
3126 5
3127 5
3128 6
3129 5
3130 5
3131 5
3132 6
3133 6
3134 6
3135 6
3136 0
3137 2
3138 3
3139 4
3140 1
3141 2
3142 3
3143 4
3144 3
3145 3
3146 4
3147 4
3148 5
3149 4
3150 4
3151 5
3152 1
3153 2
3154 3
3155 4
3156 2
3157 2
3158 3
3159 4
3160 3
3161 3
3162 3
3163 4
3164 5
3165 4
3166 4
3167 5
3168 3
3169 3
3170 4
3171 5
3172 3
3173 3
3174 3
3175 4
3176 4
3177 3
3178 4
3179 4
3180 5
3181 4
3182 4
3183 5
3184 6
3185 4
3186 5
3187 5
3188 5
3189 4
3190 4
3191 5
3192 5
3193 4
3194 4
3195 5
3196 6
3197 5
3198 5
3199 5
3200 0
3201 2
3202 3
3203 4
3204 2
3205 2
3206 3
3207 4
3208 3
3209 3
3210 3
3211 4
3212 5
3213 4
3214 4
3215 5
3216 1
3217 2
3218 3
3219 4
3220 2
3221 2
3222 3
3223 4
3224 3
3225 3
3226 3
3227 4
3228 5
3229 4
3230 4
3231 5
3232 3
3233 3
3234 4
3235 4
3236 3
3237 3
3238 3
3239 4
3240 4
3241 3
3242 4
3243 4
3244 5
3245 4
3246 4
3247 5
3248 5
3249 4
3250 4
3251 5
3252 4
3253 4
3254 4
3255 5
3256 5
3257 4
3258 4
3259 5
3260 6
3261 5
3262 5
3263 5
3264 3
3265 3
3266 4
3267 5
3268 3
3269 3
3270 3
3271 4
3272 4
3273 3
3274 4
3275 5
3276 5
3277 4
3278 5
3279 5
3280 3
3281 3
3282 4
3283 5
3284 3
3285 3
3286 3
3287 4
3288 4
3289 3
3290 4
3291 4
3292 5
3293 4
3294 4
3295 5
3296 4
3297 3
3298 4
3299 5
3300 4
3301 3
3302 4
3303 4
3304 4
3305 4
3306 4
3307 5
3308 5
3309 5
3310 5
3311 5
3312 6
3313 5
3314 5
3315 5
3316 5
3317 4
3318 4
3319 5
3320 5
3321 4
3322 5
3323 5
3324 6
3325 5
3326 5
3327 5
3328 0
3329 2
3330 3
3331 5
3332 2
3333 2
3334 3
3335 4
3336 4
3337 3
3338 4
3339 4
3340 5
3341 4
3342 5
3343 5
3344 2
3345 2
3346 3
3347 4
3348 2
3349 2
3350 3
3351 4
3352 3
3353 3
3354 4
3355 4
3356 5
3357 4
3358 4
3359 5
3360 4
3361 3
3362 4
3363 5
3364 3
3365 3
3366 4
3367 4
3368 4
3369 4
3370 4
3371 5
3372 5
3373 4
3374 5
3375 5
3376 6
3377 5
3378 5
3379 5
3380 5
3381 4
3382 4
3383 5
3384 5
3385 4
3386 5
3387 5
3388 6
3389 5
3390 5
3391 6
3392 0
3393 1
3394 3
3395 4
3396 1
3397 2
3398 3
3399 4
3400 3
3401 3
3402 3
3403 4
3404 5
3405 4
3406 4
3407 5
3408 0
3409 2
3410 3
3411 4
3412 1
3413 2
3414 3
3415 4
3416 3
3417 3
3418 3
3419 4
3420 4
3421 4
3422 4
3423 4
3424 3
3425 3
3426 3
3427 4
3428 3
3429 3
3430 3
3431 4
3432 4
3433 3
3434 3
3435 4
3436 5
3437 4
3438 4
3439 5
3440 5
3441 4
3442 4
3443 5
3444 4
3445 4
3446 4
3447 5
3448 5
3449 4
3450 4
3451 5
3452 5
3453 5
3454 5
3455 5
3456 0
3457 1
3458 3
3459 4
3460 1
3461 2
3462 3
3463 4
3464 3
3465 3
3466 3
3467 4
3468 5
3469 4
3470 4
3471 5
3472 1
3473 2
3474 3
3475 4
3476 2
3477 2
3478 3
3479 4
3480 3
3481 3
3482 3
3483 4
3484 4
3485 4
3486 4
3487 4
3488 3
3489 3
3490 3
3491 4
3492 3
3493 3
3494 3
3495 4
3496 4
3497 3
3498 3
3499 4
3500 5
3501 4
3502 4
3503 5
3504 5
3505 4
3506 4
3507 5
3508 4
3509 4
3510 4
3511 5
3512 5
3513 4
3514 4
3515 5
3516 5
3517 5
3518 5
3519 5
3520 2
3521 2
3522 3
3523 4
3524 2
3525 2
3526 3
3527 4
3528 4
3529 3
3530 4
3531 4
3532 5
3533 4
3534 4
3535 5
3536 2
3537 2
3538 3
3539 4
3540 2
3541 2
3542 3
3543 4
3544 3
3545 3
3546 3
3547 4
3548 5
3549 4
3550 4
3551 5
3552 4
3553 3
3554 4
3555 4
3556 3
3557 3
3558 3
3559 4
3560 4
3561 3
3562 4
3563 4
3564 5
3565 4
3566 4
3567 5
3568 6
3569 4
3570 4
3571 5
3572 5
3573 4
3574 4
3575 5
3576 5
3577 4
3578 4
3579 5
3580 6
3581 5
3582 5
3583 5
3584 0
3585 2
3586 3
3587 5
3588 2
3589 2
3590 3
3591 4
3592 4
3593 3
3594 4
3595 4
3596 5
3597 4
3598 5
3599 5
3600 2
3601 2
3602 3
3603 4
3604 2
3605 2
3606 3
3607 4
3608 4
3609 3
3610 4
3611 4
3612 5
3613 4
3614 4
3615 5
3616 4
3617 3
3618 4
3619 5
3620 3
3621 3
3622 4
3623 4
3624 4
3625 4
3626 4
3627 5
3628 5
3629 4
3630 5
3631 5
3632 6
3633 5
3634 5
3635 5
3636 5
3637 4
3638 4
3639 5
3640 5
3641 4
3642 5
3643 5
3644 6
3645 5
3646 5
3647 5
3648 0
3649 1
3650 3
3651 4
3652 1
3653 2
3654 3
3655 4
3656 3
3657 3
3658 3
3659 4
3660 5
3661 4
3662 4
3663 5
3664 0
3665 2
3666 3
3667 4
3668 2
3669 2
3670 3
3671 4
3672 3
3673 3
3674 3
3675 4
3676 4
3677 4
3678 4
3679 4
3680 3
3681 3
3682 3
3683 4
3684 3
3685 3
3686 3
3687 4
3688 4
3689 3
3690 4
3691 4
3692 5
3693 4
3694 4
3695 5
3696 5
3697 4
3698 4
3699 5
3700 4
3701 4
3702 4
3703 5
3704 5
3705 4
3706 4
3707 5
3708 5
3709 5
3710 5
3711 5
3712 0
3713 2
3714 3
3715 4
3716 1
3717 2
3718 3
3719 4
3720 3
3721 3
3722 3
3723 4
3724 5
3725 4
3726 4
3727 5
3728 1
3729 2
3730 3
3731 4
3732 2
3733 2
3734 3
3735 4
3736 3
3737 3
3738 3
3739 4
3740 4
3741 4
3742 4
3743 4
3744 3
3745 3
3746 3
3747 4
3748 3
3749 3
3750 3
3751 4
3752 4
3753 3
3754 4
3755 4
3756 5
3757 4
3758 4
3759 5
3760 5
3761 4
3762 4
3763 5
3764 4
3765 4
3766 4
3767 5
3768 5
3769 4
3770 4
3771 5
3772 5
3773 5
3774 5
3775 5
3776 2
3777 2
3778 3
3779 4
3780 2
3781 2
3782 3
3783 4
3784 4
3785 3
3786 4
3787 4
3788 5
3789 4
3790 4
3791 5
3792 2
3793 2
3794 3
3795 4
3796 2
3797 2
3798 3
3799 4
3800 3
3801 3
3802 3
3803 4
3804 5
3805 4
3806 4
3807 5
3808 4
3809 3
3810 4
3811 4
3812 3
3813 3
3814 3
3815 4
3816 4
3817 3
3818 4
3819 4
3820 5
3821 4
3822 4
3823 5
3824 6
3825 4
3826 4
3827 5
3828 5
3829 4
3830 4
3831 5
3832 5
3833 4
3834 4
3835 5
3836 6
3837 5
3838 5
3839 5
3840 3
3841 3
3842 4
3843 5
3844 3
3845 3
3846 4
3847 5
3848 4
3849 4
3850 4
3851 5
3852 6
3853 5
3854 5
3855 5
3856 3
3857 3
3858 4
3859 5
3860 3
3861 3
3862 3
3863 4
3864 4
3865 3
3866 4
3867 5
3868 5
3869 4
3870 5
3871 5
3872 5
3873 4
3874 4
3875 5
3876 4
3877 3
3878 4
3879 5
3880 4
3881 4
3882 4
3883 5
3884 5
3885 5
3886 5
3887 5
3888 7
3889 5
3890 5
3891 6
3892 5
3893 4
3894 5
3895 5
3896 5
3897 5
3898 5
3899 5
3900 6
3901 5
3902 5
3903 6
3904 0
3905 2
3906 3
3907 4
3908 2
3909 2
3910 3
3911 4
3912 3
3913 3
3914 4
3915 4
3916 5
3917 4
3918 4
3919 5
3920 1
3921 2
3922 3
3923 4
3924 2
3925 2
3926 3
3927 4
3928 3
3929 3
3930 3
3931 4
3932 5
3933 4
3934 4
3935 5
3936 3
3937 3
3938 4
3939 5
3940 3
3941 3
3942 3
3943 4
3944 4
3945 3
3946 4
3947 4
3948 5
3949 4
3950 4
3951 5
3952 6
3953 4
3954 4
3955 5
3956 5
3957 4
3958 4
3959 5
3960 5
3961 4
3962 4
3963 5
3964 6
3965 5
3966 5
3967 5
3968 0
3969 2
3970 3
3971 4
3972 2
3973 2
3974 3
3975 4
3976 3
3977 3
3978 4
3979 4
3980 5
3981 4
3982 4
3983 5
3984 1
3985 2
3986 3
3987 4
3988 2
3989 2
3990 3
3991 4
3992 3
3993 3
3994 3
3995 4
3996 5
3997 4
3998 4
3999 5
4000 3
4001 3
4002 4
4003 4
4004 3
4005 3
4006 3
4007 4
4008 4
4009 3
4010 4
4011 4
4012 5
4013 4
4014 4
4015 5
4016 5
4017 4
4018 4
4019 5
4020 4
4021 4
4022 4
4023 5
4024 5
4025 4
4026 4
4027 5
4028 6
4029 5
4030 5
4031 5
4032 3
4033 3
4034 4
4035 5
4036 3
4037 3
4038 3
4039 4
4040 4
4041 3
4042 4
4043 5
4044 5
4045 4
4046 5
4047 5
4048 3
4049 3
4050 4
4051 4
4052 3
4053 3
4054 3
4055 4
4056 4
4057 3
4058 4
4059 4
4060 5
4061 4
4062 4
4063 5
4064 4
4065 3
4066 4
4067 5
4068 4
4069 3
4070 4
4071 4
4072 4
4073 4
4074 4
4075 5
4076 5
4077 4
4078 5
4079 5
4080 6
4081 4
4082 5
4083 5
4084 5
4085 4
4086 4
4087 5
4088 5
4089 4
4090 5
4091 5
4092 6
4093 5
4094 5
4095 5
