#CSC Position Offset LUT
#Structure is comparator code (iCC) -> Stub position offset
#iCC bits: 12
#<header> v1.0 12 32 </header>
0 0
1 0
2 0
3 0
4 0
5 -1.250000
6 -1.750000
7 -2.250000
8 0
9 -0.250000
10 -0.750000
11 -1.250000
12 0
13 0.750000
14 0.250000
15 -0.250000
16 0
17 -1.250000
18 -1.250000
19 -1.250000
20 -1.250000
21 -1.250000
22 -1.333330
23 -1.416670
24 -1.250000
25 -1.083330
26 -1.166670
27 -1.250000
28 -1.250000
29 -0.916667
30 -1.000000
31 -1.083330
32 0
33 -0.750000
34 -0.750000
35 -0.750000
36 -0.750000
37 -0.833333
38 -0.916667
39 -1.000000
40 -0.750000
41 -0.666667
42 -0.750000
43 -0.833333
44 -0.750000
45 -0.500000
46 -0.583333
47 -0.666667
48 0
49 -0.250000
50 -0.250000
51 -0.250000
52 -0.250000
53 -0.416667
54 -0.500000
55 -0.583333
56 -0.250000
57 -0.250000
58 -0.333333
59 -0.416667
60 -0.250000
61 -0.083333
62 -0.166667
63 -0.250000
64 0
65 -1.250000
66 -1.083330
67 -0.916667
68 -1.250000
69 -1.250000
70 -1.178570
71 -1.107140
72 -1.000000
73 -1.107140
74 -1.035710
75 -0.964286
76 -0.750000
77 -0.964286
78 -0.892857
79 -0.821429
80 -1.250000
81 -1.250000
82 -1.142860
83 -1.035710
84 -1.250000
85 -1.250000
86 -1.200000
87 -1.150000
88 -1.083330
89 -1.150000
90 -1.100000
91 -1.050000
92 -0.916667
93 -1.050000
94 -1.000000
95 -0.950000
96 -0.750000
97 -1.071430
98 -0.964286
99 -0.857143
100 -1.083330
101 -1.100000
102 -1.050000
103 -1.000000
104 -0.916667
105 -1.000000
106 -0.950000
107 -0.900000
108 -0.750000
109 -0.900000
110 -0.850000
111 -0.800000
112 -0.250000
113 -0.892857
114 -0.785714
115 -0.678571
116 -0.916667
117 -0.950000
118 -0.900000
119 -0.850000
120 -0.750000
121 -0.850000
122 -0.800000
123 -0.750000
124 -0.583333
125 -0.750000
126 -0.700000
127 -0.650000
128 0
129 -0.916667
130 -0.750000
131 -0.583333
132 -1.000000
133 -0.964286
134 -0.892857
135 -0.821429
136 -0.750000
137 -0.821429
138 -0.750000
139 -0.678571
140 -0.500000
141 -0.678571
142 -0.607143
143 -0.535714
144 -1.250000
145 -1.035710
146 -0.928571
147 -0.821429
148 -1.083330
149 -1.050000
150 -1.000000
151 -0.950000
152 -0.916667
153 -0.950000
154 -0.900000
155 -0.850000
156 -0.750000
157 -0.850000
158 -0.800000
159 -0.750000
160 -0.750000
161 -0.857143
162 -0.750000
163 -0.642857
164 -0.916667
165 -0.900000
166 -0.850000
167 -0.800000
168 -0.750000
169 -0.800000
170 -0.750000
171 -0.700000
172 -0.583333
173 -0.700000
174 -0.650000
175 -0.600000
176 -0.250000
177 -0.678571
178 -0.571429
179 -0.464286
180 -0.750000
181 -0.750000
182 -0.700000
183 -0.650000
184 -0.583333
185 -0.650000
186 -0.600000
187 -0.550000
188 -0.416667
189 -0.550000
190 -0.500000
191 -0.450000
192 0
193 -0.583333
194 -0.416667
195 -0.250000
196 -0.750000
197 -0.678571
198 -0.607143
199 -0.535714
200 -0.500000
201 -0.535714
202 -0.464286
203 -0.392857
204 -0.250000
205 -0.392857
206 -0.321429
207 -0.250000
208 -1.250000
209 -0.821429
210 -0.714286
211 -0.607143
212 -0.916667
213 -0.850000
214 -0.800000
215 -0.750000
216 -0.750000
217 -0.750000
218 -0.700000
219 -0.650000
220 -0.583333
221 -0.650000
222 -0.600000
223 -0.550000
224 -0.750000
225 -0.642857
226 -0.535714
227 -0.428571
228 -0.750000
229 -0.700000
230 -0.650000
231 -0.600000
232 -0.583333
233 -0.600000
234 -0.550000
235 -0.500000
236 -0.416667
237 -0.500000
238 -0.450000
239 -0.400000
240 -0.250000
241 -0.464286
242 -0.357143
243 -0.250000
244 -0.583333
245 -0.550000
246 -0.500000
247 -0.450000
248 -0.416667
249 -0.450000
250 -0.400000
251 -0.350000
252 -0.250000
253 -0.350000
254 -0.300000
255 -0.250000
256 0
257 -1.250000
258 -1.000000
259 -0.750000
260 -1.250000
261 -1.250000
262 -1.115380
263 -0.980769
264 -0.916667
265 -1.096150
266 -0.961538
267 -0.826923
268 -0.583333
269 -0.942308
270 -0.807692
271 -0.673077
272 -1.250000
273 -1.250000
274 -1.083330
275 -0.916667
276 -1.250000
277 -1.250000
278 -1.150000
279 -1.050000
280 -1.035710
281 -1.135710
282 -1.035710
283 -0.935714
284 -0.821429
285 -1.021430
286 -0.921429
287 -0.821429
288 -0.750000
289 -1.083330
290 -0.916667
291 -0.750000
292 -1.071430
293 -1.121430
294 -1.021430
295 -0.921429
296 -0.857143
297 -1.007140
298 -0.907143
299 -0.807143
300 -0.642857
301 -0.892857
302 -0.792857
303 -0.692857
304 -0.250000
305 -0.916667
306 -0.750000
307 -0.583333
308 -0.892857
309 -0.992857
310 -0.892857
311 -0.792857
312 -0.678571
313 -0.878571
314 -0.778571
315 -0.678571
316 -0.464286
317 -0.764286
318 -0.664286
319 -0.564286
320 -1.250000
321 -1.250000
322 -1.038460
323 -0.826923
324 -1.250000
325 -1.250000
326 -1.125000
327 -1.000000
328 -0.964286
329 -1.125000
330 -1.000000
331 -0.875000
332 -0.678571
333 -1.000000
334 -0.875000
335 -0.750000
336 -1.250000
337 -1.250000
338 -1.092860
339 -0.935714
340 -1.250000
341 -1.250000
342 -1.150000
343 -1.050000
344 -1.050000
345 -1.150000
346 -1.050000
347 -0.950000
348 -0.850000
349 -1.050000
350 -0.950000
351 -0.850000
352 -0.833333
353 -1.121430
354 -0.964286
355 -0.807143
356 -1.100000
357 -1.150000
358 -1.050000
359 -0.950000
360 -0.900000
361 -1.050000
362 -0.950000
363 -0.850000
364 -0.700000
365 -0.950000
366 -0.850000
367 -0.750000
368 -0.416667
369 -0.992857
370 -0.835714
371 -0.678571
372 -0.950000
373 -1.050000
374 -0.950000
375 -0.850000
376 -0.750000
377 -0.950000
378 -0.850000
379 -0.750000
380 -0.550000
381 -0.850000
382 -0.750000
383 -0.650000
384 -0.250000
385 -1.096150
386 -0.884615
387 -0.673077
388 -1.107140
389 -1.125000
390 -1.000000
391 -0.875000
392 -0.821429
393 -1.000000
394 -0.875000
395 -0.750000
396 -0.535714
397 -0.875000
398 -0.750000
399 -0.625000
400 -1.083330
401 -1.135710
402 -0.978571
403 -0.821429
404 -1.150000
405 -1.150000
406 -1.050000
407 -0.950000
408 -0.950000
409 -1.050000
410 -0.950000
411 -0.850000
412 -0.750000
413 -0.950000
414 -0.850000
415 -0.750000
416 -0.666667
417 -1.007140
418 -0.850000
419 -0.692857
420 -1.000000
421 -1.050000
422 -0.950000
423 -0.850000
424 -0.800000
425 -0.950000
426 -0.850000
427 -0.750000
428 -0.600000
429 -0.850000
430 -0.750000
431 -0.650000
432 -0.250000
433 -0.878571
434 -0.721429
435 -0.564286
436 -0.850000
437 -0.950000
438 -0.850000
439 -0.750000
440 -0.650000
441 -0.850000
442 -0.750000
443 -0.650000
444 -0.450000
445 -0.750000
446 -0.650000
447 -0.550000
448 0.750000
449 -0.942308
450 -0.730769
451 -0.519231
452 -0.964286
453 -1.000000
454 -0.875000
455 -0.750000
456 -0.678571
457 -0.875000
458 -0.750000
459 -0.625000
460 -0.392857
461 -0.750000
462 -0.625000
463 -0.500000
464 -0.916667
465 -1.021430
466 -0.864286
467 -0.707143
468 -1.050000
469 -1.050000
470 -0.950000
471 -0.850000
472 -0.850000
473 -0.950000
474 -0.850000
475 -0.750000
476 -0.650000
477 -0.850000
478 -0.750000
479 -0.650000
480 -0.500000
481 -0.892857
482 -0.735714
483 -0.578571
484 -0.900000
485 -0.950000
486 -0.850000
487 -0.750000
488 -0.700000
489 -0.850000
490 -0.750000
491 -0.650000
492 -0.500000
493 -0.750000
494 -0.650000
495 -0.550000
496 -0.083333
497 -0.764286
498 -0.607143
499 -0.450000
500 -0.750000
501 -0.850000
502 -0.750000
503 -0.650000
504 -0.550000
505 -0.750000
506 -0.650000
507 -0.550000
508 -0.350000
509 -0.650000
510 -0.550000
511 -0.450000
512 0
513 -1.000000
514 -0.750000
515 -0.500000
516 -1.083330
517 -1.038460
518 -0.903846
519 -0.769231
520 -0.750000
521 -0.884615
522 -0.750000
523 -0.615385
524 -0.416667
525 -0.730769
526 -0.596154
527 -0.461538
528 -1.250000
529 -1.083330
530 -0.916667
531 -0.750000
532 -1.142860
533 -1.092860
534 -0.992857
535 -0.892857
536 -0.928571
537 -0.978571
538 -0.878571
539 -0.778571
540 -0.714286
541 -0.864286
542 -0.764286
543 -0.664286
544 -0.750000
545 -0.916667
546 -0.750000
547 -0.583333
548 -0.964286
549 -0.964286
550 -0.864286
551 -0.764286
552 -0.750000
553 -0.850000
554 -0.750000
555 -0.650000
556 -0.535714
557 -0.735714
558 -0.635714
559 -0.535714
560 -0.250000
561 -0.750000
562 -0.583333
563 -0.416667
564 -0.785714
565 -0.835714
566 -0.735714
567 -0.635714
568 -0.571429
569 -0.721429
570 -0.621429
571 -0.521429
572 -0.357143
573 -0.607143
574 -0.507143
575 -0.407143
576 -1.750000
577 -1.115380
578 -0.903846
579 -0.692308
580 -1.178570
581 -1.125000
582 -1.000000
583 -0.875000
584 -0.892857
585 -1.000000
586 -0.875000
587 -0.750000
588 -0.607143
589 -0.875000
590 -0.750000
591 -0.625000
592 -1.333330
593 -1.150000
594 -0.992857
595 -0.835714
596 -1.200000
597 -1.150000
598 -1.050000
599 -0.950000
600 -1.000000
601 -1.050000
602 -0.950000
603 -0.850000
604 -0.800000
605 -0.950000
606 -0.850000
607 -0.750000
608 -0.916667
609 -1.021430
610 -0.864286
611 -0.707143
612 -1.050000
613 -1.050000
614 -0.950000
615 -0.850000
616 -0.850000
617 -0.950000
618 -0.850000
619 -0.750000
620 -0.650000
621 -0.850000
622 -0.750000
623 -0.650000
624 -0.500000
625 -0.892857
626 -0.735714
627 -0.578571
628 -0.900000
629 -0.950000
630 -0.850000
631 -0.750000
632 -0.700000
633 -0.850000
634 -0.750000
635 -0.650000
636 -0.500000
637 -0.750000
638 -0.650000
639 -0.550000
640 -0.750000
641 -0.961538
642 -0.750000
643 -0.538462
644 -1.035710
645 -1.000000
646 -0.875000
647 -0.750000
648 -0.750000
649 -0.875000
650 -0.750000
651 -0.625000
652 -0.464286
653 -0.750000
654 -0.625000
655 -0.500000
656 -1.166670
657 -1.035710
658 -0.878571
659 -0.721429
660 -1.100000
661 -1.050000
662 -0.950000
663 -0.850000
664 -0.900000
665 -0.950000
666 -0.850000
667 -0.750000
668 -0.700000
669 -0.850000
670 -0.750000
671 -0.650000
672 -0.750000
673 -0.907143
674 -0.750000
675 -0.592857
676 -0.950000
677 -0.950000
678 -0.850000
679 -0.750000
680 -0.750000
681 -0.850000
682 -0.750000
683 -0.650000
684 -0.550000
685 -0.750000
686 -0.650000
687 -0.550000
688 -0.333333
689 -0.778571
690 -0.621429
691 -0.464286
692 -0.800000
693 -0.850000
694 -0.750000
695 -0.650000
696 -0.600000
697 -0.750000
698 -0.650000
699 -0.550000
700 -0.400000
701 -0.650000
702 -0.550000
703 -0.450000
704 0.250000
705 -0.807692
706 -0.596154
707 -0.384615
708 -0.892857
709 -0.875000
710 -0.750000
711 -0.625000
712 -0.607143
713 -0.750000
714 -0.625000
715 -0.500000
716 -0.321429
717 -0.625000
718 -0.500000
719 -0.375000
720 -1.000000
721 -0.921429
722 -0.764286
723 -0.607143
724 -1.000000
725 -0.950000
726 -0.850000
727 -0.750000
728 -0.800000
729 -0.850000
730 -0.750000
731 -0.650000
732 -0.600000
733 -0.750000
734 -0.650000
735 -0.550000
736 -0.583333
737 -0.792857
738 -0.635714
739 -0.478571
740 -0.850000
741 -0.850000
742 -0.750000
743 -0.650000
744 -0.650000
745 -0.750000
746 -0.650000
747 -0.550000
748 -0.450000
749 -0.650000
750 -0.550000
751 -0.450000
752 -0.166667
753 -0.664286
754 -0.507143
755 -0.350000
756 -0.700000
757 -0.750000
758 -0.650000
759 -0.550000
760 -0.500000
761 -0.650000
762 -0.550000
763 -0.450000
764 -0.300000
765 -0.550000
766 -0.450000
767 -0.350000
768 0
769 -0.750000
770 -0.500000
771 -0.250000
772 -0.916667
773 -0.826923
774 -0.692308
775 -0.557692
776 -0.583333
777 -0.673077
778 -0.538462
779 -0.403846
780 -0.250000
781 -0.519231
782 -0.384615
783 -0.250000
784 -1.250000
785 -0.916667
786 -0.750000
787 -0.583333
788 -1.035710
789 -0.935714
790 -0.835714
791 -0.735714
792 -0.821429
793 -0.821429
794 -0.721429
795 -0.621429
796 -0.607143
797 -0.707143
798 -0.607143
799 -0.507143
800 -0.750000
801 -0.750000
802 -0.583333
803 -0.416667
804 -0.857143
805 -0.807143
806 -0.707143
807 -0.607143
808 -0.642857
809 -0.692857
810 -0.592857
811 -0.492857
812 -0.428571
813 -0.578571
814 -0.478571
815 -0.378571
816 -0.250000
817 -0.583333
818 -0.416667
819 -0.250000
820 -0.678571
821 -0.678571
822 -0.578571
823 -0.478571
824 -0.464286
825 -0.564286
826 -0.464286
827 -0.364286
828 -0.250000
829 -0.450000
830 -0.350000
831 -0.250000
832 -2.250000
833 -0.980769
834 -0.769231
835 -0.557692
836 -1.107140
837 -1.000000
838 -0.875000
839 -0.750000
840 -0.821429
841 -0.875000
842 -0.750000
843 -0.625000
844 -0.535714
845 -0.750000
846 -0.625000
847 -0.500000
848 -1.416670
849 -1.050000
850 -0.892857
851 -0.735714
852 -1.150000
853 -1.050000
854 -0.950000
855 -0.850000
856 -0.950000
857 -0.950000
858 -0.850000
859 -0.750000
860 -0.750000
861 -0.850000
862 -0.750000
863 -0.650000
864 -1.000000
865 -0.921429
866 -0.764286
867 -0.607143
868 -1.000000
869 -0.950000
870 -0.850000
871 -0.750000
872 -0.800000
873 -0.850000
874 -0.750000
875 -0.650000
876 -0.600000
877 -0.750000
878 -0.650000
879 -0.550000
880 -0.583333
881 -0.792857
882 -0.635714
883 -0.478571
884 -0.850000
885 -0.850000
886 -0.750000
887 -0.650000
888 -0.650000
889 -0.750000
890 -0.650000
891 -0.550000
892 -0.450000
893 -0.650000
894 -0.550000
895 -0.450000
896 -1.250000
897 -0.826923
898 -0.615385
899 -0.403846
900 -0.964286
901 -0.875000
902 -0.750000
903 -0.625000
904 -0.678571
905 -0.750000
906 -0.625000
907 -0.500000
908 -0.392857
909 -0.625000
910 -0.500000
911 -0.375000
912 -1.250000
913 -0.935714
914 -0.778571
915 -0.621429
916 -1.050000
917 -0.950000
918 -0.850000
919 -0.750000
920 -0.850000
921 -0.850000
922 -0.750000
923 -0.650000
924 -0.650000
925 -0.750000
926 -0.650000
927 -0.550000
928 -0.833333
929 -0.807143
930 -0.650000
931 -0.492857
932 -0.900000
933 -0.850000
934 -0.750000
935 -0.650000
936 -0.700000
937 -0.750000
938 -0.650000
939 -0.550000
940 -0.500000
941 -0.650000
942 -0.550000
943 -0.450000
944 -0.416667
945 -0.678571
946 -0.521429
947 -0.364286
948 -0.750000
949 -0.750000
950 -0.650000
951 -0.550000
952 -0.550000
953 -0.650000
954 -0.550000
955 -0.450000
956 -0.350000
957 -0.550000
958 -0.450000
959 -0.350000
960 -0.250000
961 -0.673077
962 -0.461538
963 -0.250000
964 -0.821429
965 -0.750000
966 -0.625000
967 -0.500000
968 -0.535714
969 -0.625000
970 -0.500000
971 -0.375000
972 -0.250000
973 -0.500000
974 -0.375000
975 -0.250000
976 -1.083330
977 -0.821429
978 -0.664286
979 -0.507143
980 -0.950000
981 -0.850000
982 -0.750000
983 -0.650000
984 -0.750000
985 -0.750000
986 -0.650000
987 -0.550000
988 -0.550000
989 -0.650000
990 -0.550000
991 -0.450000
992 -0.666667
993 -0.692857
994 -0.535714
995 -0.378571
996 -0.800000
997 -0.750000
998 -0.650000
999 -0.550000
1000 -0.600000
1001 -0.650000
1002 -0.550000
1003 -0.450000
1004 -0.400000
1005 -0.550000
1006 -0.450000
1007 -0.350000
1008 -0.250000
1009 -0.564286
1010 -0.407143
1011 -0.250000
1012 -0.650000
1013 -0.650000
1014 -0.550000
1015 -0.450000
1016 -0.450000
1017 -0.550000
1018 -0.450000
1019 -0.350000
1020 -0.250000
1021 -0.450000
1022 -0.350000
1023 -0.250000
1024 0
1025 -1.250000
1026 -0.950000
1027 -0.650000
1028 -1.250000
1029 -1.250000
1030 -1.083330
1031 -0.916667
1032 -0.875000
1033 -1.083330
1034 -0.916667
1035 -0.750000
1036 -0.500000
1037 -0.916667
1038 -0.750000
1039 -0.583333
1040 -1.250000
1041 -1.249980
1042 -1.052630
1043 -0.855263
1044 -1.250000
1045 -1.250000
1046 -1.125000
1047 -1.000000
1048 -1.019230
1049 -1.125000
1050 -1.000000
1051 -0.875000
1052 -0.788462
1053 -1.000000
1054 -0.875000
1055 -0.750000
1056 -0.750000
1057 -1.078950
1058 -0.881579
1059 -0.684211
1060 -1.057690
1061 -1.125000
1062 -1.000000
1063 -0.875000
1064 -0.826923
1065 -1.000000
1066 -0.875000
1067 -0.750000
1068 -0.596154
1069 -0.875000
1070 -0.750000
1071 -0.625000
1072 -0.250000
1073 -0.907895
1074 -0.710526
1075 -0.513158
1076 -0.865385
1077 -1.000000
1078 -0.875000
1079 -0.750000
1080 -0.634615
1081 -0.875000
1082 -0.750000
1083 -0.625000
1084 -0.403846
1085 -0.750000
1086 -0.625000
1087 -0.500000
1088 -1.250000
1089 -1.250000
1090 -1.013160
1091 -0.776316
1092 -1.250000
1093 -1.250000
1094 -1.105930
1095 -0.961864
1096 -0.958333
1097 -1.114410
1098 -0.970339
1099 -0.826271
1100 -0.666667
1101 -0.978814
1102 -0.834746
1103 -0.690678
1104 -1.250000
1105 -1.250000
1106 -1.076920
1107 -0.903846
1108 -1.250000
1109 -1.250000
1110 -1.135140
1111 -1.020270
1112 -1.050000
1113 -1.141890
1114 -1.027030
1115 -0.912162
1116 -0.850000
1117 -1.033780
1118 -0.918919
1119 -0.804054
1120 -0.892857
1121 -1.115380
1122 -0.942308
1123 -0.769231
1124 -1.092860
1125 -1.148650
1126 -1.033780
1127 -0.918919
1128 -0.892857
1129 -1.040540
1130 -0.925676
1131 -0.810811
1132 -0.692857
1133 -0.932432
1134 -0.817568
1135 -0.702703
1136 -0.535714
1137 -0.980769
1138 -0.807692
1139 -0.634615
1140 -0.935714
1141 -1.047290
1142 -0.932432
1143 -0.817568
1144 -0.735714
1145 -0.939189
1146 -0.824324
1147 -0.709459
1148 -0.535714
1149 -0.831081
1150 -0.716216
1151 -0.601351
1152 -0.500000
1153 -1.092110
1154 -0.855263
1155 -0.618421
1156 -1.083330
1157 -1.131360
1158 -0.987288
1159 -0.843220
1160 -0.791667
1161 -0.995763
1162 -0.851695
1163 -0.707627
1164 -0.500000
1165 -0.860169
1166 -0.716102
1167 -0.572034
1168 -1.035710
1169 -1.134620
1170 -0.961538
1171 -0.788462
1172 -1.135710
1173 -1.155410
1174 -1.040540
1175 -0.925676
1176 -0.935714
1177 -1.047290
1178 -0.932432
1179 -0.817568
1180 -0.735714
1181 -0.939189
1182 -0.824324
1183 -0.709459
1184 -0.678571
1185 -1.000000
1186 -0.826923
1187 -0.653846
1188 -0.978571
1189 -1.054050
1190 -0.939189
1191 -0.824324
1192 -0.778571
1193 -0.945946
1194 -0.831081
1195 -0.716216
1196 -0.578571
1197 -0.837838
1198 -0.722973
1199 -0.608108
1200 -0.321429
1201 -0.865385
1202 -0.692308
1203 -0.519231
1204 -0.821429
1205 -0.952703
1206 -0.837838
1207 -0.722973
1208 -0.621429
1209 -0.844595
1210 -0.729730
1211 -0.614865
1212 -0.421429
1213 -0.736486
1214 -0.621622
1215 -0.506757
1216 0.250000
1217 -0.934211
1218 -0.697368
1219 -0.460526
1220 -0.916667
1221 -1.012710
1222 -0.868644
1223 -0.724576
1224 -0.625000
1225 -0.877119
1226 -0.733051
1227 -0.588983
1228 -0.333333
1229 -0.741525
1230 -0.597458
1231 -0.453390
1232 -0.821429
1233 -1.019230
1234 -0.846154
1235 -0.673077
1236 -1.021430
1237 -1.060810
1238 -0.945946
1239 -0.831081
1240 -0.821429
1241 -0.952703
1242 -0.837838
1243 -0.722973
1244 -0.621429
1245 -0.844595
1246 -0.729730
1247 -0.614865
1248 -0.464286
1249 -0.884615
1250 -0.711538
1251 -0.538462
1252 -0.864286
1253 -0.959459
1254 -0.844595
1255 -0.729730
1256 -0.664286
1257 -0.851351
1258 -0.736486
1259 -0.621622
1260 -0.464286
1261 -0.743243
1262 -0.628378
1263 -0.513514
1264 -0.107143
1265 -0.750000
1266 -0.576923
1267 -0.403846
1268 -0.707143
1269 -0.858108
1270 -0.743243
1271 -0.628378
1272 -0.507143
1273 -0.750000
1274 -0.635135
1275 -0.520270
1276 -0.307143
1277 -0.641892
1278 -0.527027
1279 -0.412162
1280 -1.250000
1281 -1.250000
1282 -0.976190
1283 -0.702381
1284 -1.250000
1285 -1.250000
1286 -1.088240
1287 -0.926471
1288 -0.903846
1289 -1.102940
1290 -0.941176
1291 -0.779412
1292 -0.557692
1293 -0.955882
1294 -0.794118
1295 -0.632353
1296 -1.249560
1297 -1.250000
1298 -1.055080
1299 -0.860169
1300 -1.250000
1301 -1.250000
1302 -1.122090
1303 -0.994186
1304 -1.025000
1305 -1.133720
1306 -1.005810
1307 -0.877907
1308 -0.800000
1309 -1.017440
1310 -0.889535
1311 -0.761628
1312 -0.786074
1313 -1.105930
1314 -0.911017
1315 -0.716102
1316 -1.075000
1317 -1.145350
1318 -1.017440
1319 -0.889535
1320 -0.850000
1321 -1.029070
1322 -0.901163
1323 -0.773256
1324 -0.625000
1325 -0.912791
1326 -0.784884
1327 -0.656977
1328 -0.321429
1329 -0.961864
1330 -0.766949
1331 -0.572034
1332 -0.900000
1333 -1.040700
1334 -0.912791
1335 -0.784884
1336 -0.675000
1337 -0.924419
1338 -0.796512
1339 -0.668605
1340 -0.450000
1341 -0.808140
1342 -0.680233
1343 -0.552326
1344 -1.250000
1345 -1.250000
1346 -1.017860
1347 -0.785714
1348 -1.250000
1349 -1.250000
1350 -1.104650
1351 -0.959302
1352 -0.964286
1353 -1.122090
1354 -0.976744
1355 -0.831395
1356 -0.678571
1357 -0.994186
1358 -0.848837
1359 -0.703488
1360 -1.250000
1361 -1.250000
1362 -1.074320
1363 -0.898649
1364 -1.250000
1365 -1.250000
1366 -1.130950
1367 -1.011900
1368 -1.050000
1369 -1.145240
1370 -1.026190
1371 -0.907143
1372 -0.850000
1373 -1.040480
1374 -0.921429
1375 -0.802381
1376 -0.900514
1377 -1.128380
1378 -0.952703
1379 -0.777027
1380 -1.100000
1381 -1.159520
1382 -1.040480
1383 -0.921429
1384 -0.900000
1385 -1.054760
1386 -0.935714
1387 -0.816667
1388 -0.700000
1389 -0.950000
1390 -0.830952
1391 -0.711905
1392 -0.550000
1393 -1.006760
1394 -0.831081
1395 -0.655405
1396 -0.950000
1397 -1.069050
1398 -0.950000
1399 -0.830952
1400 -0.750000
1401 -0.964286
1402 -0.845238
1403 -0.726190
1404 -0.550000
1405 -0.859524
1406 -0.740476
1407 -0.621429
1408 -0.583333
1409 -1.125000
1410 -0.892857
1411 -0.660714
1412 -1.107140
1413 -1.156980
1414 -1.011630
1415 -0.866279
1416 -0.821429
1417 -1.029070
1418 -0.883721
1419 -0.738372
1420 -0.535714
1421 -0.901163
1422 -0.755814
1423 -0.610465
1424 -1.050000
1425 -1.155410
1426 -0.979730
1427 -0.804054
1428 -1.150000
1429 -1.173810
1430 -1.054760
1431 -0.935714
1432 -0.950000
1433 -1.069050
1434 -0.950000
1435 -0.830952
1436 -0.750000
1437 -0.964286
1438 -0.845238
1439 -0.726190
1440 -0.700000
1441 -1.033780
1442 -0.858108
1443 -0.682432
1444 -1.000000
1445 -1.083330
1446 -0.964286
1447 -0.845238
1448 -0.800000
1449 -0.978571
1450 -0.859524
1451 -0.740476
1452 -0.600000
1453 -0.873810
1454 -0.754762
1455 -0.635714
1456 -0.350000
1457 -0.912162
1458 -0.736486
1459 -0.560811
1460 -0.850000
1461 -0.992857
1462 -0.873810
1463 -0.754762
1464 -0.650000
1465 -0.888095
1466 -0.769048
1467 -0.650000
1468 -0.450000
1469 -0.783333
1470 -0.664286
1471 -0.545238
1472 0.083333
1473 -1.000000
1474 -0.767857
1475 -0.535714
1476 -0.964286
1477 -1.063950
1478 -0.918605
1479 -0.773256
1480 -0.678571
1481 -0.936047
1482 -0.790698
1483 -0.645349
1484 -0.392857
1485 -0.808140
1486 -0.662791
1487 -0.517442
1488 -0.850343
1489 -1.060810
1490 -0.885135
1491 -0.709459
1492 -1.050000
1493 -1.097620
1494 -0.978571
1495 -0.859524
1496 -0.850000
1497 -0.992857
1498 -0.873810
1499 -0.754762
1500 -0.650000
1501 -0.888095
1502 -0.769048
1503 -0.650000
1504 -0.500000
1505 -0.939189
1506 -0.763514
1507 -0.587838
1508 -0.900000
1509 -1.007140
1510 -0.888095
1511 -0.769048
1512 -0.700000
1513 -0.902381
1514 -0.783333
1515 -0.664286
1516 -0.500000
1517 -0.797619
1518 -0.678571
1519 -0.559524
1520 -0.150000
1521 -0.817568
1522 -0.641892
1523 -0.466216
1524 -0.750000
1525 -0.916667
1526 -0.797619
1527 -0.678571
1528 -0.550000
1529 -0.811905
1530 -0.692857
1531 -0.573810
1532 -0.350000
1533 -0.707143
1534 -0.588095
1535 -0.469048
1536 0.250000
1537 -1.119050
1538 -0.845238
1539 -0.571429
1540 -1.134620
1541 -1.147060
1542 -0.985294
1543 -0.823529
1544 -0.788462
1545 -1.000000
1546 -0.838235
1547 -0.676471
1548 -0.442308
1549 -0.852941
1550 -0.691176
1551 -0.529412
1552 -1.142730
1553 -1.156780
1554 -0.961864
1555 -0.766949
1556 -1.175000
1557 -1.168600
1558 -1.040700
1559 -0.912791
1560 -0.950000
1561 -1.052330
1562 -0.924419
1563 -0.796512
1564 -0.725000
1565 -0.936047
1566 -0.808140
1567 -0.680233
1568 -0.678571
1569 -1.012710
1570 -0.817797
1571 -0.622881
1572 -1.000000
1573 -1.063950
1574 -0.936047
1575 -0.808140
1576 -0.775000
1577 -0.947674
1578 -0.819767
1579 -0.691860
1580 -0.550000
1581 -0.831395
1582 -0.703488
1583 -0.575581
1584 -0.214286
1585 -0.868644
1586 -0.673729
1587 -0.478814
1588 -0.825000
1589 -0.959302
1590 -0.831395
1591 -0.703488
1592 -0.600000
1593 -0.843023
1594 -0.715116
1595 -0.587209
1596 -0.375000
1597 -0.726744
1598 -0.598837
1599 -0.470930
1600 -1.083330
1601 -1.160710
1602 -0.928571
1603 -0.696429
1604 -1.178570
1605 -1.174420
1606 -1.029070
1607 -0.883721
1608 -0.892857
1609 -1.046510
1610 -0.901163
1611 -0.755814
1612 -0.607143
1613 -0.918605
1614 -0.773256
1615 -0.627907
1616 -1.200000
1617 -1.182430
1618 -1.006760
1619 -0.831081
1620 -1.200000
1621 -1.188100
1622 -1.069050
1623 -0.950000
1624 -1.000000
1625 -1.083330
1626 -0.964286
1627 -0.845238
1628 -0.800000
1629 -0.978571
1630 -0.859524
1631 -0.740476
1632 -0.850343
1633 -1.060810
1634 -0.885135
1635 -0.709459
1636 -1.050000
1637 -1.097620
1638 -0.978571
1639 -0.859524
1640 -0.850000
1641 -0.992857
1642 -0.873810
1643 -0.754762
1644 -0.650000
1645 -0.888095
1646 -0.769048
1647 -0.650000
1648 -0.500000
1649 -0.939189
1650 -0.763514
1651 -0.587838
1652 -0.900000
1653 -1.007140
1654 -0.888095
1655 -0.769048
1656 -0.700000
1657 -0.902381
1658 -0.783333
1659 -0.664286
1660 -0.500000
1661 -0.797619
1662 -0.678571
1663 -0.559524
1664 -0.416667
1665 -1.035710
1666 -0.803571
1667 -0.571429
1668 -1.035710
1669 -1.081400
1670 -0.936047
1671 -0.790698
1672 -0.750000
1673 -0.953488
1674 -0.808140
1675 -0.662791
1676 -0.464286
1677 -0.825581
1678 -0.680233
1679 -0.534884
1680 -1.000000
1681 -1.087840
1682 -0.912162
1683 -0.736486
1684 -1.100000
1685 -1.111900
1686 -0.992857
1687 -0.873810
1688 -0.900000
1689 -1.007140
1690 -0.888095
1691 -0.769048
1692 -0.700000
1693 -0.902381
1694 -0.783333
1695 -0.664286
1696 -0.650000
1697 -0.966216
1698 -0.790541
1699 -0.614865
1700 -0.950000
1701 -1.021430
1702 -0.902381
1703 -0.783333
1704 -0.750000
1705 -0.916667
1706 -0.797619
1707 -0.678571
1708 -0.550000
1709 -0.811905
1710 -0.692857
1711 -0.573810
1712 -0.300000
1713 -0.844595
1714 -0.668919
1715 -0.493243
1716 -0.800000
1717 -0.930952
1718 -0.811905
1719 -0.692857
1720 -0.600000
1721 -0.826190
1722 -0.707143
1723 -0.588095
1724 -0.400000
1725 -0.721429
1726 -0.602381
1727 -0.483333
1728 0.250000
1729 -0.910714
1730 -0.678571
1731 -0.446429
1732 -0.892857
1733 -0.988372
1734 -0.843023
1735 -0.697674
1736 -0.607143
1737 -0.860465
1738 -0.715116
1739 -0.569767
1740 -0.321429
1741 -0.732558
1742 -0.587209
1743 -0.441860
1744 -0.800171
1745 -0.993243
1746 -0.817568
1747 -0.641892
1748 -1.000000
1749 -1.035710
1750 -0.916667
1751 -0.797619
1752 -0.800000
1753 -0.930952
1754 -0.811905
1755 -0.692857
1756 -0.600000
1757 -0.826190
1758 -0.707143
1759 -0.588095
1760 -0.450000
1761 -0.871622
1762 -0.695946
1763 -0.520270
1764 -0.850000
1765 -0.945238
1766 -0.826190
1767 -0.707143
1768 -0.650000
1769 -0.840476
1770 -0.721429
1771 -0.602381
1772 -0.450000
1773 -0.735714
1774 -0.616667
1775 -0.497619
1776 -0.100000
1777 -0.750000
1778 -0.574324
1779 -0.398649
1780 -0.700000
1781 -0.854762
1782 -0.735714
1783 -0.616667
1784 -0.500000
1785 -0.750000
1786 -0.630952
1787 -0.511905
1788 -0.300000
1789 -0.645238
1790 -0.526190
1791 -0.407143
1792 1.750000
1793 -0.988095
1794 -0.714286
1795 -0.440476
1796 -1.019230
1797 -1.044120
1798 -0.882353
1799 -0.720588
1800 -0.673077
1801 -0.897059
1802 -0.735294
1803 -0.573529
1804 -0.326923
1805 -0.750000
1806 -0.588235
1807 -0.426471
1808 -1.035710
1809 -1.063560
1810 -0.868644
1811 -0.673729
1812 -1.100000
1813 -1.087210
1814 -0.959302
1815 -0.831395
1816 -0.875000
1817 -0.970930
1818 -0.843023
1819 -0.715116
1820 -0.650000
1821 -0.854651
1822 -0.726744
1823 -0.598837
1824 -0.571429
1825 -0.919492
1826 -0.724576
1827 -0.529661
1828 -0.925000
1829 -0.982558
1830 -0.854651
1831 -0.726744
1832 -0.700000
1833 -0.866279
1834 -0.738372
1835 -0.610465
1836 -0.475000
1837 -0.750000
1838 -0.622093
1839 -0.494186
1840 -0.107143
1841 -0.775424
1842 -0.580508
1843 -0.385593
1844 -0.750000
1845 -0.877907
1846 -0.750000
1847 -0.622093
1848 -0.525000
1849 -0.761628
1850 -0.633721
1851 -0.505814
1852 -0.300000
1853 -0.645349
1854 -0.517442
1855 -0.389535
1856 -0.916667
1857 -1.071430
1858 -0.839286
1859 -0.607143
1860 -1.107140
1861 -1.098840
1862 -0.953488
1863 -0.808140
1864 -0.821429
1865 -0.970930
1866 -0.825581
1867 -0.680233
1868 -0.535714
1869 -0.843023
1870 -0.697674
1871 -0.552326
1872 -1.150000
1873 -1.114860
1874 -0.939189
1875 -0.763514
1876 -1.150000
1877 -1.126190
1878 -1.007140
1879 -0.888095
1880 -0.950000
1881 -1.021430
1882 -0.902381
1883 -0.783333
1884 -0.750000
1885 -0.916667
1886 -0.797619
1887 -0.678571
1888 -0.800171
1889 -0.993243
1890 -0.817568
1891 -0.641892
1892 -1.000000
1893 -1.035710
1894 -0.916667
1895 -0.797619
1896 -0.800000
1897 -0.930952
1898 -0.811905
1899 -0.692857
1900 -0.600000
1901 -0.826190
1902 -0.707143
1903 -0.588095
1904 -0.450000
1905 -0.871622
1906 -0.695946
1907 -0.520270
1908 -0.850000
1909 -0.945238
1910 -0.826190
1911 -0.707143
1912 -0.650000
1913 -0.840476
1914 -0.721429
1915 -0.602381
1916 -0.450000
1917 -0.735714
1918 -0.616667
1919 -0.497619
1920 -0.250000
1921 -0.946429
1922 -0.714286
1923 -0.482143
1924 -0.964286
1925 -1.005810
1926 -0.860465
1927 -0.715116
1928 -0.678571
1929 -0.877907
1930 -0.732558
1931 -0.587209
1932 -0.392857
1933 -0.750000
1934 -0.604651
1935 -0.459302
1936 -0.950000
1937 -1.020270
1938 -0.844595
1939 -0.668919
1940 -1.050000
1941 -1.050000
1942 -0.930952
1943 -0.811905
1944 -0.850000
1945 -0.945238
1946 -0.826190
1947 -0.707143
1948 -0.650000
1949 -0.840476
1950 -0.721429
1951 -0.602381
1952 -0.600000
1953 -0.898649
1954 -0.722973
1955 -0.547297
1956 -0.900000
1957 -0.959524
1958 -0.840476
1959 -0.721429
1960 -0.700000
1961 -0.854762
1962 -0.735714
1963 -0.616667
1964 -0.500000
1965 -0.750000
1966 -0.630952
1967 -0.511905
1968 -0.250000
1969 -0.777027
1970 -0.601351
1971 -0.425676
1972 -0.750000
1973 -0.869048
1974 -0.750000
1975 -0.630952
1976 -0.550000
1977 -0.764286
1978 -0.645238
1979 -0.526190
1980 -0.350000
1981 -0.659524
1982 -0.540476
1983 -0.421429
1984 0.416667
1985 -0.821429
1986 -0.589286
1987 -0.357143
1988 -0.821429
1989 -0.912791
1990 -0.767442
1991 -0.622093
1992 -0.535714
1993 -0.784884
1994 -0.639535
1995 -0.494186
1996 -0.250000
1997 -0.656977
1998 -0.511628
1999 -0.366279
2000 -0.750000
2001 -0.925676
2002 -0.750000
2003 -0.574324
2004 -0.950000
2005 -0.973810
2006 -0.854762
2007 -0.735714
2008 -0.750000
2009 -0.869048
2010 -0.750000
2011 -0.630952
2012 -0.550000
2013 -0.764286
2014 -0.645238
2015 -0.526190
2016 -0.400000
2017 -0.804054
2018 -0.628378
2019 -0.452703
2020 -0.800000
2021 -0.883333
2022 -0.764286
2023 -0.645238
2024 -0.600000
2025 -0.778571
2026 -0.659524
2027 -0.540476
2028 -0.400000
2029 -0.673810
2030 -0.554762
2031 -0.435714
2032 -0.050000
2033 -0.682432
2034 -0.506757
2035 -0.331081
2036 -0.650000
2037 -0.792857
2038 -0.673810
2039 -0.554762
2040 -0.450000
2041 -0.688095
2042 -0.569048
2043 -0.450000
2044 -0.250000
2045 -0.583333
2046 -0.464286
2047 -0.345238
2048 0
2049 -1.050000
2050 -0.750000
2051 -0.450000
2052 -1.125000
2053 -1.083330
2054 -0.916667
2055 -0.750000
2056 -0.750000
2057 -0.916667
2058 -0.750000
2059 -0.583333
2060 -0.375000
2061 -0.750000
2062 -0.583333
2063 -0.416667
2064 -1.250000
2065 -1.118420
2066 -0.921053
2067 -0.723684
2068 -1.173080
2069 -1.125000
2070 -1.000000
2071 -0.875000
2072 -0.942308
2073 -1.000000
2074 -0.875000
2075 -0.750000
2076 -0.711538
2077 -0.875000
2078 -0.750000
2079 -0.625000
2080 -0.750000
2081 -0.947368
2082 -0.750000
2083 -0.552632
2084 -0.980769
2085 -1.000000
2086 -0.875000
2087 -0.750000
2088 -0.750000
2089 -0.875000
2090 -0.750000
2091 -0.625000
2092 -0.519231
2093 -0.750000
2094 -0.625000
2095 -0.500000
2096 -0.250000
2097 -0.776316
2098 -0.578947
2099 -0.381579
2100 -0.788462
2101 -0.875000
2102 -0.750000
2103 -0.625000
2104 -0.557692
2105 -0.750000
2106 -0.625000
2107 -0.500000
2108 -0.326923
2109 -0.625000
2110 -0.500000
2111 -0.375000
2112 -1.500000
2113 -1.144740
2114 -0.907895
2115 -0.671053
2116 -1.208330
2117 -1.148310
2118 -1.004240
2119 -0.860169
2120 -0.916667
2121 -1.012710
2122 -0.868644
2123 -0.724576
2124 -0.625000
2125 -0.877119
2126 -0.733051
2127 -0.588983
2128 -1.321430
2129 -1.173080
2130 -1.000000
2131 -0.826923
2132 -1.221430
2133 -1.168920
2134 -1.054050
2135 -0.939189
2136 -1.021430
2137 -1.060810
2138 -0.945946
2139 -0.831081
2140 -0.821429
2141 -0.952703
2142 -0.837838
2143 -0.722973
2144 -0.964286
2145 -1.038460
2146 -0.865385
2147 -0.692308
2148 -1.064290
2149 -1.067570
2150 -0.952703
2151 -0.837838
2152 -0.864286
2153 -0.959459
2154 -0.844595
2155 -0.729730
2156 -0.664286
2157 -0.851351
2158 -0.736486
2159 -0.621622
2160 -0.607143
2161 -0.903846
2162 -0.730769
2163 -0.557692
2164 -0.907143
2165 -0.966216
2166 -0.851351
2167 -0.736486
2168 -0.707143
2169 -0.858108
2170 -0.743243
2171 -0.628378
2172 -0.507143
2173 -0.750000
2174 -0.635135
2175 -0.520270
2176 -0.750000
2177 -0.986842
2178 -0.750000
2179 -0.513158
2180 -1.041670
2181 -1.029660
2182 -0.885593
2183 -0.741525
2184 -0.750000
2185 -0.894068
2186 -0.750000
2187 -0.605932
2188 -0.458333
2189 -0.758475
2190 -0.614407
2191 -0.470339
2192 -1.107140
2193 -1.057690
2194 -0.884615
2195 -0.711538
2196 -1.107140
2197 -1.074320
2198 -0.959459
2199 -0.844595
2200 -0.907143
2201 -0.966216
2202 -0.851351
2203 -0.736486
2204 -0.707143
2205 -0.858108
2206 -0.743243
2207 -0.628378
2208 -0.750000
2209 -0.923077
2210 -0.750000
2211 -0.576923
2212 -0.950000
2213 -0.972973
2214 -0.858108
2215 -0.743243
2216 -0.750000
2217 -0.864865
2218 -0.750000
2219 -0.635135
2220 -0.550000
2221 -0.756757
2222 -0.641892
2223 -0.527027
2224 -0.392857
2225 -0.788462
2226 -0.615385
2227 -0.442308
2228 -0.792857
2229 -0.871622
2230 -0.756757
2231 -0.641892
2232 -0.592857
2233 -0.763514
2234 -0.648649
2235 -0.533784
2236 -0.392857
2237 -0.655405
2238 -0.540541
2239 -0.425676
2240 0.000000
2241 -0.828947
2242 -0.592105
2243 -0.355263
2244 -0.875000
2245 -0.911017
2246 -0.766949
2247 -0.622881
2248 -0.583333
2249 -0.775424
2250 -0.631356
2251 -0.487288
2252 -0.291667
2253 -0.639831
2254 -0.495763
2255 -0.351695
2256 -0.892857
2257 -0.942308
2258 -0.769231
2259 -0.596154
2260 -0.992857
2261 -0.979730
2262 -0.864865
2263 -0.750000
2264 -0.792857
2265 -0.871622
2266 -0.756757
2267 -0.641892
2268 -0.592857
2269 -0.763514
2270 -0.648649
2271 -0.533784
2272 -0.535714
2273 -0.807692
2274 -0.634615
2275 -0.461538
2276 -0.835714
2277 -0.878378
2278 -0.763514
2279 -0.648649
2280 -0.635714
2281 -0.770270
2282 -0.655405
2283 -0.540541
2284 -0.435714
2285 -0.662162
2286 -0.547297
2287 -0.432432
2288 -0.178571
2289 -0.673077
2290 -0.500000
2291 -0.326923
2292 -0.678571
2293 -0.777027
2294 -0.662162
2295 -0.547297
2296 -0.478571
2297 -0.668919
2298 -0.554054
2299 -0.439188
2300 -0.278571
2301 -0.560811
2302 -0.445946
2303 -0.331081
2304 -2.250000
2305 -1.154760
2306 -0.880952
2307 -0.607143
2308 -1.211540
2309 -1.161760
2310 -1.000000
2311 -0.838235
2312 -0.865385
2313 -1.014710
2314 -0.852941
2315 -0.691176
2316 -0.519231
2317 -0.867647
2318 -0.705882
2319 -0.544118
2320 -1.321430
2321 -1.182200
2322 -0.987288
2323 -0.792373
2324 -1.225000
2325 -1.180230
2326 -1.052330
2327 -0.924419
2328 -1.000000
2329 -1.063950
2330 -0.936047
2331 -0.808140
2332 -0.775000
2333 -0.947674
2334 -0.819767
2335 -0.691860
2336 -0.857097
2337 -1.038140
2338 -0.843220
2339 -0.648305
2340 -1.050000
2341 -1.075580
2342 -0.947674
2343 -0.819767
2344 -0.825000
2345 -0.959302
2346 -0.831395
2347 -0.703488
2348 -0.600000
2349 -0.843023
2350 -0.715116
2351 -0.587209
2352 -0.392857
2353 -0.894068
2354 -0.699153
2355 -0.504237
2356 -0.875000
2357 -0.970930
2358 -0.843023
2359 -0.715116
2360 -0.650000
2361 -0.854651
2362 -0.726744
2363 -0.598837
2364 -0.425000
2365 -0.738372
2366 -0.610465
2367 -0.482558
2368 -1.583330
2369 -1.196430
2370 -0.964286
2371 -0.732143
2372 -1.250000
2373 -1.191860
2374 -1.046510
2375 -0.901163
2376 -0.964286
2377 -1.063950
2378 -0.918605
2379 -0.773256
2380 -0.678571
2381 -0.936047
2382 -0.790698
2383 -0.645349
2384 -1.350000
2385 -1.209460
2386 -1.033780
2387 -0.858108
2388 -1.250000
2389 -1.202380
2390 -1.083330
2391 -0.964286
2392 -1.050000
2393 -1.097620
2394 -0.978571
2395 -0.859524
2396 -0.850000
2397 -0.992857
2398 -0.873810
2399 -0.754762
2400 -1.000000
2401 -1.087840
2402 -0.912162
2403 -0.736486
2404 -1.100000
2405 -1.111900
2406 -0.992857
2407 -0.873810
2408 -0.900000
2409 -1.007140
2410 -0.888095
2411 -0.769048
2412 -0.700000
2413 -0.902381
2414 -0.783333
2415 -0.664286
2416 -0.650000
2417 -0.966216
2418 -0.790541
2419 -0.614865
2420 -0.950000
2421 -1.021430
2422 -0.902381
2423 -0.783333
2424 -0.750000
2425 -0.916667
2426 -0.797619
2427 -0.678571
2428 -0.550000
2429 -0.811905
2430 -0.692857
2431 -0.573810
2432 -0.916667
2433 -1.071430
2434 -0.839286
2435 -0.607143
2436 -1.107140
2437 -1.098840
2438 -0.953488
2439 -0.808140
2440 -0.821429
2441 -0.970930
2442 -0.825581
2443 -0.680233
2444 -0.535714
2445 -0.843023
2446 -0.697674
2447 -0.552326
2448 -1.150000
2449 -1.114860
2450 -0.939189
2451 -0.763514
2452 -1.150000
2453 -1.126190
2454 -1.007140
2455 -0.888095
2456 -0.950000
2457 -1.021430
2458 -0.902381
2459 -0.783333
2460 -0.750000
2461 -0.916667
2462 -0.797619
2463 -0.678571
2464 -0.800171
2465 -0.993243
2466 -0.817568
2467 -0.641892
2468 -1.000000
2469 -1.035710
2470 -0.916667
2471 -0.797619
2472 -0.800000
2473 -0.930952
2474 -0.811905
2475 -0.692857
2476 -0.600000
2477 -0.826190
2478 -0.707143
2479 -0.588095
2480 -0.450000
2481 -0.871622
2482 -0.695946
2483 -0.520270
2484 -0.850000
2485 -0.945238
2486 -0.826190
2487 -0.707143
2488 -0.650000
2489 -0.840476
2490 -0.721429
2491 -0.602381
2492 -0.450000
2493 -0.735714
2494 -0.616667
2495 -0.497619
2496 -0.250000
2497 -0.946429
2498 -0.714286
2499 -0.482143
2500 -0.964286
2501 -1.005810
2502 -0.860465
2503 -0.715116
2504 -0.678571
2505 -0.877907
2506 -0.732558
2507 -0.587209
2508 -0.392857
2509 -0.750000
2510 -0.604651
2511 -0.459302
2512 -0.950000
2513 -1.020270
2514 -0.844595
2515 -0.668919
2516 -1.050000
2517 -1.050000
2518 -0.930952
2519 -0.811905
2520 -0.850000
2521 -0.945238
2522 -0.826190
2523 -0.707143
2524 -0.650000
2525 -0.840476
2526 -0.721429
2527 -0.602381
2528 -0.600000
2529 -0.898649
2530 -0.722973
2531 -0.547297
2532 -0.900000
2533 -0.959524
2534 -0.840476
2535 -0.721429
2536 -0.700000
2537 -0.854762
2538 -0.735714
2539 -0.616667
2540 -0.500000
2541 -0.750000
2542 -0.630952
2543 -0.511905
2544 -0.250000
2545 -0.777027
2546 -0.601351
2547 -0.425676
2548 -0.750000
2549 -0.869048
2550 -0.750000
2551 -0.630952
2552 -0.550000
2553 -0.764286
2554 -0.645238
2555 -0.526190
2556 -0.350000
2557 -0.659524
2558 -0.540476
2559 -0.421429
2560 -0.750000
2561 -1.023810
2562 -0.750000
2563 -0.476190
2564 -1.096150
2565 -1.058820
2566 -0.897059
2567 -0.735294
2568 -0.750000
2569 -0.911765
2570 -0.750000
2571 -0.588235
2572 -0.403846
2573 -0.764706
2574 -0.602941
2575 -0.441176
2576 -1.214290
2577 -1.088980
2578 -0.894068
2579 -0.699153
2580 -1.150000
2581 -1.098840
2582 -0.970930
2583 -0.843023
2584 -0.925000
2585 -0.982558
2586 -0.854651
2587 -0.726744
2588 -0.700000
2589 -0.866279
2590 -0.738372
2591 -0.610465
2592 -0.750000
2593 -0.944915
2594 -0.750000
2595 -0.555085
2596 -0.975000
2597 -0.994186
2598 -0.866279
2599 -0.738372
2600 -0.750000
2601 -0.877907
2602 -0.750000
2603 -0.622093
2604 -0.525000
2605 -0.761628
2606 -0.633721
2607 -0.505814
2608 -0.285714
2609 -0.800847
2610 -0.605932
2611 -0.411017
2612 -0.800000
2613 -0.889535
2614 -0.761628
2615 -0.633721
2616 -0.575000
2617 -0.773256
2618 -0.645349
2619 -0.517442
2620 -0.350000
2621 -0.656977
2622 -0.529070
2623 -0.401163
2624 -1.416670
2625 -1.107140
2626 -0.875000
2627 -0.642857
2628 -1.178570
2629 -1.116280
2630 -0.970930
2631 -0.825581
2632 -0.892857
2633 -0.988372
2634 -0.843023
2635 -0.697674
2636 -0.607143
2637 -0.860465
2638 -0.715116
2639 -0.569767
2640 -1.300000
2641 -1.141890
2642 -0.966216
2643 -0.790541
2644 -1.200000
2645 -1.140480
2646 -1.021430
2647 -0.902381
2648 -1.000000
2649 -1.035710
2650 -0.916667
2651 -0.797619
2652 -0.800000
2653 -0.930952
2654 -0.811905
2655 -0.692857
2656 -0.950000
2657 -1.020270
2658 -0.844595
2659 -0.668919
2660 -1.050000
2661 -1.050000
2662 -0.930952
2663 -0.811905
2664 -0.850000
2665 -0.945238
2666 -0.826190
2667 -0.707143
2668 -0.650000
2669 -0.840476
2670 -0.721429
2671 -0.602381
2672 -0.600000
2673 -0.898649
2674 -0.722973
2675 -0.547297
2676 -0.900000
2677 -0.959524
2678 -0.840476
2679 -0.721429
2680 -0.700000
2681 -0.854762
2682 -0.735714
2683 -0.616667
2684 -0.500000
2685 -0.750000
2686 -0.630952
2687 -0.511905
2688 -0.750000
2689 -0.982143
2690 -0.750000
2691 -0.517857
2692 -1.035710
2693 -1.023260
2694 -0.877907
2695 -0.732558
2696 -0.750000
2697 -0.895349
2698 -0.750000
2699 -0.604651
2700 -0.464286
2701 -0.767442
2702 -0.622093
2703 -0.476744
2704 -1.100000
2705 -1.047300
2706 -0.871622
2707 -0.695946
2708 -1.100000
2709 -1.064290
2710 -0.945238
2711 -0.826190
2712 -0.900000
2713 -0.959524
2714 -0.840476
2715 -0.721429
2716 -0.700000
2717 -0.854762
2718 -0.735714
2719 -0.616667
2720 -0.750000
2721 -0.925676
2722 -0.750000
2723 -0.574324
2724 -0.950000
2725 -0.973810
2726 -0.854762
2727 -0.735714
2728 -0.750000
2729 -0.869048
2730 -0.750000
2731 -0.630952
2732 -0.550000
2733 -0.764286
2734 -0.645238
2735 -0.526190
2736 -0.400000
2737 -0.804054
2738 -0.628378
2739 -0.452703
2740 -0.800000
2741 -0.883333
2742 -0.764286
2743 -0.645238
2744 -0.600000
2745 -0.778571
2746 -0.659524
2747 -0.540476
2748 -0.400000
2749 -0.673810
2750 -0.554762
2751 -0.435714
2752 -0.083333
2753 -0.857143
2754 -0.625000
2755 -0.392857
2756 -0.892857
2757 -0.930233
2758 -0.784884
2759 -0.639535
2760 -0.607143
2761 -0.802326
2762 -0.656977
2763 -0.511628
2764 -0.321429
2765 -0.674419
2766 -0.529070
2767 -0.383721
2768 -0.900000
2769 -0.952703
2770 -0.777027
2771 -0.601351
2772 -1.000000
2773 -0.988095
2774 -0.869048
2775 -0.750000
2776 -0.800000
2777 -0.883333
2778 -0.764286
2779 -0.645238
2780 -0.600000
2781 -0.778571
2782 -0.659524
2783 -0.540476
2784 -0.550000
2785 -0.831081
2786 -0.655405
2787 -0.479730
2788 -0.850000
2789 -0.897619
2790 -0.778571
2791 -0.659524
2792 -0.650000
2793 -0.792857
2794 -0.673810
2795 -0.554762
2796 -0.450000
2797 -0.688095
2798 -0.569048
2799 -0.450000
2800 -0.200000
2801 -0.709459
2802 -0.533784
2803 -0.358108
2804 -0.700000
2805 -0.807143
2806 -0.688095
2807 -0.569048
2808 -0.500000
2809 -0.702381
2810 -0.583333
2811 -0.464286
2812 -0.300000
2813 -0.597619
2814 -0.478571
2815 -0.359524
2816 0.750000
2817 -0.892857
2818 -0.619048
2819 -0.345238
2820 -0.980769
2821 -0.955882
2822 -0.794118
2823 -0.632353
2824 -0.634615
2825 -0.808824
2826 -0.647059
2827 -0.485294
2828 -0.288462
2829 -0.661765
2830 -0.500000
2831 -0.338235
2832 -1.107140
2833 -0.995763
2834 -0.800847
2835 -0.605932
2836 -1.075000
2837 -1.017440
2838 -0.889535
2839 -0.761628
2840 -0.850000
2841 -0.901163
2842 -0.773256
2843 -0.645349
2844 -0.625000
2845 -0.784884
2846 -0.656977
2847 -0.529070
2848 -0.642903
2849 -0.851695
2850 -0.656780
2851 -0.461864
2852 -0.900000
2853 -0.912791
2854 -0.784884
2855 -0.656977
2856 -0.675000
2857 -0.796512
2858 -0.668605
2859 -0.540698
2860 -0.450000
2861 -0.680233
2862 -0.552326
2863 -0.424419
2864 -0.178571
2865 -0.707627
2866 -0.512712
2867 -0.317797
2868 -0.725000
2869 -0.808140
2870 -0.680233
2871 -0.552326
2872 -0.500000
2873 -0.691860
2874 -0.563953
2875 -0.436047
2876 -0.275000
2877 -0.575581
2878 -0.447674
2879 -0.319767
2880 -1.250000
2881 -1.017860
2882 -0.785714
2883 -0.553571
2884 -1.107140
2885 -1.040700
2886 -0.895349
2887 -0.750000
2888 -0.821429
2889 -0.912791
2890 -0.767442
2891 -0.622093
2892 -0.535714
2893 -0.784884
2894 -0.639535
2895 -0.494186
2896 -1.250000
2897 -1.074320
2898 -0.898649
2899 -0.722973
2900 -1.150000
2901 -1.078570
2902 -0.959524
2903 -0.840476
2904 -0.950000
2905 -0.973810
2906 -0.854762
2907 -0.735714
2908 -0.750000
2909 -0.869048
2910 -0.750000
2911 -0.630952
2912 -0.900000
2913 -0.952703
2914 -0.777027
2915 -0.601351
2916 -1.000000
2917 -0.988095
2918 -0.869048
2919 -0.750000
2920 -0.800000
2921 -0.883333
2922 -0.764286
2923 -0.645238
2924 -0.600000
2925 -0.778571
2926 -0.659524
2927 -0.540476
2928 -0.550000
2929 -0.831081
2930 -0.655405
2931 -0.479730
2932 -0.850000
2933 -0.897619
2934 -0.778571
2935 -0.659524
2936 -0.650000
2937 -0.792857
2938 -0.673810
2939 -0.554762
2940 -0.450000
2941 -0.688095
2942 -0.569048
2943 -0.450000
2944 -0.583333
2945 -0.892857
2946 -0.660714
2947 -0.428571
2948 -0.964286
2949 -0.947674
2950 -0.802326
2951 -0.656977
2952 -0.678571
2953 -0.819767
2954 -0.674419
2955 -0.529070
2956 -0.392857
2957 -0.691860
2958 -0.546512
2959 -0.401163
2960 -1.050000
2961 -0.979730
2962 -0.804054
2963 -0.628378
2964 -1.050000
2965 -1.002380
2966 -0.883333
2967 -0.764286
2968 -0.850000
2969 -0.897619
2970 -0.778571
2971 -0.659524
2972 -0.650000
2973 -0.792857
2974 -0.673810
2975 -0.554762
2976 -0.699829
2977 -0.858108
2978 -0.682432
2979 -0.506757
2980 -0.900000
2981 -0.911905
2982 -0.792857
2983 -0.673810
2984 -0.700000
2985 -0.807143
2986 -0.688095
2987 -0.569048
2988 -0.500000
2989 -0.702381
2990 -0.583333
2991 -0.464286
2992 -0.350000
2993 -0.736486
2994 -0.560811
2995 -0.385135
2996 -0.750000
2997 -0.821429
2998 -0.702381
2999 -0.583333
3000 -0.550000
3001 -0.716667
3002 -0.597619
3003 -0.478571
3004 -0.350000
3005 -0.611905
3006 -0.492857
3007 -0.373810
3008 0.083333
3009 -0.767857
3010 -0.535714
3011 -0.303571
3012 -0.821429
3013 -0.854651
3014 -0.709302
3015 -0.563953
3016 -0.535714
3017 -0.726744
3018 -0.581395
3019 -0.436047
3020 -0.250000
3021 -0.598837
3022 -0.453488
3023 -0.308140
3024 -0.850000
3025 -0.885135
3026 -0.709459
3027 -0.533784
3028 -0.950000
3029 -0.926190
3030 -0.807143
3031 -0.688095
3032 -0.750000
3033 -0.821429
3034 -0.702381
3035 -0.583333
3036 -0.550000
3037 -0.716667
3038 -0.597619
3039 -0.478571
3040 -0.500000
3041 -0.763514
3042 -0.587838
3043 -0.412162
3044 -0.800000
3045 -0.835714
3046 -0.716667
3047 -0.597619
3048 -0.600000
3049 -0.730952
3050 -0.611905
3051 -0.492857
3052 -0.400000
3053 -0.626190
3054 -0.507143
3055 -0.388095
3056 -0.150000
3057 -0.641892
3058 -0.466216
3059 -0.290541
3060 -0.650000
3061 -0.745238
3062 -0.626190
3063 -0.507143
3064 -0.450000
3065 -0.640476
3066 -0.521429
3067 -0.402381
3068 -0.250000
3069 -0.535714
3070 -0.416667
3071 -0.297619
3072 0
3073 -0.850000
3074 -0.550000
3075 -0.250000
3076 -1.000000
3077 -0.916667
3078 -0.750000
3079 -0.583333
3080 -0.625000
3081 -0.750000
3082 -0.583333
3083 -0.416667
3084 -0.250000
3085 -0.583333
3086 -0.416667
3087 -0.250000
3088 -1.250000
3089 -0.986842
3090 -0.789474
3091 -0.592105
3092 -1.096150
3093 -1.000000
3094 -0.875000
3095 -0.750000
3096 -0.865385
3097 -0.875000
3098 -0.750000
3099 -0.625000
3100 -0.634615
3101 -0.750000
3102 -0.625000
3103 -0.500000
3104 -0.750000
3105 -0.815789
3106 -0.618421
3107 -0.421053
3108 -0.903846
3109 -0.875000
3110 -0.750000
3111 -0.625000
3112 -0.673077
3113 -0.750000
3114 -0.625000
3115 -0.500000
3116 -0.442308
3117 -0.625000
3118 -0.500000
3119 -0.375000
3120 -0.250000
3121 -0.644737
3122 -0.447368
3123 -0.250024
3124 -0.711538
3125 -0.750000
3126 -0.625000
3127 -0.500000
3128 -0.480769
3129 -0.625000
3130 -0.500000
3131 -0.375000
3132 -0.250000
3133 -0.500000
3134 -0.375000
3135 -0.250000
3136 -1.750000
3137 -1.039470
3138 -0.802632
3139 -0.565789
3140 -1.166670
3141 -1.046610
3142 -0.902542
3143 -0.758475
3144 -0.875000
3145 -0.911017
3146 -0.766949
3147 -0.622881
3148 -0.583333
3149 -0.775424
3150 -0.631356
3151 -0.487288
3152 -1.392860
3153 -1.096150
3154 -0.923077
3155 -0.750000
3156 -1.192860
3157 -1.087840
3158 -0.972973
3159 -0.858108
3160 -0.992857
3161 -0.979730
3162 -0.864865
3163 -0.750000
3164 -0.792857
3165 -0.871622
3166 -0.756757
3167 -0.641892
3168 -1.035710
3169 -0.961538
3170 -0.788462
3171 -0.615385
3172 -1.035710
3173 -0.986486
3174 -0.871622
3175 -0.756757
3176 -0.835714
3177 -0.878378
3178 -0.763514
3179 -0.648649
3180 -0.635714
3181 -0.770270
3182 -0.655405
3183 -0.540541
3184 -0.678571
3185 -0.826923
3186 -0.653846
3187 -0.480769
3188 -0.878571
3189 -0.885135
3190 -0.770270
3191 -0.655405
3192 -0.678571
3193 -0.777027
3194 -0.662162
3195 -0.547297
3196 -0.478571
3197 -0.668919
3198 -0.554054
3199 -0.439188
3200 -1.000000
3201 -0.881579
3202 -0.644737
3203 -0.407895
3204 -1.000000
3205 -0.927966
3206 -0.783898
3207 -0.639831
3208 -0.708333
3209 -0.792373
3210 -0.648305
3211 -0.504237
3212 -0.416667
3213 -0.656780
3214 -0.512712
3215 -0.368644
3216 -1.178570
3217 -0.980769
3218 -0.807692
3219 -0.634615
3220 -1.078570
3221 -0.993243
3222 -0.878378
3223 -0.763514
3224 -0.878571
3225 -0.885135
3226 -0.770270
3227 -0.655405
3228 -0.678571
3229 -0.777027
3230 -0.662162
3231 -0.547297
3232 -0.821429
3233 -0.846154
3234 -0.673077
3235 -0.500000
3236 -0.921429
3237 -0.891892
3238 -0.777027
3239 -0.662162
3240 -0.721429
3241 -0.783784
3242 -0.668919
3243 -0.554054
3244 -0.521429
3245 -0.675676
3246 -0.560811
3247 -0.445946
3248 -0.464286
3249 -0.711538
3250 -0.538462
3251 -0.365385
3252 -0.764286
3253 -0.790541
3254 -0.675676
3255 -0.560811
3256 -0.564286
3257 -0.682432
3258 -0.567568
3259 -0.452711
3260 -0.364286
3261 -0.574324
3262 -0.459459
3263 -0.344595
3264 -0.250000
3265 -0.723684
3266 -0.486842
3267 -0.250000
3268 -0.833333
3269 -0.809322
3270 -0.665254
3271 -0.521186
3272 -0.541667
3273 -0.673729
3274 -0.529661
3275 -0.385593
3276 -0.250000
3277 -0.538136
3278 -0.394068
3279 -0.250005
3280 -0.964286
3281 -0.865385
3282 -0.692308
3283 -0.519231
3284 -0.964286
3285 -0.898649
3286 -0.783784
3287 -0.668919
3288 -0.764286
3289 -0.790541
3290 -0.675676
3291 -0.560811
3292 -0.564286
3293 -0.682432
3294 -0.567568
3295 -0.452711
3296 -0.607143
3297 -0.730769
3298 -0.557692
3299 -0.384615
3300 -0.807143
3301 -0.797297
3302 -0.682432
3303 -0.567568
3304 -0.607143
3305 -0.689189
3306 -0.574324
3307 -0.459459
3308 -0.407143
3309 -0.581081
3310 -0.466216
3311 -0.351355
3312 -0.250000
3313 -0.596154
3314 -0.423077
3315 -0.250000
3316 -0.650000
3317 -0.695946
3318 -0.581081
3319 -0.466216
3320 -0.450000
3321 -0.587838
3322 -0.472973
3323 -0.358108
3324 -0.250000
3325 -0.479730
3326 -0.364865
3327 -0.250002
3328 -3.250000
3329 -1.059520
3330 -0.785714
3331 -0.511905
3332 -1.173080
3333 -1.073530
3334 -0.911765
3335 -0.750000
3336 -0.826923
3337 -0.926471
3338 -0.764706
3339 -0.602941
3340 -0.480769
3341 -0.779412
3342 -0.617647
3343 -0.455882
3344 -1.392860
3345 -1.114410
3346 -0.919492
3347 -0.724576
3348 -1.200000
3349 -1.110470
3350 -0.982558
3351 -0.854651
3352 -0.975000
3353 -0.994186
3354 -0.866279
3355 -0.738372
3356 -0.750000
3357 -0.877907
3358 -0.750000
3359 -0.622093
3360 -0.928571
3361 -0.970339
3362 -0.775424
3363 -0.580508
3364 -1.025000
3365 -1.005810
3366 -0.877907
3367 -0.750000
3368 -0.800000
3369 -0.889535
3370 -0.761628
3371 -0.633721
3372 -0.575000
3373 -0.773256
3374 -0.645349
3375 -0.517442
3376 -0.464286
3377 -0.826271
3378 -0.631356
3379 -0.436441
3380 -0.850000
3381 -0.901163
3382 -0.773256
3383 -0.645349
3384 -0.625000
3385 -0.784884
3386 -0.656977
3387 -0.529070
3388 -0.400000
3389 -0.668605
3390 -0.540698
3391 -0.412791
3392 -1.916670
3393 -1.142860
3394 -0.910714
3395 -0.678571
3396 -1.250000
3397 -1.133720
3398 -0.988372
3399 -0.843023
3400 -0.964286
3401 -1.005810
3402 -0.860465
3403 -0.715116
3404 -0.678571
3405 -0.877907
3406 -0.732558
3407 -0.587209
3408 -1.450000
3409 -1.168920
3410 -0.993243
3411 -0.817568
3412 -1.250000
3413 -1.154760
3414 -1.035710
3415 -0.916667
3416 -1.050000
3417 -1.050000
3418 -0.930952
3419 -0.811905
3420 -0.850000
3421 -0.945238
3422 -0.826190
3423 -0.707143
3424 -1.100000
3425 -1.047300
3426 -0.871622
3427 -0.695946
3428 -1.100000
3429 -1.064290
3430 -0.945238
3431 -0.826190
3432 -0.900000
3433 -0.959524
3434 -0.840476
3435 -0.721429
3436 -0.700000
3437 -0.854762
3438 -0.735714
3439 -0.616667
3440 -0.750000
3441 -0.925676
3442 -0.750000
3443 -0.574324
3444 -0.950000
3445 -0.973810
3446 -0.854762
3447 -0.735714
3448 -0.750000
3449 -0.869048
3450 -0.750000
3451 -0.630952
3452 -0.550000
3453 -0.764286
3454 -0.645238
3455 -0.526190
3456 -1.250000
3457 -1.017860
3458 -0.785714
3459 -0.553571
3460 -1.107140
3461 -1.040700
3462 -0.895349
3463 -0.750000
3464 -0.821429
3465 -0.912791
3466 -0.767442
3467 -0.622093
3468 -0.535714
3469 -0.784884
3470 -0.639535
3471 -0.494186
3472 -1.250000
3473 -1.074320
3474 -0.898649
3475 -0.722973
3476 -1.150000
3477 -1.078570
3478 -0.959524
3479 -0.840476
3480 -0.950000
3481 -0.973810
3482 -0.854762
3483 -0.735714
3484 -0.750000
3485 -0.869048
3486 -0.750000
3487 -0.630952
3488 -0.900000
3489 -0.952703
3490 -0.777027
3491 -0.601351
3492 -1.000000
3493 -0.988095
3494 -0.869048
3495 -0.750000
3496 -0.800000
3497 -0.883333
3498 -0.764286
3499 -0.645238
3500 -0.600000
3501 -0.778571
3502 -0.659524
3503 -0.540476
3504 -0.550000
3505 -0.831081
3506 -0.655405
3507 -0.479730
3508 -0.850000
3509 -0.897619
3510 -0.778571
3511 -0.659524
3512 -0.650000
3513 -0.792857
3514 -0.673810
3515 -0.554762
3516 -0.450000
3517 -0.688095
3518 -0.569048
3519 -0.450000
3520 -0.583333
3521 -0.892857
3522 -0.660714
3523 -0.428571
3524 -0.964286
3525 -0.947674
3526 -0.802326
3527 -0.656977
3528 -0.678571
3529 -0.819767
3530 -0.674419
3531 -0.529070
3532 -0.392857
3533 -0.691860
3534 -0.546512
3535 -0.401163
3536 -1.050000
3537 -0.979730
3538 -0.804054
3539 -0.628378
3540 -1.050000
3541 -1.002380
3542 -0.883333
3543 -0.764286
3544 -0.850000
3545 -0.897619
3546 -0.778571
3547 -0.659524
3548 -0.650000
3549 -0.792857
3550 -0.673810
3551 -0.554762
3552 -0.699829
3553 -0.858108
3554 -0.682432
3555 -0.506757
3556 -0.900000
3557 -0.911905
3558 -0.792857
3559 -0.673810
3560 -0.700000
3561 -0.807143
3562 -0.688095
3563 -0.569048
3564 -0.500000
3565 -0.702381
3566 -0.583333
3567 -0.464286
3568 -0.350000
3569 -0.736486
3570 -0.560811
3571 -0.385135
3572 -0.750000
3573 -0.821429
3574 -0.702381
3575 -0.583333
3576 -0.550000
3577 -0.716667
3578 -0.597619
3579 -0.478571
3580 -0.350000
3581 -0.611905
3582 -0.492857
3583 -0.373810
3584 -1.750000
3585 -0.928571
3586 -0.654762
3587 -0.380952
3588 -1.057690
3589 -0.970588
3590 -0.808824
3591 -0.647059
3592 -0.711538
3593 -0.823529
3594 -0.661765
3595 -0.500000
3596 -0.365385
3597 -0.676471
3598 -0.514706
3599 -0.352941
3600 -1.285710
3601 -1.021190
3602 -0.826271
3603 -0.631356
3604 -1.125000
3605 -1.029070
3606 -0.901163
3607 -0.773256
3608 -0.900000
3609 -0.912791
3610 -0.784884
3611 -0.656977
3612 -0.675000
3613 -0.796512
3614 -0.668605
3615 -0.540698
3616 -0.821429
3617 -0.877119
3618 -0.682203
3619 -0.487288
3620 -0.950000
3621 -0.924419
3622 -0.796512
3623 -0.668605
3624 -0.725000
3625 -0.808140
3626 -0.680233
3627 -0.552326
3628 -0.500000
3629 -0.691860
3630 -0.563953
3631 -0.436047
3632 -0.357268
3633 -0.733051
3634 -0.538136
3635 -0.343220
3636 -0.775000
3637 -0.819767
3638 -0.691860
3639 -0.563953
3640 -0.550000
3641 -0.703488
3642 -0.575581
3643 -0.447674
3644 -0.325000
3645 -0.587209
3646 -0.459302
3647 -0.331395
3648 -1.750000
3649 -1.053570
3650 -0.821429
3651 -0.589286
3652 -1.178570
3653 -1.058140
3654 -0.912791
3655 -0.767442
3656 -0.892857
3657 -0.930233
3658 -0.784884
3659 -0.639535
3660 -0.607143
3661 -0.802326
3662 -0.656977
3663 -0.511628
3664 -1.400000
3665 -1.101350
3666 -0.925676
3667 -0.750000
3668 -1.200000
3669 -1.092860
3670 -0.973810
3671 -0.854762
3672 -1.000000
3673 -0.988095
3674 -0.869048
3675 -0.750000
3676 -0.800000
3677 -0.883333
3678 -0.764286
3679 -0.645238
3680 -1.050000
3681 -0.979730
3682 -0.804054
3683 -0.628378
3684 -1.050000
3685 -1.002380
3686 -0.883333
3687 -0.764286
3688 -0.850000
3689 -0.897619
3690 -0.778571
3691 -0.659524
3692 -0.650000
3693 -0.792857
3694 -0.673810
3695 -0.554762
3696 -0.699829
3697 -0.858108
3698 -0.682432
3699 -0.506757
3700 -0.900000
3701 -0.911905
3702 -0.792857
3703 -0.673810
3704 -0.700000
3705 -0.807143
3706 -0.688095
3707 -0.569048
3708 -0.500000
3709 -0.702381
3710 -0.583333
3711 -0.464286
3712 -1.083330
3713 -0.928571
3714 -0.696429
3715 -0.464286
3716 -1.035710
3717 -0.965116
3718 -0.819767
3719 -0.674419
3720 -0.750000
3721 -0.837209
3722 -0.691860
3723 -0.546512
3724 -0.464286
3725 -0.709302
3726 -0.563953
3727 -0.418605
3728 -1.200000
3729 -1.006760
3730 -0.831081
3731 -0.655405
3732 -1.100000
3733 -1.016670
3734 -0.897619
3735 -0.778571
3736 -0.900000
3737 -0.911905
3738 -0.792857
3739 -0.673810
3740 -0.700000
3741 -0.807143
3742 -0.688095
3743 -0.569048
3744 -0.850000
3745 -0.885135
3746 -0.709459
3747 -0.533784
3748 -0.950000
3749 -0.926190
3750 -0.807143
3751 -0.688095
3752 -0.750000
3753 -0.821429
3754 -0.702381
3755 -0.583333
3756 -0.550000
3757 -0.716667
3758 -0.597619
3759 -0.478571
3760 -0.500000
3761 -0.763514
3762 -0.587838
3763 -0.412162
3764 -0.800000
3765 -0.835714
3766 -0.716667
3767 -0.597619
3768 -0.600000
3769 -0.730952
3770 -0.611905
3771 -0.492857
3772 -0.400000
3773 -0.626190
3774 -0.507143
3775 -0.388095
3776 -0.416667
3777 -0.803571
3778 -0.571429
3779 -0.339286
3780 -0.892857
3781 -0.872093
3782 -0.726744
3783 -0.581395
3784 -0.607143
3785 -0.744186
3786 -0.598837
3787 -0.453488
3788 -0.321429
3789 -0.616279
3790 -0.470930
3791 -0.325581
3792 -1.000000
3793 -0.912162
3794 -0.736486
3795 -0.560811
3796 -1.000000
3797 -0.940476
3798 -0.821429
3799 -0.702381
3800 -0.800000
3801 -0.835714
3802 -0.716667
3803 -0.597619
3804 -0.600000
3805 -0.730952
3806 -0.611905
3807 -0.492857
3808 -0.649657
3809 -0.790541
3810 -0.614865
3811 -0.439189
3812 -0.850000
3813 -0.850000
3814 -0.730952
3815 -0.611905
3816 -0.650000
3817 -0.745238
3818 -0.626190
3819 -0.507143
3820 -0.450000
3821 -0.640476
3822 -0.521429
3823 -0.402381
3824 -0.300000
3825 -0.668919
3826 -0.493243
3827 -0.317568
3828 -0.700000
3829 -0.759524
3830 -0.640476
3831 -0.521429
3832 -0.500000
3833 -0.654762
3834 -0.535714
3835 -0.416667
3836 -0.300000
3837 -0.550000
3838 -0.430952
3839 -0.311905
3840 -0.250000
3841 -0.797619
3842 -0.523810
3843 -0.250000
3844 -0.942308
3845 -0.867647
3846 -0.705882
3847 -0.544118
3848 -0.596154
3849 -0.720588
3850 -0.558824
3851 -0.397059
3852 -0.250000
3853 -0.573529
3854 -0.411765
3855 -0.250000
3856 -1.178570
3857 -0.927966
3858 -0.733051
3859 -0.538136
3860 -1.050000
3861 -0.947674
3862 -0.819767
3863 -0.691860
3864 -0.825000
3865 -0.831395
3866 -0.703488
3867 -0.575581
3868 -0.600000
3869 -0.715116
3870 -0.587209
3871 -0.459302
3872 -0.713926
3873 -0.783898
3874 -0.588983
3875 -0.394068
3876 -0.875000
3877 -0.843023
3878 -0.715116
3879 -0.587209
3880 -0.650000
3881 -0.726744
3882 -0.598837
3883 -0.470930
3884 -0.425000
3885 -0.610465
3886 -0.482558
3887 -0.354651
3888 -0.250439
3889 -0.639831
3890 -0.444915
3891 -0.250000
3892 -0.700000
3893 -0.738372
3894 -0.610465
3895 -0.482558
3896 -0.475000
3897 -0.622093
3898 -0.494186
3899 -0.366279
3900 -0.250000
3901 -0.505814
3902 -0.377907
3903 -0.250000
3904 -1.583330
3905 -0.964286
3906 -0.732143
3907 -0.500000
3908 -1.107140
3909 -0.982558
3910 -0.837209
3911 -0.691860
3912 -0.821429
3913 -0.854651
3914 -0.709302
3915 -0.563953
3916 -0.535714
3917 -0.726744
3918 -0.581395
3919 -0.436047
3920 -1.350000
3921 -1.033780
3922 -0.858108
3923 -0.682432
3924 -1.150000
3925 -1.030950
3926 -0.911905
3927 -0.792857
3928 -0.950000
3929 -0.926190
3930 -0.807143
3931 -0.688095
3932 -0.750000
3933 -0.821429
3934 -0.702381
3935 -0.583333
3936 -1.000000
3937 -0.912162
3938 -0.736486
3939 -0.560811
3940 -1.000000
3941 -0.940476
3942 -0.821429
3943 -0.702381
3944 -0.800000
3945 -0.835714
3946 -0.716667
3947 -0.597619
3948 -0.600000
3949 -0.730952
3950 -0.611905
3951 -0.492857
3952 -0.649657
3953 -0.790541
3954 -0.614865
3955 -0.439189
3956 -0.850000
3957 -0.850000
3958 -0.730952
3959 -0.611905
3960 -0.650000
3961 -0.745238
3962 -0.626190
3963 -0.507143
3964 -0.450000
3965 -0.640476
3966 -0.521429
3967 -0.402381
3968 -0.916667
3969 -0.839286
3970 -0.607143
3971 -0.375000
3972 -0.964286
3973 -0.889535
3974 -0.744186
3975 -0.598837
3976 -0.678571
3977 -0.761628
3978 -0.616279
3979 -0.470930
3980 -0.392857
3981 -0.633721
3982 -0.488372
3983 -0.343023
3984 -1.150000
3985 -0.939189
3986 -0.763514
3987 -0.587838
3988 -1.050000
3989 -0.954762
3990 -0.835714
3991 -0.716667
3992 -0.850000
3993 -0.850000
3994 -0.730952
3995 -0.611905
3996 -0.650000
3997 -0.745238
3998 -0.626190
3999 -0.507143
4000 -0.800000
4001 -0.817568
4002 -0.641892
4003 -0.466216
4004 -0.900000
4005 -0.864286
4006 -0.745238
4007 -0.626190
4008 -0.700000
4009 -0.759524
4010 -0.640476
4011 -0.521429
4012 -0.500000
4013 -0.654762
4014 -0.535714
4015 -0.416667
4016 -0.450000
4017 -0.695946
4018 -0.520270
4019 -0.344595
4020 -0.750000
4021 -0.773810
4022 -0.654762
4023 -0.535714
4024 -0.550000
4025 -0.669048
4026 -0.550000
4027 -0.430952
4028 -0.350000
4029 -0.564286
4030 -0.445238
4031 -0.326190
4032 -0.250000
4033 -0.714286
4034 -0.482143
4035 -0.250000
4036 -0.821429
4037 -0.796512
4038 -0.651163
4039 -0.505814
4040 -0.535714
4041 -0.668605
4042 -0.523256
4043 -0.377907
4044 -0.250000
4045 -0.540698
4046 -0.395349
4047 -0.250000
4048 -0.950000
4049 -0.844595
4050 -0.668919
4051 -0.493243
4052 -0.950000
4053 -0.878571
4054 -0.759524
4055 -0.640476
4056 -0.750000
4057 -0.773810
4058 -0.654762
4059 -0.535714
4060 -0.550000
4061 -0.669048
4062 -0.550000
4063 -0.430952
4064 -0.599486
4065 -0.722973
4066 -0.547297
4067 -0.371622
4068 -0.800000
4069 -0.788095
4070 -0.669048
4071 -0.550000
4072 -0.600000
4073 -0.683333
4074 -0.564286
4075 -0.445238
4076 -0.400000
4077 -0.578571
4078 -0.459524
4079 -0.340476
4080 -0.250000
4081 -0.601351
4082 -0.425676
4083 -0.250000
4084 -0.650000
4085 -0.697619
4086 -0.578571
4087 -0.459524
4088 -0.450000
4089 -0.592857
4090 -0.473810
4091 -0.354762
4092 -0.250000
4093 -0.488095
4094 -0.369048
4095 -0.250000
