#CSC Slope LUT
#Structure is comparator code (iCC) -> Stub slope
#iCC bits: 12
#<header> v1.0 12 32 </header>
0 16
1 16
2 16
3 16
4 16
5 16
6 16
7 16
8 16
9 16
10 22
11 19
12 16
13 28
14 25
15 22
16 16
17 16
18 16
19 22
20 16
21 16
22 23
23 21
24 16
25 25
26 23
27 21
28 22
29 25
30 24
31 22
32 16
33 16
34 25
35 24
36 16
37 27
38 25
39 23
40 28
41 27
42 25
43 23
44 25
45 26
46 25
47 23
48 16
49 28
50 27
51 25
52 31
53 29
54 27
55 25
56 31
57 29
58 27
59 25
60 28
61 28
62 27
63 25
64 16
65 16
66 16
67 24
68 16
69 16
70 25
71 24
72 16
73 26
74 25
75 24
76 25
77 26
78 25
79 24
80 16
81 16
82 25
83 24
84 16
85 26
86 25
87 24
88 27
89 26
90 25
91 24
92 25
93 26
94 25
95 24
96 16
97 26
98 25
99 24
100 28
101 27
102 25
103 24
104 27
105 27
106 25
107 24
108 25
109 26
110 25
111 24
112 22
113 27
114 26
115 25
116 28
117 28
118 26
119 25
120 28
121 27
122 26
123 25
124 26
125 27
126 26
127 25
128 16
129 16
130 26
131 25
132 16
133 28
134 26
135 25
136 28
137 28
138 26
139 25
140 27
141 27
142 26
143 25
144 16
145 27
146 26
147 25
148 30
149 28
150 26
151 25
152 28
153 27
154 26
155 25
156 27
157 27
158 26
159 25
160 28
161 27
162 26
163 25
164 30
165 28
166 26
167 25
168 28
169 28
170 26
171 25
172 27
173 27
174 26
175 25
176 25
177 27
178 26
179 25
180 29
181 28
182 27
183 25
184 28
185 28
186 27
187 26
188 27
189 27
190 26
191 25
192 16
193 28
194 27
195 26
196 31
197 29
198 28
199 27
200 30
201 29
202 28
203 27
204 28
205 28
206 28
207 26
208 31
209 28
210 27
211 26
212 31
213 29
214 28
215 26
216 30
217 29
218 28
219 26
220 28
221 28
222 27
223 26
224 31
225 28
226 27
227 26
228 31
229 29
230 28
231 26
232 30
233 29
234 28
235 26
236 28
237 28
238 27
239 26
240 28
241 28
242 27
243 26
244 31
245 29
246 28
247 26
248 30
249 29
250 28
251 27
252 28
253 28
254 27
255 26
256 16
257 16
258 16
259 25
260 16
261 16
262 26
263 25
264 16
265 27
266 26
267 25
268 26
269 26
270 26
271 25
272 16
273 16
274 26
275 25
276 16
277 27
278 26
279 25
280 27
281 27
282 26
283 25
284 26
285 26
286 26
287 25
288 16
289 27
290 26
291 25
292 28
293 27
294 26
295 25
296 27
297 27
298 26
299 25
300 26
301 26
302 26
303 25
304 25
305 27
306 26
307 25
308 28
309 27
310 26
311 25
312 27
313 27
314 26
315 25
316 26
317 27
318 26
319 25
320 16
321 16
322 26
323 25
324 16
325 27
326 26
327 25
328 27
329 27
330 26
331 25
332 26
333 26
334 26
335 25
336 16
337 27
338 26
339 25
340 28
341 27
342 26
343 25
344 27
345 27
346 26
347 25
348 26
349 26
350 26
351 25
352 27
353 27
354 26
355 25
356 28
357 27
358 26
359 25
360 27
361 27
362 26
363 25
364 26
365 26
366 26
367 25
368 25
369 26
370 26
371 25
372 27
373 27
374 26
375 25
376 27
377 27
378 26
379 25
380 26
381 26
382 26
383 25
384 16
385 27
386 26
387 25
388 29
389 27
390 26
391 25
392 28
393 27
394 26
395 25
396 26
397 27
398 26
399 25
400 28
401 27
402 26
403 25
404 29
405 28
406 26
407 25
408 28
409 27
410 26
411 25
412 26
413 27
414 26
415 25
416 27
417 27
418 26
419 25
420 28
421 27
422 26
423 25
424 28
425 27
426 26
427 25
428 26
429 27
430 26
431 25
432 25
433 27
434 26
435 25
436 28
437 27
438 26
439 25
440 27
441 27
442 26
443 26
444 26
445 27
446 26
447 25
448 22
449 27
450 27
451 26
452 29
453 28
454 27
455 26
456 28
457 28
458 27
459 26
460 27
461 27
462 27
463 26
464 28
465 28
466 27
467 26
468 30
469 28
470 27
471 26
472 29
473 28
474 27
475 26
476 27
477 27
478 27
479 26
480 28
481 28
482 27
483 26
484 29
485 28
486 27
487 26
488 28
489 28
490 27
491 26
492 27
493 27
494 27
495 26
496 26
497 27
498 27
499 26
500 28
501 28
502 27
503 26
504 28
505 28
506 27
507 26
508 27
509 27
510 27
511 26
512 16
513 16
514 27
515 26
516 16
517 28
518 27
519 26
520 28
521 28
522 27
523 26
524 27
525 27
526 27
527 26
528 16
529 28
530 27
531 26
532 29
533 28
534 27
535 26
536 28
537 28
538 27
539 26
540 27
541 27
542 27
543 26
544 28
545 28
546 27
547 26
548 29
549 28
550 27
551 26
552 28
553 28
554 27
555 26
556 27
557 27
558 27
559 26
560 27
561 27
562 27
563 26
564 28
565 28
566 27
567 26
568 28
569 28
570 27
571 26
572 27
573 27
574 27
575 26
576 16
577 27
578 26
579 26
580 29
581 28
582 27
583 26
584 28
585 28
586 27
587 26
588 27
589 27
590 27
591 26
592 30
593 28
594 27
595 26
596 29
597 28
598 27
599 26
600 28
601 28
602 27
603 26
604 27
605 27
606 27
607 26
608 28
609 27
610 27
611 26
612 29
613 28
614 27
615 26
616 28
617 28
618 27
619 26
620 27
621 27
622 27
623 26
624 27
625 27
626 26
627 26
628 28
629 28
630 27
631 26
632 28
633 28
634 27
635 26
636 27
637 27
638 27
639 26
640 28
641 27
642 27
643 26
644 29
645 28
646 27
647 26
648 28
649 28
650 27
651 26
652 27
653 27
654 27
655 26
656 30
657 28
658 27
659 26
660 30
661 28
662 27
663 26
664 28
665 28
666 27
667 26
668 27
669 27
670 27
671 26
672 28
673 28
674 27
675 26
676 29
677 28
678 27
679 26
680 28
681 28
682 27
683 26
684 27
685 27
686 27
687 26
688 27
689 27
690 27
691 26
692 28
693 28
694 27
695 26
696 28
697 28
698 27
699 26
700 27
701 27
702 27
703 26
704 25
705 28
706 27
707 26
708 29
709 28
710 27
711 26
712 29
713 28
714 27
715 27
716 28
717 28
718 27
719 26
720 29
721 28
722 27
723 26
724 30
725 29
726 27
727 26
728 29
729 28
730 27
731 27
732 28
733 28
734 27
735 26
736 28
737 28
738 27
739 26
740 29
741 28
742 27
743 26
744 29
745 28
746 27
747 27
748 28
749 28
750 27
751 26
752 27
753 28
754 27
755 26
756 29
757 28
758 27
759 26
760 28
761 28
762 27
763 27
764 27
765 28
766 27
767 26
768 16
769 28
770 28
771 27
772 30
773 29
774 28
775 27
776 29
777 29
778 28
779 27
780 28
781 28
782 28
783 27
784 31
785 29
786 28
787 27
788 31
789 29
790 28
791 27
792 30
793 29
794 28
795 27
796 29
797 28
798 28
799 27
800 30
801 29
802 28
803 27
804 30
805 29
806 28
807 27
808 29
809 29
810 28
811 27
812 28
813 28
814 28
815 27
816 28
817 28
818 28
819 27
820 29
821 29
822 28
823 27
824 29
825 29
826 28
827 27
828 28
829 28
830 28
831 27
832 31
833 28
834 27
835 26
836 31
837 29
838 28
839 27
840 29
841 29
842 28
843 27
844 28
845 28
846 28
847 27
848 31
849 29
850 27
851 26
852 31
853 29
854 28
855 27
856 30
857 29
858 28
859 27
860 28
861 28
862 28
863 27
864 30
865 29
866 27
867 26
868 30
869 29
870 28
871 27
872 29
873 29
874 28
875 27
876 28
877 28
878 28
879 27
880 28
881 28
882 27
883 26
884 29
885 29
886 28
887 27
888 29
889 29
890 28
891 27
892 28
893 28
894 28
895 27
896 31
897 28
898 27
899 26
900 30
901 29
902 28
903 27
904 29
905 29
906 28
907 27
908 28
909 28
910 28
911 27
912 31
913 29
914 28
915 26
916 31
917 29
918 28
919 27
920 30
921 29
922 28
923 27
924 28
925 28
926 28
927 27
928 30
929 29
930 27
931 27
932 30
933 29
934 28
935 27
936 29
937 29
938 28
939 27
940 28
941 28
942 28
943 27
944 28
945 28
946 27
947 26
948 29
949 29
950 28
951 27
952 29
953 29
954 28
955 27
956 28
957 28
958 28
959 27
960 28
961 28
962 27
963 27
964 30
965 29
966 28
967 27
968 29
969 29
970 28
971 27
972 28
973 28
974 28
975 27
976 31
977 29
978 28
979 27
980 31
981 29
982 28
983 27
984 30
985 29
986 28
987 27
988 29
989 28
990 28
991 27
992 30
993 29
994 28
995 27
996 30
997 29
998 28
999 27
1000 30
1001 29
1002 28
1003 27
1004 29
1005 28
1006 28
1007 27
1008 28
1009 28
1010 28
1011 27
1012 30
1013 29
1014 28
1015 27
1016 29
1017 29
1018 28
1019 27
1020 28
1021 28
1022 28
1023 27
1024 16
1025 16
1026 16
1027 24
1028 16
1029 16
1030 25
1031 25
1032 16
1033 26
1034 25
1035 25
1036 25
1037 25
1038 25
1039 25
1040 16
1041 16
1042 25
1043 24
1044 16
1045 26
1046 25
1047 24
1048 26
1049 26
1050 25
1051 24
1052 25
1053 25
1054 25
1055 24
1056 16
1057 26
1058 25
1059 24
1060 26
1061 26
1062 25
1063 25
1064 26
1065 26
1066 25
1067 25
1068 25
1069 25
1070 25
1071 24
1072 24
1073 26
1074 25
1075 25
1076 26
1077 26
1078 26
1079 25
1080 26
1081 26
1082 26
1083 25
1084 25
1085 26
1086 25
1087 25
1088 16
1089 16
1090 25
1091 24
1092 16
1093 26
1094 25
1095 25
1096 26
1097 26
1098 25
1099 25
1100 25
1101 25
1102 25
1103 24
1104 16
1105 26
1106 25
1107 24
1108 27
1109 26
1110 25
1111 25
1112 26
1113 26
1114 25
1115 25
1116 25
1117 25
1118 25
1119 24
1120 25
1121 26
1122 25
1123 24
1124 26
1125 26
1126 25
1127 25
1128 26
1129 26
1130 25
1131 25
1132 25
1133 25
1134 25
1135 24
1136 24
1137 25
1138 25
1139 24
1140 26
1141 26
1142 25
1143 25
1144 26
1145 26
1146 25
1147 25
1148 25
1149 26
1150 25
1151 25
1152 16
1153 26
1154 25
1155 25
1156 27
1157 26
1158 26
1159 25
1160 26
1161 26
1162 26
1163 25
1164 25
1165 26
1166 25
1167 25
1168 26
1169 26
1170 25
1171 25
1172 27
1173 26
1174 26
1175 25
1176 26
1177 26
1178 26
1179 25
1180 26
1181 26
1182 25
1183 25
1184 25
1185 26
1186 25
1187 25
1188 26
1189 26
1190 26
1191 25
1192 26
1193 26
1194 26
1195 25
1196 25
1197 26
1198 25
1199 25
1200 24
1201 26
1202 25
1203 25
1204 26
1205 26
1206 26
1207 25
1208 26
1209 26
1210 26
1211 25
1212 25
1213 26
1214 26
1215 25
1216 22
1217 26
1218 26
1219 25
1220 27
1221 27
1222 26
1223 25
1224 27
1225 27
1226 26
1227 26
1228 26
1229 26
1230 26
1231 25
1232 25
1233 26
1234 26
1235 25
1236 27
1237 27
1238 26
1239 25
1240 27
1241 27
1242 26
1243 26
1244 26
1245 26
1246 26
1247 25
1248 25
1249 26
1250 26
1251 25
1252 27
1253 27
1254 26
1255 25
1256 27
1257 27
1258 26
1259 26
1260 26
1261 26
1262 26
1263 25
1264 24
1265 26
1266 26
1267 25
1268 26
1269 27
1270 26
1271 25
1272 26
1273 27
1274 26
1275 26
1276 26
1277 26
1278 26
1279 25
1280 16
1281 16
1282 25
1283 25
1284 16
1285 26
1286 26
1287 25
1288 26
1289 26
1290 26
1291 25
1292 25
1293 26
1294 25
1295 25
1296 16
1297 26
1298 25
1299 25
1300 27
1301 26
1302 26
1303 25
1304 26
1305 26
1306 26
1307 25
1308 26
1309 26
1310 25
1311 25
1312 25
1313 26
1314 25
1315 25
1316 27
1317 26
1318 26
1319 25
1320 26
1321 26
1322 26
1323 25
1324 25
1325 26
1326 25
1327 25
1328 24
1329 26
1330 25
1331 25
1332 26
1333 26
1334 26
1335 25
1336 26
1337 26
1338 26
1339 25
1340 25
1341 26
1342 25
1343 25
1344 16
1345 26
1346 25
1347 25
1348 27
1349 26
1350 26
1351 25
1352 26
1353 26
1354 26
1355 25
1356 25
1357 26
1358 25
1359 25
1360 26
1361 26
1362 25
1363 25
1364 27
1365 26
1366 26
1367 25
1368 26
1369 26
1370 26
1371 25
1372 26
1373 26
1374 25
1375 25
1376 25
1377 26
1378 25
1379 25
1380 27
1381 26
1382 26
1383 25
1384 26
1385 26
1386 26
1387 25
1388 25
1389 26
1390 25
1391 25
1392 24
1393 26
1394 25
1395 25
1396 26
1397 26
1398 26
1399 25
1400 26
1401 26
1402 26
1403 25
1404 25
1405 26
1406 25
1407 25
1408 24
1409 26
1410 25
1411 25
1412 27
1413 27
1414 26
1415 25
1416 26
1417 26
1418 26
1419 25
1420 26
1421 26
1422 26
1423 25
1424 26
1425 26
1426 26
1427 25
1428 27
1429 27
1430 26
1431 25
1432 27
1433 26
1434 26
1435 25
1436 26
1437 26
1438 26
1439 25
1440 25
1441 26
1442 26
1443 25
1444 27
1445 27
1446 26
1447 25
1448 26
1449 26
1450 26
1451 25
1452 26
1453 26
1454 26
1455 25
1456 24
1457 26
1458 25
1459 25
1460 26
1461 26
1462 26
1463 25
1464 26
1465 26
1466 26
1467 25
1468 25
1469 26
1470 26
1471 25
1472 22
1473 26
1474 26
1475 25
1476 27
1477 27
1478 26
1479 25
1480 27
1481 27
1482 26
1483 26
1484 26
1485 26
1486 26
1487 25
1488 25
1489 26
1490 26
1491 25
1492 27
1493 27
1494 26
1495 25
1496 27
1497 27
1498 26
1499 26
1500 26
1501 26
1502 26
1503 25
1504 25
1505 26
1506 26
1507 25
1508 27
1509 27
1510 26
1511 25
1512 27
1513 27
1514 26
1515 26
1516 26
1517 26
1518 26
1519 25
1520 24
1521 26
1522 26
1523 25
1524 26
1525 27
1526 26
1527 25
1528 26
1529 27
1530 26
1531 26
1532 26
1533 26
1534 26
1535 25
1536 16
1537 26
1538 26
1539 25
1540 28
1541 27
1542 26
1543 26
1544 27
1545 27
1546 26
1547 26
1548 26
1549 26
1550 26
1551 25
1552 27
1553 27
1554 26
1555 25
1556 28
1557 27
1558 26
1559 26
1560 27
1561 27
1562 26
1563 26
1564 26
1565 26
1566 26
1567 25
1568 26
1569 27
1570 26
1571 25
1572 27
1573 27
1574 26
1575 26
1576 27
1577 27
1578 26
1579 26
1580 26
1581 26
1582 26
1583 25
1584 25
1585 26
1586 26
1587 25
1588 27
1589 27
1590 26
1591 26
1592 26
1593 27
1594 26
1595 26
1596 26
1597 26
1598 26
1599 25
1600 25
1601 26
1602 26
1603 25
1604 28
1605 27
1606 26
1607 25
1608 27
1609 27
1610 26
1611 26
1612 26
1613 26
1614 26
1615 25
1616 27
1617 27
1618 26
1619 25
1620 28
1621 27
1622 26
1623 25
1624 27
1625 27
1626 26
1627 26
1628 26
1629 26
1630 26
1631 25
1632 26
1633 27
1634 26
1635 25
1636 27
1637 27
1638 26
1639 25
1640 27
1641 27
1642 26
1643 26
1644 26
1645 26
1646 26
1647 25
1648 25
1649 26
1650 26
1651 25
1652 26
1653 27
1654 26
1655 25
1656 26
1657 27
1658 26
1659 26
1660 26
1661 26
1662 26
1663 25
1664 24
1665 26
1666 26
1667 25
1668 27
1669 27
1670 26
1671 26
1672 27
1673 27
1674 26
1675 26
1676 26
1677 26
1678 26
1679 25
1680 27
1681 27
1682 26
1683 25
1684 28
1685 27
1686 26
1687 26
1688 27
1689 27
1690 26
1691 26
1692 26
1693 26
1694 26
1695 25
1696 26
1697 27
1698 26
1699 25
1700 27
1701 27
1702 26
1703 26
1704 27
1705 27
1706 26
1707 26
1708 26
1709 26
1710 26
1711 25
1712 25
1713 26
1714 26
1715 25
1716 27
1717 27
1718 26
1719 26
1720 27
1721 27
1722 26
1723 26
1724 26
1725 26
1726 26
1727 25
1728 23
1729 26
1730 26
1731 25
1732 27
1733 27
1734 27
1735 26
1736 27
1737 27
1738 27
1739 26
1740 26
1741 27
1742 26
1743 26
1744 26
1745 27
1746 26
1747 25
1748 27
1749 27
1750 27
1751 26
1752 27
1753 27
1754 27
1755 26
1756 26
1757 27
1758 26
1759 26
1760 26
1761 27
1762 26
1763 25
1764 27
1765 27
1766 27
1767 26
1768 27
1769 27
1770 27
1771 26
1772 26
1773 27
1774 26
1775 26
1776 25
1777 26
1778 26
1779 25
1780 27
1781 27
1782 26
1783 26
1784 27
1785 27
1786 27
1787 26
1788 26
1789 27
1790 26
1791 26
1792 16
1793 27
1794 26
1795 26
1796 28
1797 28
1798 27
1799 26
1800 28
1801 28
1802 27
1803 26
1804 27
1805 27
1806 27
1807 26
1808 28
1809 27
1810 27
1811 26
1812 28
1813 28
1814 27
1815 26
1816 28
1817 28
1818 27
1819 26
1820 27
1821 27
1822 27
1823 26
1824 27
1825 27
1826 27
1827 26
1828 28
1829 28
1830 27
1831 26
1832 28
1833 28
1834 27
1835 26
1836 27
1837 27
1838 27
1839 26
1840 26
1841 27
1842 26
1843 26
1844 27
1845 27
1846 27
1847 26
1848 27
1849 27
1850 27
1851 26
1852 27
1853 27
1854 27
1855 26
1856 25
1857 27
1858 26
1859 26
1860 28
1861 28
1862 27
1863 26
1864 28
1865 27
1866 27
1867 26
1868 27
1869 27
1870 27
1871 26
1872 28
1873 27
1874 27
1875 26
1876 29
1877 28
1878 27
1879 26
1880 28
1881 28
1882 27
1883 26
1884 27
1885 27
1886 27
1887 26
1888 27
1889 27
1890 27
1891 26
1892 28
1893 28
1894 27
1895 26
1896 28
1897 28
1898 27
1899 26
1900 27
1901 27
1902 27
1903 26
1904 26
1905 27
1906 26
1907 26
1908 27
1909 27
1910 27
1911 26
1912 27
1913 27
1914 27
1915 26
1916 27
1917 27
1918 27
1919 26
1920 25
1921 27
1922 26
1923 26
1924 28
1925 28
1926 27
1927 26
1928 28
1929 28
1930 27
1931 26
1932 27
1933 27
1934 27
1935 26
1936 28
1937 27
1938 27
1939 26
1940 28
1941 28
1942 27
1943 26
1944 28
1945 28
1946 27
1947 26
1948 27
1949 27
1950 27
1951 26
1952 27
1953 27
1954 27
1955 26
1956 28
1957 28
1958 27
1959 26
1960 28
1961 28
1962 27
1963 26
1964 27
1965 27
1966 27
1967 26
1968 26
1969 27
1970 26
1971 26
1972 27
1973 27
1974 27
1975 26
1976 27
1977 27
1978 27
1979 26
1980 27
1981 27
1982 27
1983 26
1984 24
1985 27
1986 26
1987 26
1988 28
1989 28
1990 27
1991 26
1992 28
1993 28
1994 27
1995 26
1996 27
1997 27
1998 27
1999 26
2000 27
2001 27
2002 27
2003 26
2004 28
2005 28
2006 27
2007 26
2008 28
2009 28
2010 27
2011 26
2012 27
2013 27
2014 27
2015 26
2016 27
2017 27
2018 27
2019 26
2020 28
2021 28
2022 27
2023 26
2024 28
2025 28
2026 27
2027 26
2028 27
2029 27
2030 27
2031 26
2032 26
2033 27
2034 27
2035 26
2036 27
2037 28
2038 27
2039 26
2040 27
2041 27
2042 27
2043 26
2044 27
2045 27
2046 27
2047 26
2048 16
2049 16
2050 26
2051 25
2052 16
2053 27
2054 26
2055 25
2056 27
2057 27
2058 26
2059 25
2060 26
2061 26
2062 26
2063 25
2064 16
2065 27
2066 26
2067 25
2068 27
2069 27
2070 26
2071 25
2072 27
2073 27
2074 26
2075 25
2076 26
2077 26
2078 26
2079 25
2080 26
2081 26
2082 26
2083 25
2084 27
2085 27
2086 26
2087 25
2088 27
2089 27
2090 26
2091 25
2092 26
2093 26
2094 26
2095 25
2096 25
2097 26
2098 26
2099 25
2100 26
2101 26
2102 26
2103 25
2104 26
2105 26
2106 26
2107 25
2108 26
2109 26
2110 26
2111 25
2112 16
2113 26
2114 26
2115 25
2116 27
2117 27
2118 26
2119 25
2120 27
2121 27
2122 26
2123 25
2124 26
2125 26
2126 26
2127 25
2128 27
2129 27
2130 26
2131 25
2132 27
2133 27
2134 26
2135 25
2136 27
2137 27
2138 26
2139 25
2140 26
2141 26
2142 26
2143 25
2144 26
2145 26
2146 26
2147 25
2148 27
2149 27
2150 26
2151 25
2152 27
2153 26
2154 26
2155 25
2156 26
2157 26
2158 26
2159 25
2160 25
2161 26
2162 26
2163 25
2164 26
2165 26
2166 26
2167 25
2168 26
2169 26
2170 26
2171 25
2172 26
2173 26
2174 26
2175 25
2176 25
2177 26
2178 26
2179 25
2180 27
2181 27
2182 26
2183 25
2184 27
2185 27
2186 26
2187 25
2188 26
2189 26
2190 26
2191 25
2192 27
2193 27
2194 26
2195 25
2196 27
2197 27
2198 26
2199 25
2200 27
2201 27
2202 26
2203 25
2204 26
2205 26
2206 26
2207 25
2208 26
2209 26
2210 26
2211 25
2212 27
2213 27
2214 26
2215 25
2216 27
2217 27
2218 26
2219 25
2220 26
2221 26
2222 26
2223 25
2224 25
2225 26
2226 26
2227 25
2228 26
2229 27
2230 26
2231 25
2232 26
2233 26
2234 26
2235 25
2236 26
2237 26
2238 26
2239 25
2240 24
2241 26
2242 26
2243 25
2244 27
2245 27
2246 26
2247 26
2248 27
2249 27
2250 26
2251 26
2252 26
2253 26
2254 26
2255 26
2256 26
2257 27
2258 26
2259 25
2260 27
2261 27
2262 26
2263 26
2264 27
2265 27
2266 26
2267 26
2268 26
2269 27
2270 26
2271 26
2272 26
2273 26
2274 26
2275 25
2276 27
2277 27
2278 26
2279 26
2280 27
2281 27
2282 26
2283 26
2284 26
2285 26
2286 26
2287 26
2288 25
2289 26
2290 26
2291 25
2292 26
2293 27
2294 26
2295 26
2296 26
2297 27
2298 26
2299 26
2300 26
2301 26
2302 26
2303 26
2304 16
2305 26
2306 26
2307 25
2308 28
2309 27
2310 26
2311 25
2312 27
2313 27
2314 26
2315 25
2316 26
2317 26
2318 26
2319 25
2320 27
2321 27
2322 26
2323 25
2324 28
2325 27
2326 26
2327 25
2328 27
2329 27
2330 26
2331 25
2332 26
2333 26
2334 26
2335 25
2336 26
2337 26
2338 26
2339 25
2340 27
2341 27
2342 26
2343 25
2344 27
2345 27
2346 26
2347 25
2348 26
2349 26
2350 26
2351 25
2352 25
2353 26
2354 26
2355 25
2356 26
2357 26
2358 26
2359 25
2360 26
2361 26
2362 26
2363 25
2364 26
2365 26
2366 26
2367 25
2368 27
2369 26
2370 26
2371 25
2372 28
2373 27
2374 26
2375 25
2376 27
2377 27
2378 26
2379 25
2380 26
2381 26
2382 26
2383 25
2384 27
2385 27
2386 26
2387 25
2388 28
2389 27
2390 26
2391 25
2392 27
2393 27
2394 26
2395 25
2396 26
2397 26
2398 26
2399 25
2400 26
2401 26
2402 26
2403 25
2404 27
2405 27
2406 26
2407 25
2408 27
2409 27
2410 26
2411 25
2412 26
2413 26
2414 26
2415 25
2416 25
2417 26
2418 26
2419 25
2420 26
2421 26
2422 26
2423 25
2424 26
2425 26
2426 26
2427 25
2428 26
2429 26
2430 26
2431 25
2432 25
2433 26
2434 26
2435 25
2436 27
2437 27
2438 26
2439 25
2440 27
2441 27
2442 26
2443 26
2444 26
2445 26
2446 26
2447 25
2448 27
2449 27
2450 26
2451 25
2452 27
2453 27
2454 26
2455 25
2456 27
2457 27
2458 26
2459 26
2460 26
2461 26
2462 26
2463 25
2464 26
2465 26
2466 26
2467 25
2468 27
2469 27
2470 26
2471 25
2472 27
2473 27
2474 26
2475 26
2476 26
2477 26
2478 26
2479 25
2480 25
2481 26
2482 26
2483 25
2484 26
2485 26
2486 26
2487 25
2488 26
2489 26
2490 26
2491 25
2492 26
2493 26
2494 26
2495 25
2496 23
2497 26
2498 26
2499 25
2500 27
2501 27
2502 26
2503 26
2504 27
2505 27
2506 26
2507 26
2508 26
2509 26
2510 26
2511 26
2512 26
2513 26
2514 26
2515 25
2516 27
2517 27
2518 26
2519 26
2520 27
2521 27
2522 26
2523 26
2524 26
2525 26
2526 26
2527 26
2528 26
2529 26
2530 26
2531 25
2532 27
2533 27
2534 26
2535 26
2536 27
2537 27
2538 26
2539 26
2540 26
2541 26
2542 26
2543 26
2544 25
2545 26
2546 26
2547 25
2548 26
2549 27
2550 26
2551 26
2552 26
2553 27
2554 26
2555 26
2556 26
2557 26
2558 26
2559 26
2560 22
2561 27
2562 26
2563 25
2564 28
2565 27
2566 26
2567 26
2568 27
2569 27
2570 26
2571 26
2572 26
2573 26
2574 26
2575 26
2576 27
2577 27
2578 26
2579 25
2580 28
2581 27
2582 27
2583 26
2584 27
2585 27
2586 26
2587 26
2588 26
2589 27
2590 26
2591 26
2592 26
2593 27
2594 26
2595 25
2596 27
2597 27
2598 26
2599 26
2600 27
2601 27
2602 26
2603 26
2604 26
2605 27
2606 26
2607 26
2608 25
2609 26
2610 26
2611 25
2612 27
2613 27
2614 26
2615 26
2616 27
2617 27
2618 26
2619 26
2620 26
2621 26
2622 26
2623 26
2624 26
2625 27
2626 26
2627 25
2628 28
2629 27
2630 26
2631 26
2632 27
2633 27
2634 26
2635 26
2636 26
2637 26
2638 26
2639 26
2640 27
2641 27
2642 26
2643 25
2644 28
2645 27
2646 27
2647 26
2648 27
2649 27
2650 26
2651 26
2652 26
2653 27
2654 26
2655 26
2656 27
2657 27
2658 26
2659 25
2660 27
2661 27
2662 26
2663 26
2664 27
2665 27
2666 26
2667 26
2668 26
2669 26
2670 26
2671 26
2672 26
2673 26
2674 26
2675 25
2676 27
2677 27
2678 26
2679 26
2680 27
2681 27
2682 26
2683 26
2684 26
2685 26
2686 26
2687 26
2688 25
2689 27
2690 26
2691 25
2692 27
2693 27
2694 26
2695 26
2696 27
2697 27
2698 26
2699 26
2700 26
2701 26
2702 26
2703 26
2704 27
2705 27
2706 26
2707 25
2708 28
2709 27
2710 27
2711 26
2712 27
2713 27
2714 27
2715 26
2716 26
2717 27
2718 26
2719 26
2720 26
2721 27
2722 26
2723 25
2724 27
2725 27
2726 26
2727 26
2728 27
2729 27
2730 26
2731 26
2732 26
2733 27
2734 26
2735 26
2736 25
2737 26
2738 26
2739 25
2740 27
2741 27
2742 26
2743 26
2744 27
2745 27
2746 26
2747 26
2748 26
2749 26
2750 26
2751 26
2752 24
2753 26
2754 26
2755 25
2756 27
2757 27
2758 27
2759 26
2760 27
2761 27
2762 27
2763 26
2764 26
2765 27
2766 26
2767 26
2768 26
2769 27
2770 26
2771 26
2772 27
2773 27
2774 27
2775 26
2776 27
2777 27
2778 27
2779 26
2780 26
2781 27
2782 26
2783 26
2784 26
2785 27
2786 26
2787 26
2788 27
2789 27
2790 27
2791 26
2792 27
2793 27
2794 27
2795 26
2796 26
2797 27
2798 26
2799 26
2800 25
2801 26
2802 26
2803 25
2804 27
2805 27
2806 26
2807 26
2808 27
2809 27
2810 26
2811 26
2812 26
2813 27
2814 26
2815 26
2816 19
2817 27
2818 26
2819 26
2820 28
2821 28
2822 27
2823 26
2824 27
2825 27
2826 27
2827 26
2828 27
2829 27
2830 27
2831 26
2832 27
2833 27
2834 27
2835 26
2836 28
2837 28
2838 27
2839 26
2840 28
2841 28
2842 27
2843 26
2844 27
2845 27
2846 27
2847 26
2848 27
2849 27
2850 27
2851 26
2852 28
2853 28
2854 27
2855 26
2856 28
2857 27
2858 27
2859 26
2860 27
2861 27
2862 27
2863 26
2864 26
2865 27
2866 26
2867 26
2868 27
2869 27
2870 27
2871 26
2872 27
2873 27
2874 27
2875 26
2876 27
2877 27
2878 27
2879 26
2880 25
2881 27
2882 26
2883 26
2884 28
2885 28
2886 27
2887 26
2888 28
2889 27
2890 27
2891 26
2892 27
2893 27
2894 27
2895 26
2896 28
2897 27
2898 27
2899 26
2900 28
2901 28
2902 27
2903 26
2904 28
2905 28
2906 27
2907 26
2908 27
2909 27
2910 27
2911 26
2912 27
2913 27
2914 27
2915 26
2916 28
2917 28
2918 27
2919 26
2920 28
2921 27
2922 27
2923 26
2924 27
2925 27
2926 27
2927 26
2928 26
2929 27
2930 26
2931 26
2932 27
2933 27
2934 27
2935 26
2936 27
2937 27
2938 27
2939 26
2940 27
2941 27
2942 27
2943 26
2944 25
2945 27
2946 26
2947 26
2948 28
2949 28
2950 27
2951 26
2952 27
2953 27
2954 27
2955 26
2956 27
2957 27
2958 27
2959 26
2960 27
2961 27
2962 27
2963 26
2964 28
2965 28
2966 27
2967 26
2968 28
2969 28
2970 27
2971 26
2972 27
2973 27
2974 27
2975 26
2976 27
2977 27
2978 27
2979 26
2980 28
2981 28
2982 27
2983 26
2984 28
2985 27
2986 27
2987 26
2988 27
2989 27
2990 27
2991 26
2992 26
2993 27
2994 26
2995 26
2996 27
2997 27
2998 27
2999 26
3000 27
3001 27
3002 27
3003 26
3004 27
3005 27
3006 27
3007 26
3008 24
3009 27
3010 26
3011 26
3012 27
3013 27
3014 27
3015 26
3016 27
3017 27
3018 27
3019 26
3020 27
3021 27
3022 27
3023 26
3024 26
3025 27
3026 27
3027 26
3028 28
3029 28
3030 27
3031 26
3032 28
3033 28
3034 27
3035 26
3036 27
3037 27
3038 27
3039 26
3040 26
3041 27
3042 27
3043 26
3044 28
3045 28
3046 27
3047 26
3048 28
3049 27
3050 27
3051 26
3052 27
3053 27
3054 27
3055 26
3056 26
3057 27
3058 26
3059 26
3060 27
3061 27
3062 27
3063 26
3064 27
3065 27
3066 27
3067 26
3068 27
3069 27
3070 27
3071 26
3072 16
3073 27
3074 26
3075 26
3076 28
3077 27
3078 27
3079 26
3080 28
3081 27
3082 27
3083 26
3084 27
3085 27
3086 27
3087 26
3088 28
3089 27
3090 27
3091 26
3092 28
3093 28
3094 27
3095 26
3096 28
3097 27
3098 27
3099 26
3100 27
3101 27
3102 27
3103 26
3104 27
3105 27
3106 26
3107 26
3108 28
3109 27
3110 27
3111 26
3112 27
3113 27
3114 27
3115 26
3116 27
3117 27
3118 27
3119 26
3120 26
3121 27
3122 26
3123 26
3124 27
3125 27
3126 27
3127 26
3128 27
3129 27
3130 27
3131 26
3132 27
3133 27
3134 26
3135 26
3136 28
3137 27
3138 26
3139 26
3140 28
3141 27
3142 27
3143 26
3144 28
3145 27
3146 27
3147 26
3148 27
3149 27
3150 26
3151 26
3152 28
3153 27
3154 27
3155 26
3156 28
3157 28
3158 27
3159 26
3160 28
3161 27
3162 27
3163 26
3164 27
3165 27
3166 26
3167 26
3168 27
3169 27
3170 26
3171 26
3172 28
3173 27
3174 27
3175 26
3176 27
3177 27
3178 27
3179 26
3180 27
3181 27
3182 26
3183 26
3184 26
3185 27
3186 26
3187 26
3188 27
3189 27
3190 27
3191 26
3192 27
3193 27
3194 27
3195 26
3196 27
3197 27
3198 26
3199 26
3200 27
3201 27
3202 26
3203 26
3204 28
3205 27
3206 27
3207 26
3208 27
3209 27
3210 27
3211 26
3212 27
3213 27
3214 27
3215 26
3216 28
3217 27
3218 27
3219 26
3220 28
3221 28
3222 27
3223 26
3224 28
3225 27
3226 27
3227 26
3228 27
3229 27
3230 27
3231 26
3232 27
3233 27
3234 26
3235 26
3236 28
3237 27
3238 27
3239 26
3240 27
3241 27
3242 27
3243 26
3244 27
3245 27
3246 27
3247 26
3248 26
3249 27
3250 26
3251 26
3252 27
3253 27
3254 27
3255 26
3256 27
3257 27
3258 27
3259 26
3260 27
3261 27
3262 26
3263 26
3264 25
3265 27
3266 26
3267 26
3268 28
3269 27
3270 27
3271 26
3272 27
3273 27
3274 27
3275 26
3276 27
3277 27
3278 27
3279 26
3280 27
3281 27
3282 27
3283 26
3284 28
3285 28
3286 27
3287 26
3288 28
3289 27
3290 27
3291 26
3292 27
3293 27
3294 27
3295 26
3296 27
3297 27
3298 27
3299 26
3300 28
3301 27
3302 27
3303 26
3304 27
3305 27
3306 27
3307 26
3308 27
3309 27
3310 27
3311 26
3312 26
3313 27
3314 26
3315 26
3316 27
3317 27
3318 27
3319 26
3320 27
3321 27
3322 27
3323 26
3324 27
3325 27
3326 27
3327 26
3328 28
3329 27
3330 26
3331 26
3332 28
3333 27
3334 27
3335 26
3336 27
3337 27
3338 27
3339 26
3340 27
3341 27
3342 26
3343 26
3344 28
3345 27
3346 27
3347 26
3348 28
3349 28
3350 27
3351 26
3352 28
3353 27
3354 27
3355 26
3356 27
3357 27
3358 26
3359 26
3360 27
3361 27
3362 26
3363 26
3364 28
3365 27
3366 27
3367 26
3368 27
3369 27
3370 27
3371 26
3372 27
3373 27
3374 26
3375 26
3376 26
3377 27
3378 26
3379 26
3380 27
3381 27
3382 27
3383 26
3384 27
3385 27
3386 27
3387 26
3388 26
3389 27
3390 26
3391 26
3392 28
3393 27
3394 26
3395 26
3396 28
3397 27
3398 27
3399 26
3400 28
3401 27
3402 27
3403 26
3404 27
3405 27
3406 26
3407 26
3408 28
3409 27
3410 27
3411 26
3412 28
3413 28
3414 27
3415 26
3416 28
3417 27
3418 27
3419 26
3420 27
3421 27
3422 26
3423 26
3424 27
3425 27
3426 26
3427 26
3428 28
3429 27
3430 27
3431 26
3432 27
3433 27
3434 27
3435 26
3436 27
3437 27
3438 26
3439 26
3440 26
3441 27
3442 26
3443 26
3444 27
3445 27
3446 27
3447 26
3448 27
3449 27
3450 27
3451 26
3452 26
3453 27
3454 26
3455 26
3456 27
3457 27
3458 26
3459 26
3460 28
3461 27
3462 27
3463 26
3464 27
3465 27
3466 27
3467 26
3468 27
3469 27
3470 26
3471 26
3472 28
3473 27
3474 27
3475 26
3476 28
3477 28
3478 27
3479 26
3480 28
3481 27
3482 27
3483 26
3484 27
3485 27
3486 27
3487 26
3488 27
3489 27
3490 26
3491 26
3492 28
3493 27
3494 27
3495 26
3496 27
3497 27
3498 27
3499 26
3500 27
3501 27
3502 26
3503 26
3504 26
3505 27
3506 26
3507 26
3508 27
3509 27
3510 27
3511 26
3512 27
3513 27
3514 27
3515 26
3516 26
3517 27
3518 26
3519 26
3520 25
3521 27
3522 26
3523 26
3524 27
3525 27
3526 27
3527 26
3528 27
3529 27
3530 27
3531 26
3532 27
3533 27
3534 27
3535 26
3536 27
3537 27
3538 27
3539 26
3540 28
3541 27
3542 27
3543 26
3544 27
3545 27
3546 27
3547 26
3548 27
3549 27
3550 27
3551 26
3552 27
3553 27
3554 26
3555 26
3556 28
3557 27
3558 27
3559 26
3560 27
3561 27
3562 27
3563 26
3564 27
3565 27
3566 27
3567 26
3568 26
3569 27
3570 26
3571 26
3572 27
3573 27
3574 27
3575 26
3576 27
3577 27
3578 27
3579 26
3580 27
3581 27
3582 27
3583 26
3584 25
3585 27
3586 26
3587 26
3588 28
3589 28
3590 27
3591 26
3592 28
3593 27
3594 27
3595 26
3596 27
3597 27
3598 27
3599 26
3600 28
3601 27
3602 27
3603 26
3604 28
3605 28
3606 27
3607 26
3608 28
3609 28
3610 27
3611 26
3612 27
3613 27
3614 27
3615 26
3616 27
3617 27
3618 27
3619 26
3620 28
3621 28
3622 27
3623 26
3624 28
3625 27
3626 27
3627 26
3628 27
3629 27
3630 27
3631 26
3632 26
3633 27
3634 26
3635 26
3636 27
3637 27
3638 27
3639 26
3640 27
3641 27
3642 27
3643 26
3644 27
3645 27
3646 27
3647 26
3648 28
3649 27
3650 26
3651 26
3652 28
3653 28
3654 27
3655 26
3656 28
3657 27
3658 27
3659 26
3660 27
3661 27
3662 27
3663 26
3664 28
3665 27
3666 27
3667 26
3668 28
3669 28
3670 27
3671 26
3672 28
3673 28
3674 27
3675 26
3676 27
3677 27
3678 27
3679 26
3680 27
3681 27
3682 27
3683 26
3684 28
3685 28
3686 27
3687 26
3688 28
3689 27
3690 27
3691 26
3692 27
3693 27
3694 27
3695 26
3696 26
3697 27
3698 26
3699 26
3700 27
3701 27
3702 27
3703 26
3704 27
3705 27
3706 27
3707 26
3708 27
3709 27
3710 27
3711 26
3712 27
3713 27
3714 26
3715 26
3716 28
3717 28
3718 27
3719 26
3720 28
3721 27
3722 27
3723 26
3724 27
3725 27
3726 27
3727 26
3728 28
3729 27
3730 27
3731 26
3732 28
3733 28
3734 27
3735 26
3736 28
3737 28
3738 27
3739 26
3740 27
3741 27
3742 27
3743 26
3744 27
3745 27
3746 27
3747 26
3748 28
3749 28
3750 27
3751 26
3752 28
3753 27
3754 27
3755 26
3756 27
3757 27
3758 27
3759 26
3760 26
3761 27
3762 26
3763 26
3764 27
3765 27
3766 27
3767 26
3768 27
3769 27
3770 27
3771 26
3772 27
3773 27
3774 27
3775 26
3776 25
3777 27
3778 26
3779 26
3780 28
3781 27
3782 27
3783 26
3784 27
3785 27
3786 27
3787 26
3788 27
3789 27
3790 27
3791 26
3792 27
3793 27
3794 27
3795 26
3796 28
3797 28
3798 27
3799 26
3800 28
3801 28
3802 27
3803 26
3804 27
3805 27
3806 27
3807 26
3808 27
3809 27
3810 27
3811 26
3812 28
3813 28
3814 27
3815 26
3816 27
3817 27
3818 27
3819 26
3820 27
3821 27
3822 27
3823 26
3824 26
3825 27
3826 26
3827 26
3828 27
3829 27
3830 27
3831 26
3832 27
3833 27
3834 27
3835 26
3836 27
3837 27
3838 27
3839 26
3840 22
3841 27
3842 27
3843 26
3844 28
3845 28
3846 27
3847 26
3848 28
3849 28
3850 27
3851 27
3852 27
3853 27
3854 27
3855 26
3856 28
3857 28
3858 27
3859 26
3860 29
3861 28
3862 27
3863 27
3864 28
3865 28
3866 27
3867 27
3868 27
3869 27
3870 27
3871 26
3872 27
3873 27
3874 27
3875 26
3876 28
3877 28
3878 27
3879 27
3880 28
3881 28
3882 27
3883 27
3884 27
3885 27
3886 27
3887 26
3888 26
3889 27
3890 27
3891 26
3892 28
3893 28
3894 27
3895 26
3896 27
3897 28
3898 27
3899 27
3900 27
3901 27
3902 27
3903 26
3904 27
3905 27
3906 27
3907 26
3908 28
3909 28
3910 27
3911 26
3912 28
3913 28
3914 27
3915 27
3916 27
3917 27
3918 27
3919 26
3920 28
3921 28
3922 27
3923 26
3924 29
3925 28
3926 27
3927 27
3928 28
3929 28
3930 27
3931 27
3932 27
3933 27
3934 27
3935 26
3936 28
3937 28
3938 27
3939 26
3940 28
3941 28
3942 27
3943 27
3944 28
3945 28
3946 27
3947 27
3948 27
3949 27
3950 27
3951 26
3952 27
3953 27
3954 27
3955 26
3956 28
3957 28
3958 27
3959 26
3960 28
3961 27
3962 27
3963 27
3964 27
3965 27
3966 27
3967 26
3968 26
3969 27
3970 27
3971 26
3972 28
3973 28
3974 27
3975 26
3976 28
3977 28
3978 27
3979 27
3980 27
3981 27
3982 27
3983 26
3984 28
3985 28
3986 27
3987 26
3988 29
3989 28
3990 27
3991 27
3992 28
3993 28
3994 27
3995 27
3996 27
3997 27
3998 27
3999 26
4000 28
4001 27
4002 27
4003 26
4004 28
4005 28
4006 27
4007 27
4008 28
4009 28
4010 27
4011 27
4012 27
4013 27
4014 27
4015 26
4016 27
4017 27
4018 27
4019 26
4020 28
4021 28
4022 27
4023 26
4024 27
4025 28
4026 27
4027 27
4028 27
4029 27
4030 27
4031 26
4032 25
4033 27
4034 27
4035 26
4036 28
4037 28
4038 27
4039 26
4040 28
4041 28
4042 27
4043 27
4044 27
4045 27
4046 27
4047 26
4048 27
4049 27
4050 27
4051 26
4052 28
4053 28
4054 27
4055 27
4056 28
4057 28
4058 27
4059 27
4060 27
4061 27
4062 27
4063 27
4064 27
4065 27
4066 27
4067 26
4068 28
4069 28
4070 27
4071 27
4072 28
4073 28
4074 27
4075 27
4076 27
4077 27
4078 27
4079 27
4080 26
4081 27
4082 27
4083 26
4084 27
4085 28
4086 27
4087 27
4088 27
4089 28
4090 27
4091 27
4092 27
4093 27
4094 27
4095 26
