#CSC Position Offset LUT
#Structure is comparator code (iCC) -> Stub position offset
#iCC bits: 12
#<header> v1.0 12 32 </header>
0 0
1 0
2 0
3 0
4 0
5 -0.250000
6 -0.750000
7 -1.250000
8 0
9 0.750000
10 0.250000
11 -0.250000
12 0
13 1.750000
14 1.250000
15 0.750000
16 0
17 -0.750000
18 -0.750000
19 -0.750000
20 -0.750000
21 -0.666667
22 -0.750000
23 -0.833333
24 -0.750000
25 -0.500000
26 -0.583333
27 -0.666667
28 -0.750000
29 -0.333333
30 -0.416667
31 -0.500000
32 0
33 -0.250000
34 -0.250000
35 -0.250000
36 -0.250000
37 -0.250000
38 -0.333333
39 -0.416667
40 -0.250000
41 -0.083333
42 -0.166667
43 -0.250000
44 -0.250000
45 0.083333
46 -0.000000
47 -0.083333
48 0
49 0.250000
50 0.250000
51 0.250000
52 0.250000
53 0.166667
54 0.083333
55 -0.000000
56 0.250000
57 0.333333
58 0.250000
59 0.166667
60 0.250000
61 0.500000
62 0.416667
63 0.333333
64 0
65 -0.916667
66 -0.750000
67 -0.583333
68 -0.750000
69 -0.821429
70 -0.750000
71 -0.678571
72 -0.500000
73 -0.678571
74 -0.607143
75 -0.535714
76 -0.250000
77 -0.535714
78 -0.464286
79 -0.392857
80 -0.750000
81 -0.857143
82 -0.750000
83 -0.642857
84 -0.750000
85 -0.800000
86 -0.750000
87 -0.700000
88 -0.583333
89 -0.700000
90 -0.650000
91 -0.600000
92 -0.416667
93 -0.600000
94 -0.550000
95 -0.500000
96 -0.250000
97 -0.678571
98 -0.571429
99 -0.464286
100 -0.583333
101 -0.650000
102 -0.600000
103 -0.550000
104 -0.416667
105 -0.550000
106 -0.500000
107 -0.450000
108 -0.250000
109 -0.450000
110 -0.400000
111 -0.350000
112 0.250000
113 -0.500000
114 -0.392857
115 -0.285714
116 -0.416667
117 -0.500000
118 -0.450000
119 -0.400000
120 -0.250000
121 -0.400000
122 -0.350000
123 -0.300000
124 -0.083333
125 -0.300000
126 -0.250000
127 -0.200000
128 0
129 -0.583333
130 -0.416667
131 -0.250000
132 -0.500000
133 -0.535714
134 -0.464286
135 -0.392857
136 -0.250000
137 -0.392857
138 -0.321429
139 -0.250000
140 0.000000
141 -0.250000
142 -0.178571
143 -0.107143
144 -0.750000
145 -0.642857
146 -0.535714
147 -0.428571
148 -0.583333
149 -0.600000
150 -0.550000
151 -0.500000
152 -0.416667
153 -0.500000
154 -0.450000
155 -0.400000
156 -0.250000
157 -0.400000
158 -0.350000
159 -0.300000
160 -0.250000
161 -0.464286
162 -0.357143
163 -0.250000
164 -0.416667
165 -0.450000
166 -0.400000
167 -0.350000
168 -0.250000
169 -0.350000
170 -0.300000
171 -0.250000
172 -0.083333
173 -0.250000
174 -0.200000
175 -0.150000
176 0.250000
177 -0.285714
178 -0.178571
179 -0.071429
180 -0.250000
181 -0.300000
182 -0.250000
183 -0.200000
184 -0.083333
185 -0.200000
186 -0.150000
187 -0.100000
188 0.083333
189 -0.100000
190 -0.050000
191 -0.000000
192 0
193 -0.250000
194 -0.083333
195 0.083333
196 -0.250000
197 -0.250000
198 -0.178571
199 -0.107143
200 0.000000
201 -0.107143
202 -0.035714
203 0.035714
204 0.250000
205 0.035714
206 0.107143
207 0.178571
208 -0.750000
209 -0.428571
210 -0.321429
211 -0.214286
212 -0.416667
213 -0.400000
214 -0.350000
215 -0.300000
216 -0.250000
217 -0.300000
218 -0.250000
219 -0.200000
220 -0.083333
221 -0.200000
222 -0.150000
223 -0.100000
224 -0.250000
225 -0.250000
226 -0.142857
227 -0.035714
228 -0.250000
229 -0.250000
230 -0.200000
231 -0.150000
232 -0.083333
233 -0.150000
234 -0.100000
235 -0.050000
236 0.083333
237 -0.050000
238 0.000000
239 0.050000
240 0.250000
241 -0.071429
242 0.035714
243 0.142857
244 -0.083333
245 -0.100000
246 -0.050000
247 -0.000000
248 0.083333
249 0.000000
250 0.050000
251 0.100000
252 0.250000
253 0.100000
254 0.150000
255 0.200000
256 0
257 -1.000000
258 -0.750000
259 -0.500000
260 -0.750000
261 -0.884610
262 -0.750000
263 -0.615385
264 -0.416667
265 -0.730769
266 -0.596154
267 -0.461538
268 -0.083333
269 -0.576923
270 -0.442308
271 -0.307692
272 -0.750000
273 -0.916667
274 -0.750000
275 -0.583333
276 -0.750000
277 -0.849999
278 -0.750000
279 -0.650000
280 -0.535714
281 -0.735714
282 -0.635714
283 -0.535714
284 -0.321429
285 -0.621429
286 -0.521429
287 -0.421429
288 -0.250000
289 -0.750000
290 -0.583333
291 -0.416667
292 -0.571429
293 -0.721429
294 -0.621429
295 -0.521429
296 -0.357143
297 -0.607143
298 -0.507143
299 -0.407143
300 -0.142857
301 -0.492857
302 -0.392857
303 -0.292857
304 0.250000
305 -0.583333
306 -0.416667
307 -0.250000
308 -0.392857
309 -0.592857
310 -0.492857
311 -0.392857
312 -0.178571
313 -0.478571
314 -0.378571
315 -0.278571
316 0.035714
317 -0.364286
318 -0.264286
319 -0.164286
320 -0.750000
321 -0.961538
322 -0.750000
323 -0.538464
324 -0.750000
325 -0.875000
326 -0.750000
327 -0.625000
328 -0.464286
329 -0.750000
330 -0.625000
331 -0.500000
332 -0.178571
333 -0.625000
334 -0.500000
335 -0.375000
336 -0.750000
337 -0.907143
338 -0.750000
339 -0.592858
340 -0.750000
341 -0.850000
342 -0.750000
343 -0.650000
344 -0.550000
345 -0.750000
346 -0.650000
347 -0.550000
348 -0.350000
349 -0.650000
350 -0.550000
351 -0.450000
352 -0.333333
353 -0.778571
354 -0.621429
355 -0.464286
356 -0.600000
357 -0.750000
358 -0.650000
359 -0.550000
360 -0.400000
361 -0.650000
362 -0.550000
363 -0.450000
364 -0.200000
365 -0.550000
366 -0.450000
367 -0.350000
368 0.083333
369 -0.650001
370 -0.492857
371 -0.335714
372 -0.450000
373 -0.650000
374 -0.550000
375 -0.450000
376 -0.250000
377 -0.550000
378 -0.450000
379 -0.350000
380 -0.050000
381 -0.450000
382 -0.350000
383 -0.250000
384 0.250000
385 -0.807692
386 -0.596158
387 -0.384615
388 -0.607143
389 -0.750000
390 -0.625000
391 -0.500000
392 -0.321429
393 -0.625000
394 -0.500000
395 -0.375000
396 -0.035714
397 -0.500000
398 -0.375000
399 -0.250000
400 -0.583333
401 -0.792857
402 -0.635715
403 -0.478571
404 -0.650000
405 -0.750000
406 -0.650000
407 -0.550000
408 -0.450000
409 -0.650000
410 -0.550000
411 -0.450000
412 -0.250000
413 -0.550000
414 -0.450000
415 -0.350000
416 -0.166667
417 -0.664287
418 -0.507143
419 -0.350000
420 -0.500000
421 -0.650000
422 -0.550000
423 -0.450000
424 -0.300000
425 -0.550000
426 -0.450000
427 -0.350000
428 -0.100000
429 -0.450000
430 -0.350000
431 -0.250000
432 0.250000
433 -0.535714
434 -0.378571
435 -0.221429
436 -0.350000
437 -0.550000
438 -0.450000
439 -0.350000
440 -0.150000
441 -0.450000
442 -0.350000
443 -0.250000
444 0.050000
445 -0.350000
446 -0.250000
447 -0.150000
448 1.250000
449 -0.653855
450 -0.442308
451 -0.230770
452 -0.464286
453 -0.625000
454 -0.500000
455 -0.375000
456 -0.178571
457 -0.500000
458 -0.375000
459 -0.250000
460 0.107143
461 -0.375000
462 -0.250000
463 -0.125000
464 -0.416667
465 -0.678573
466 -0.521429
467 -0.364286
468 -0.550000
469 -0.650000
470 -0.550000
471 -0.450000
472 -0.350000
473 -0.550000
474 -0.450000
475 -0.350000
476 -0.150000
477 -0.450000
478 -0.350000
479 -0.250000
480 -0.000000
481 -0.550000
482 -0.392857
483 -0.235714
484 -0.400000
485 -0.550000
486 -0.450000
487 -0.350000
488 -0.200000
489 -0.450000
490 -0.350000
491 -0.250000
492 -0.000000
493 -0.350000
494 -0.250000
495 -0.150000
496 0.416667
497 -0.421429
498 -0.264286
499 -0.107143
500 -0.250000
501 -0.450000
502 -0.350000
503 -0.250000
504 -0.050000
505 -0.350000
506 -0.250000
507 -0.150000
508 0.150000
509 -0.250000
510 -0.150000
511 -0.050000
512 0
513 -0.750000
514 -0.500000
515 -0.250000
516 -0.583333
517 -0.673077
518 -0.538462
519 -0.403846
520 -0.250000
521 -0.519231
522 -0.384615
523 -0.250000
524 0.083333
525 -0.365385
526 -0.230769
527 -0.096154
528 -0.750000
529 -0.750000
530 -0.583333
531 -0.416667
532 -0.642857
533 -0.692857
534 -0.592857
535 -0.492857
536 -0.428571
537 -0.578571
538 -0.478571
539 -0.378571
540 -0.214286
541 -0.464286
542 -0.364286
543 -0.264286
544 -0.250000
545 -0.583333
546 -0.416667
547 -0.250000
548 -0.464286
549 -0.564286
550 -0.464286
551 -0.364286
552 -0.250000
553 -0.450000
554 -0.350000
555 -0.250000
556 -0.035714
557 -0.335714
558 -0.235714
559 -0.135714
560 0.250000
561 -0.416667
562 -0.250000
563 -0.083333
564 -0.285714
565 -0.435714
566 -0.335714
567 -0.235714
568 -0.071429
569 -0.321429
570 -0.221429
571 -0.121429
572 0.142857
573 -0.207143
574 -0.107143
575 -0.007143
576 -1.250000
577 -0.826923
578 -0.615390
579 -0.403846
580 -0.678571
581 -0.750000
582 -0.625000
583 -0.500000
584 -0.392857
585 -0.625000
586 -0.500000
587 -0.375000
588 -0.107143
589 -0.500000
590 -0.375000
591 -0.250000
592 -0.833333
593 -0.807143
594 -0.650001
595 -0.492857
596 -0.700000
597 -0.750000
598 -0.650000
599 -0.550000
600 -0.500000
601 -0.650000
602 -0.550000
603 -0.450000
604 -0.300000
605 -0.550000
606 -0.450000
607 -0.350000
608 -0.416667
609 -0.678573
610 -0.521429
611 -0.364286
612 -0.550000
613 -0.650000
614 -0.550000
615 -0.450000
616 -0.350000
617 -0.550000
618 -0.450000
619 -0.350000
620 -0.150000
621 -0.450000
622 -0.350000
623 -0.250000
624 -0.000000
625 -0.550000
626 -0.392857
627 -0.235714
628 -0.400000
629 -0.550000
630 -0.450000
631 -0.350000
632 -0.200000
633 -0.450000
634 -0.350000
635 -0.250000
636 -0.000000
637 -0.350000
638 -0.250000
639 -0.150000
640 -0.250000
641 -0.673088
642 -0.461538
643 -0.250000
644 -0.535714
645 -0.625000
646 -0.500000
647 -0.375000
648 -0.250000
649 -0.500000
650 -0.375000
651 -0.250000
652 0.035714
653 -0.375000
654 -0.250000
655 -0.125000
656 -0.666667
657 -0.692860
658 -0.535714
659 -0.378571
660 -0.600000
661 -0.650000
662 -0.550000
663 -0.450000
664 -0.400000
665 -0.550000
666 -0.450000
667 -0.350000
668 -0.200000
669 -0.450000
670 -0.350000
671 -0.250000
672 -0.250000
673 -0.564286
674 -0.407143
675 -0.250000
676 -0.450000
677 -0.550000
678 -0.450000
679 -0.350000
680 -0.250000
681 -0.450000
682 -0.350000
683 -0.250000
684 -0.050000
685 -0.350000
686 -0.250000
687 -0.150000
688 0.166667
689 -0.435714
690 -0.278571
691 -0.121429
692 -0.300000
693 -0.450000
694 -0.350000
695 -0.250000
696 -0.100000
697 -0.350000
698 -0.250000
699 -0.150000
700 0.100000
701 -0.250000
702 -0.150000
703 -0.050000
704 0.750000
705 -0.519231
706 -0.307692
707 -0.096154
708 -0.392857
709 -0.500000
710 -0.375000
711 -0.250000
712 -0.107143
713 -0.375000
714 -0.250000
715 -0.125000
716 0.178571
717 -0.250000
718 -0.125000
719 -0.000000
720 -0.500000
721 -0.578571
722 -0.421429
723 -0.264286
724 -0.500000
725 -0.550000
726 -0.450000
727 -0.350000
728 -0.300000
729 -0.450000
730 -0.350000
731 -0.250000
732 -0.100000
733 -0.350000
734 -0.250000
735 -0.150000
736 -0.083333
737 -0.450000
738 -0.292857
739 -0.135714
740 -0.350000
741 -0.450000
742 -0.350000
743 -0.250000
744 -0.150000
745 -0.350000
746 -0.250000
747 -0.150000
748 0.050000
749 -0.250000
750 -0.150000
751 -0.050000
752 0.333333
753 -0.321429
754 -0.164286
755 -0.007143
756 -0.200000
757 -0.350000
758 -0.250000
759 -0.150000
760 0.000000
761 -0.250000
762 -0.150000
763 -0.050000
764 0.200000
765 -0.150000
766 -0.050000
767 0.050000
768 0
769 -0.500000
770 -0.250000
771 -0.000000
772 -0.416667
773 -0.461538
774 -0.326923
775 -0.192308
776 -0.083333
777 -0.307692
778 -0.173077
779 -0.038462
780 0.250000
781 -0.153846
782 -0.019231
783 0.115385
784 -0.750000
785 -0.583333
786 -0.416667
787 -0.250000
788 -0.535714
789 -0.535714
790 -0.435714
791 -0.335714
792 -0.321429
793 -0.421429
794 -0.321429
795 -0.221429
796 -0.107143
797 -0.307143
798 -0.207143
799 -0.107143
800 -0.250000
801 -0.416667
802 -0.250000
803 -0.083333
804 -0.357143
805 -0.407143
806 -0.307143
807 -0.207143
808 -0.142857
809 -0.292857
810 -0.192857
811 -0.092857
812 0.071429
813 -0.178571
814 -0.078571
815 0.021429
816 0.250000
817 -0.250000
818 -0.083333
819 0.083333
820 -0.178571
821 -0.278571
822 -0.178571
823 -0.078571
824 0.035714
825 -0.164286
826 -0.064286
827 0.035714
828 0.250000
829 -0.050000
830 0.050000
831 0.150000
832 -1.750000
833 -0.692308
834 -0.480769
835 -0.269231
836 -0.607143
837 -0.625000
838 -0.500000
839 -0.375000
840 -0.321429
841 -0.500000
842 -0.375000
843 -0.250000
844 -0.035714
845 -0.375000
846 -0.250000
847 -0.125000
848 -0.916667
849 -0.707146
850 -0.550000
851 -0.392857
852 -0.650000
853 -0.650000
854 -0.550000
855 -0.450000
856 -0.450000
857 -0.550000
858 -0.450000
859 -0.350000
860 -0.250000
861 -0.450000
862 -0.350000
863 -0.250000
864 -0.500000
865 -0.578571
866 -0.421429
867 -0.264286
868 -0.500000
869 -0.550000
870 -0.450000
871 -0.350000
872 -0.300000
873 -0.450000
874 -0.350000
875 -0.250000
876 -0.100000
877 -0.350000
878 -0.250000
879 -0.150000
880 -0.083333
881 -0.450000
882 -0.292857
883 -0.135714
884 -0.350000
885 -0.450000
886 -0.350000
887 -0.250000
888 -0.150000
889 -0.350000
890 -0.250000
891 -0.150000
892 0.050000
893 -0.250000
894 -0.150000
895 -0.050000
896 -0.750000
897 -0.538462
898 -0.326923
899 -0.115385
900 -0.464286
901 -0.500000
902 -0.375000
903 -0.250000
904 -0.178571
905 -0.375000
906 -0.250000
907 -0.125000
908 0.107143
909 -0.250000
910 -0.125000
911 0.000000
912 -0.750000
913 -0.592857
914 -0.435714
915 -0.278571
916 -0.550000
917 -0.550000
918 -0.450000
919 -0.350000
920 -0.350000
921 -0.450000
922 -0.350000
923 -0.250000
924 -0.150000
925 -0.350000
926 -0.250000
927 -0.150000
928 -0.333333
929 -0.464286
930 -0.307143
931 -0.150000
932 -0.400000
933 -0.450000
934 -0.350000
935 -0.250000
936 -0.200000
937 -0.350000
938 -0.250000
939 -0.150000
940 -0.000000
941 -0.250000
942 -0.150000
943 -0.050000
944 0.083333
945 -0.335714
946 -0.178571
947 -0.021429
948 -0.250000
949 -0.350000
950 -0.250000
951 -0.150000
952 -0.050000
953 -0.250000
954 -0.150000
955 -0.050000
956 0.150000
957 -0.150000
958 -0.050000
959 0.050000
960 0.250000
961 -0.384615
962 -0.173077
963 0.038462
964 -0.321429
965 -0.375000
966 -0.250000
967 -0.125000
968 -0.035714
969 -0.250000
970 -0.125000
971 0.000000
972 0.250000
973 -0.125000
974 -0.000000
975 0.125000
976 -0.583333
977 -0.478571
978 -0.321429
979 -0.164286
980 -0.450000
981 -0.450000
982 -0.350000
983 -0.250000
984 -0.250000
985 -0.350000
986 -0.250000
987 -0.150000
988 -0.050000
989 -0.250000
990 -0.150000
991 -0.050000
992 -0.166667
993 -0.350000
994 -0.192857
995 -0.035714
996 -0.300000
997 -0.350000
998 -0.250000
999 -0.150000
1000 -0.100000
1001 -0.250000
1002 -0.150000
1003 -0.050000
1004 0.100000
1005 -0.150000
1006 -0.050000
1007 0.050000
1008 0.250000
1009 -0.221429
1010 -0.064286
1011 0.092857
1012 -0.150000
1013 -0.250000
1014 -0.150000
1015 -0.050000
1016 0.050000
1017 -0.150000
1018 -0.050000
1019 0.050000
1020 0.250000
1021 -0.050000
1022 0.050000
1023 0.150000
1024 0
1025 -0.850000
1026 -0.550010
1027 -0.250000
1028 -0.625000
1029 -0.750000
1030 -0.583333
1031 -0.416667
1032 -0.250000
1033 -0.583333
1034 -0.416667
1035 -0.250000
1036 0.125000
1037 -0.416667
1038 -0.250000
1039 -0.083333
1040 -0.750000
1041 -0.815789
1042 -0.618422
1043 -0.421053
1044 -0.673077
1045 -0.750000
1046 -0.625000
1047 -0.500000
1048 -0.442308
1049 -0.625000
1050 -0.500000
1051 -0.375000
1052 -0.211538
1053 -0.500000
1054 -0.375000
1055 -0.250000
1056 -0.250000
1057 -0.644739
1058 -0.447368
1059 -0.250000
1060 -0.480769
1061 -0.625000
1062 -0.500000
1063 -0.375000
1064 -0.250000
1065 -0.500000
1066 -0.375000
1067 -0.250000
1068 -0.019231
1069 -0.375000
1070 -0.250000
1071 -0.125000
1072 0.250000
1073 -0.473684
1074 -0.276316
1075 -0.078947
1076 -0.288462
1077 -0.500000
1078 -0.375000
1079 -0.250000
1080 -0.057692
1081 -0.375000
1082 -0.250000
1083 -0.125000
1084 0.173077
1085 -0.250000
1086 -0.125000
1087 0.000000
1088 -1.000000
1089 -0.881579
1090 -0.644737
1091 -0.407895
1092 -0.708333
1093 -0.792378
1094 -0.648305
1095 -0.504237
1096 -0.416667
1097 -0.656780
1098 -0.512712
1099 -0.368644
1100 -0.125000
1101 -0.521186
1102 -0.376994
1103 -0.233051
1104 -0.821429
1105 -0.846154
1106 -0.673077
1107 -0.500000
1108 -0.721429
1109 -0.783785
1110 -0.668919
1111 -0.554054
1112 -0.521429
1113 -0.675676
1114 -0.560811
1115 -0.445946
1116 -0.321429
1117 -0.567568
1118 -0.452621
1119 -0.337838
1120 -0.464286
1121 -0.711538
1122 -0.538462
1123 -0.365389
1124 -0.564286
1125 -0.682432
1126 -0.567568
1127 -0.452621
1128 -0.364286
1129 -0.574324
1130 -0.459459
1131 -0.344595
1132 -0.164286
1133 -0.466216
1134 -0.351351
1135 -0.236487
1136 -0.107143
1137 -0.576923
1138 -0.403852
1139 -0.230769
1140 -0.407143
1141 -0.581081
1142 -0.466216
1143 -0.351351
1144 -0.207143
1145 -0.472973
1146 -0.358108
1147 -0.243244
1148 -0.007143
1149 -0.364865
1150 -0.250001
1151 -0.135135
1152 -0.250000
1153 -0.723684
1154 -0.486842
1155 -0.250026
1156 -0.541667
1157 -0.673729
1158 -0.529661
1159 -0.385593
1160 -0.250000
1161 -0.538136
1162 -0.394068
1163 -0.250000
1164 0.041667
1165 -0.402542
1166 -0.258475
1167 -0.114407
1168 -0.607143
1169 -0.730769
1170 -0.557692
1171 -0.384621
1172 -0.607143
1173 -0.689189
1174 -0.574324
1175 -0.459459
1176 -0.407143
1177 -0.581081
1178 -0.466216
1179 -0.351351
1180 -0.207143
1181 -0.472973
1182 -0.358108
1183 -0.243244
1184 -0.250000
1185 -0.596154
1186 -0.423084
1187 -0.250000
1188 -0.450000
1189 -0.587838
1190 -0.472973
1191 -0.358108
1192 -0.250000
1193 -0.479730
1194 -0.364865
1195 -0.250001
1196 -0.050000
1197 -0.371622
1198 -0.256758
1199 -0.141892
1200 0.107143
1201 -0.461548
1202 -0.288462
1203 -0.115386
1204 -0.292857
1205 -0.486486
1206 -0.371622
1207 -0.256758
1208 -0.092857
1209 -0.378379
1210 -0.263515
1211 -0.148649
1212 0.107143
1213 -0.270272
1214 -0.155405
1215 -0.040541
1216 0.500000
1217 -0.565789
1218 -0.328947
1219 -0.092105
1220 -0.375000
1221 -0.555085
1222 -0.411017
1223 -0.266949
1224 -0.083333
1225 -0.419492
1226 -0.275424
1227 -0.131356
1228 0.208333
1229 -0.283899
1230 -0.139831
1231 0.004237
1232 -0.392857
1233 -0.615385
1234 -0.442316
1235 -0.269231
1236 -0.492857
1237 -0.594595
1238 -0.479730
1239 -0.364865
1240 -0.292857
1241 -0.486486
1242 -0.371622
1243 -0.256758
1244 -0.092857
1245 -0.378379
1246 -0.263515
1247 -0.148649
1248 -0.035714
1249 -0.480780
1250 -0.307692
1251 -0.134617
1252 -0.335714
1253 -0.493243
1254 -0.378379
1255 -0.263515
1256 -0.135714
1257 -0.385135
1258 -0.270272
1259 -0.155405
1260 0.064286
1261 -0.277029
1262 -0.162162
1263 -0.047297
1264 0.321429
1265 -0.346154
1266 -0.173079
1267 -0.000000
1268 -0.178571
1269 -0.391892
1270 -0.277029
1271 -0.162162
1272 0.021429
1273 -0.283784
1274 -0.168919
1275 -0.054054
1276 0.221429
1277 -0.175676
1278 -0.060811
1279 0.054054
1280 -1.750000
1281 -0.928571
1282 -0.654762
1283 -0.380952
1284 -0.711538
1285 -0.823529
1286 -0.661765
1287 -0.500000
1288 -0.365385
1289 -0.676471
1290 -0.514706
1291 -0.352943
1292 -0.019231
1293 -0.529412
1294 -0.367649
1295 -0.205882
1296 -0.821429
1297 -0.877119
1298 -0.682203
1299 -0.487288
1300 -0.725000
1301 -0.808140
1302 -0.680233
1303 -0.552336
1304 -0.500000
1305 -0.691860
1306 -0.563965
1307 -0.436047
1308 -0.275000
1309 -0.575594
1310 -0.447675
1311 -0.319767
1312 -0.357143
1313 -0.733051
1314 -0.538136
1315 -0.343220
1316 -0.550000
1317 -0.703488
1318 -0.575594
1319 -0.447675
1320 -0.325000
1321 -0.587223
1322 -0.459303
1323 -0.331395
1324 -0.100000
1325 -0.470931
1326 -0.343023
1327 -0.215116
1328 0.107143
1329 -0.588983
1330 -0.394068
1331 -0.199153
1332 -0.375000
1333 -0.598853
1334 -0.470931
1335 -0.343023
1336 -0.150000
1337 -0.482559
1338 -0.354651
1339 -0.226744
1340 0.075000
1341 -0.366279
1342 -0.238372
1343 -0.110466
1344 -1.083330
1345 -0.928571
1346 -0.696429
1347 -0.464286
1348 -0.750000
1349 -0.837209
1350 -0.691860
1351 -0.546512
1352 -0.464286
1353 -0.709302
1354 -0.563953
1355 -0.418605
1356 -0.178571
1357 -0.581395
1358 -0.436047
1359 -0.290698
1360 -0.850000
1361 -0.885135
1362 -0.709459
1363 -0.533784
1364 -0.750000
1365 -0.821429
1366 -0.702381
1367 -0.583333
1368 -0.550000
1369 -0.716667
1370 -0.597619
1371 -0.478571
1372 -0.350000
1373 -0.611905
1374 -0.492857
1375 -0.373810
1376 -0.500000
1377 -0.763514
1378 -0.587838
1379 -0.412162
1380 -0.600000
1381 -0.730952
1382 -0.611905
1383 -0.492857
1384 -0.400000
1385 -0.626190
1386 -0.507143
1387 -0.388095
1388 -0.200000
1389 -0.521429
1390 -0.402381
1391 -0.283334
1392 -0.150000
1393 -0.641892
1394 -0.466216
1395 -0.290541
1396 -0.450000
1397 -0.640476
1398 -0.521429
1399 -0.402381
1400 -0.250000
1401 -0.535714
1402 -0.416667
1403 -0.297620
1404 -0.050000
1405 -0.430952
1406 -0.311906
1407 -0.192857
1408 -0.416667
1409 -0.803571
1410 -0.571429
1411 -0.339286
1412 -0.607143
1413 -0.744186
1414 -0.598837
1415 -0.453488
1416 -0.321429
1417 -0.616279
1418 -0.470930
1419 -0.325581
1420 -0.035714
1421 -0.488372
1422 -0.343023
1423 -0.197678
1424 -0.650000
1425 -0.790541
1426 -0.614865
1427 -0.439189
1428 -0.650000
1429 -0.745238
1430 -0.626190
1431 -0.507143
1432 -0.450000
1433 -0.640476
1434 -0.521429
1435 -0.402381
1436 -0.250000
1437 -0.535714
1438 -0.416667
1439 -0.297620
1440 -0.300000
1441 -0.668919
1442 -0.493243
1443 -0.317568
1444 -0.500000
1445 -0.654762
1446 -0.535714
1447 -0.416667
1448 -0.300000
1449 -0.550000
1450 -0.430952
1451 -0.311906
1452 -0.100000
1453 -0.445238
1454 -0.326192
1455 -0.207143
1456 0.050000
1457 -0.547297
1458 -0.371622
1459 -0.195946
1460 -0.350000
1461 -0.564286
1462 -0.445238
1463 -0.326192
1464 -0.150000
1465 -0.459524
1466 -0.340478
1467 -0.221429
1468 0.050000
1469 -0.354764
1470 -0.235714
1471 -0.116667
1472 0.250000
1473 -0.678571
1474 -0.446429
1475 -0.214286
1476 -0.464286
1477 -0.651163
1478 -0.505814
1479 -0.360465
1480 -0.178571
1481 -0.523256
1482 -0.377907
1483 -0.232562
1484 0.107143
1485 -0.395349
1486 -0.250004
1487 -0.104651
1488 -0.450000
1489 -0.695946
1490 -0.520270
1491 -0.344595
1492 -0.550000
1493 -0.669048
1494 -0.550000
1495 -0.430952
1496 -0.350000
1497 -0.564286
1498 -0.445238
1499 -0.326192
1500 -0.150000
1501 -0.459524
1502 -0.340478
1503 -0.221429
1504 -0.100000
1505 -0.574324
1506 -0.398649
1507 -0.222973
1508 -0.400000
1509 -0.578571
1510 -0.459524
1511 -0.340478
1512 -0.200000
1513 -0.473810
1514 -0.354764
1515 -0.235714
1516 -0.000000
1517 -0.369049
1518 -0.250000
1519 -0.130953
1520 0.250000
1521 -0.452703
1522 -0.277027
1523 -0.101351
1524 -0.250000
1525 -0.488095
1526 -0.369049
1527 -0.250000
1528 -0.050000
1529 -0.383335
1530 -0.264286
1531 -0.145239
1532 0.150000
1533 -0.278571
1534 -0.159524
1535 -0.040476
1536 -0.250000
1537 -0.797619
1538 -0.523810
1539 -0.250000
1540 -0.596154
1541 -0.720588
1542 -0.558824
1543 -0.397061
1544 -0.250000
1545 -0.573529
1546 -0.411767
1547 -0.250000
1548 0.096154
1549 -0.426473
1550 -0.264706
1551 -0.102942
1552 -0.714286
1553 -0.783898
1554 -0.588983
1555 -0.394068
1556 -0.650000
1557 -0.726744
1558 -0.598853
1559 -0.470931
1560 -0.425000
1561 -0.610482
1562 -0.482559
1563 -0.354651
1564 -0.200000
1565 -0.494187
1566 -0.366279
1567 -0.238372
1568 -0.250000
1569 -0.639831
1570 -0.444915
1571 -0.250000
1572 -0.475000
1573 -0.622093
1574 -0.494187
1575 -0.366279
1576 -0.250000
1577 -0.505815
1578 -0.377907
1579 -0.250000
1580 -0.025000
1581 -0.389535
1582 -0.261628
1583 -0.133721
1584 0.214286
1585 -0.495763
1586 -0.300847
1587 -0.105932
1588 -0.300000
1589 -0.517443
1590 -0.389535
1591 -0.261628
1592 -0.075000
1593 -0.401163
1594 -0.273256
1595 -0.145349
1596 0.150000
1597 -0.284884
1598 -0.156977
1599 -0.029070
1600 -0.916667
1601 -0.839286
1602 -0.607143
1603 -0.375000
1604 -0.678571
1605 -0.761628
1606 -0.616279
1607 -0.470930
1608 -0.392857
1609 -0.633721
1610 -0.488372
1611 -0.343023
1612 -0.107143
1613 -0.505814
1614 -0.360465
1615 -0.215120
1616 -0.800000
1617 -0.817568
1618 -0.641892
1619 -0.466216
1620 -0.700000
1621 -0.759524
1622 -0.640476
1623 -0.521429
1624 -0.500000
1625 -0.654762
1626 -0.535714
1627 -0.416667
1628 -0.300000
1629 -0.550000
1630 -0.430952
1631 -0.311906
1632 -0.450000
1633 -0.695946
1634 -0.520270
1635 -0.344595
1636 -0.550000
1637 -0.669048
1638 -0.550000
1639 -0.430952
1640 -0.350000
1641 -0.564286
1642 -0.445238
1643 -0.326192
1644 -0.150000
1645 -0.459524
1646 -0.340478
1647 -0.221429
1648 -0.100000
1649 -0.574324
1650 -0.398649
1651 -0.222973
1652 -0.400000
1653 -0.578571
1654 -0.459524
1655 -0.340478
1656 -0.200000
1657 -0.473810
1658 -0.354764
1659 -0.235714
1660 0.000000
1661 -0.369049
1662 -0.250000
1663 -0.130953
1664 -0.250000
1665 -0.714286
1666 -0.482143
1667 -0.250000
1668 -0.535714
1669 -0.668605
1670 -0.523256
1671 -0.377907
1672 -0.250000
1673 -0.540698
1674 -0.395349
1675 -0.250004
1676 0.035714
1677 -0.412791
1678 -0.267446
1679 -0.122093
1680 -0.600000
1681 -0.722973
1682 -0.547297
1683 -0.371622
1684 -0.600000
1685 -0.683333
1686 -0.564286
1687 -0.445238
1688 -0.400000
1689 -0.578571
1690 -0.459524
1691 -0.340478
1692 -0.200000
1693 -0.473810
1694 -0.354764
1695 -0.235714
1696 -0.250000
1697 -0.601351
1698 -0.425676
1699 -0.250000
1700 -0.450000
1701 -0.592857
1702 -0.473810
1703 -0.354764
1704 -0.250000
1705 -0.488095
1706 -0.369049
1707 -0.250000
1708 -0.050000
1709 -0.383335
1710 -0.264286
1711 -0.145239
1712 0.100000
1713 -0.479730
1714 -0.304054
1715 -0.128378
1716 -0.300000
1717 -0.502381
1718 -0.383335
1719 -0.264286
1720 -0.100000
1721 -0.397621
1722 -0.278571
1723 -0.159524
1724 0.100000
1725 -0.292857
1726 -0.173810
1727 -0.054762
1728 0.416667
1729 -0.589286
1730 -0.357143
1731 -0.125000
1732 -0.392857
1733 -0.575581
1734 -0.430233
1735 -0.284889
1736 -0.107143
1737 -0.447674
1738 -0.302331
1739 -0.156977
1740 0.178571
1741 -0.319773
1742 -0.174419
1743 -0.029072
1744 -0.400000
1745 -0.628378
1746 -0.452703
1747 -0.277027
1748 -0.500000
1749 -0.607143
1750 -0.488095
1751 -0.369049
1752 -0.300000
1753 -0.502381
1754 -0.383335
1755 -0.264286
1756 -0.100000
1757 -0.397621
1758 -0.278571
1759 -0.159524
1760 -0.050000
1761 -0.506757
1762 -0.331081
1763 -0.155405
1764 -0.350000
1765 -0.516667
1766 -0.397621
1767 -0.278571
1768 -0.150000
1769 -0.411907
1770 -0.292857
1771 -0.173810
1772 0.050000
1773 -0.307143
1774 -0.188096
1775 -0.069048
1776 0.300000
1777 -0.385135
1778 -0.209459
1779 -0.033784
1780 -0.200000
1781 -0.426193
1782 -0.307143
1783 -0.188096
1784 0.000000
1785 -0.321429
1786 -0.202382
1787 -0.083333
1788 0.200000
1789 -0.216668
1790 -0.097619
1791 0.021429
1792 1.250000
1793 -0.666667
1794 -0.392857
1795 -0.119048
1796 -0.480769
1797 -0.617647
1798 -0.455885
1799 -0.294118
1800 -0.134615
1801 -0.470591
1802 -0.308824
1803 -0.147059
1804 0.211538
1805 -0.323529
1806 -0.161765
1807 0.000000
1808 -0.607143
1809 -0.690678
1810 -0.495763
1811 -0.300847
1812 -0.575000
1813 -0.645349
1814 -0.517443
1815 -0.389535
1816 -0.350000
1817 -0.529071
1818 -0.401163
1819 -0.273256
1820 -0.125000
1821 -0.412791
1822 -0.284884
1823 -0.156977
1824 -0.142857
1825 -0.546610
1826 -0.351695
1827 -0.156780
1828 -0.400000
1829 -0.540699
1830 -0.412791
1831 -0.284884
1832 -0.175000
1833 -0.424419
1834 -0.296512
1835 -0.168605
1836 0.050000
1837 -0.308140
1838 -0.180233
1839 -0.052326
1840 0.321429
1841 -0.402542
1842 -0.207627
1843 -0.012712
1844 -0.225000
1845 -0.436047
1846 -0.308140
1847 -0.180233
1848 -0.000000
1849 -0.319768
1850 -0.191860
1851 -0.063953
1852 0.225000
1853 -0.203488
1854 -0.075581
1855 0.052326
1856 -0.750000
1857 -0.750000
1858 -0.517857
1859 -0.285714
1860 -0.607143
1861 -0.686047
1862 -0.540698
1863 -0.395349
1864 -0.321429
1865 -0.558140
1866 -0.412791
1867 -0.267446
1868 -0.035714
1869 -0.430233
1870 -0.284889
1871 -0.139535
1872 -0.750000
1873 -0.750000
1874 -0.574324
1875 -0.398649
1876 -0.650000
1877 -0.697619
1878 -0.578571
1879 -0.459524
1880 -0.450000
1881 -0.592857
1882 -0.473810
1883 -0.354764
1884 -0.250000
1885 -0.488095
1886 -0.369049
1887 -0.250000
1888 -0.400000
1889 -0.628378
1890 -0.452703
1891 -0.277027
1892 -0.500000
1893 -0.607143
1894 -0.488095
1895 -0.369049
1896 -0.300000
1897 -0.502381
1898 -0.383335
1899 -0.264286
1900 -0.100000
1901 -0.397621
1902 -0.278571
1903 -0.159524
1904 -0.050000
1905 -0.506757
1906 -0.331081
1907 -0.155405
1908 -0.350000
1909 -0.516667
1910 -0.397621
1911 -0.278571
1912 -0.150000
1913 -0.411907
1914 -0.292857
1915 -0.173810
1916 0.050000
1917 -0.307143
1918 -0.188096
1919 -0.069048
1920 -0.083333
1921 -0.625000
1922 -0.392857
1923 -0.160714
1924 -0.464286
1925 -0.593023
1926 -0.447674
1927 -0.302331
1928 -0.178571
1929 -0.465116
1930 -0.319773
1931 -0.174419
1932 0.107143
1933 -0.337216
1934 -0.191860
1935 -0.046514
1936 -0.550000
1937 -0.655405
1938 -0.479730
1939 -0.304054
1940 -0.550000
1941 -0.621429
1942 -0.502381
1943 -0.383335
1944 -0.350000
1945 -0.516667
1946 -0.397621
1947 -0.278571
1948 -0.150000
1949 -0.411907
1950 -0.292857
1951 -0.173810
1952 -0.200000
1953 -0.533784
1954 -0.358108
1955 -0.182432
1956 -0.400000
1957 -0.530952
1958 -0.411907
1959 -0.292857
1960 -0.200000
1961 -0.426193
1962 -0.307143
1963 -0.188096
1964 -0.000000
1965 -0.321429
1966 -0.202382
1967 -0.083333
1968 0.150000
1969 -0.412162
1970 -0.236486
1971 -0.060811
1972 -0.250000
1973 -0.440479
1974 -0.321429
1975 -0.202382
1976 -0.050000
1977 -0.335714
1978 -0.216668
1979 -0.097619
1980 0.150000
1981 -0.230953
1982 -0.111905
1983 0.007143
1984 0.583333
1985 -0.500000
1986 -0.267857
1987 -0.035714
1988 -0.321429
1989 -0.500000
1990 -0.354659
1991 -0.209302
1992 -0.035714
1993 -0.372101
1994 -0.226744
1995 -0.081398
1996 0.250000
1997 -0.244186
1998 -0.098840
1999 0.046512
2000 -0.350000
2001 -0.560811
2002 -0.385135
2003 -0.209459
2004 -0.450000
2005 -0.545238
2006 -0.426193
2007 -0.307143
2008 -0.250000
2009 -0.440479
2010 -0.321429
2011 -0.202382
2012 -0.050000
2013 -0.335714
2014 -0.216668
2015 -0.097619
2016 0.000000
2017 -0.439189
2018 -0.263514
2019 -0.087838
2020 -0.300000
2021 -0.454765
2022 -0.335714
2023 -0.216668
2024 -0.100000
2025 -0.350000
2026 -0.230953
2027 -0.111905
2028 0.100000
2029 -0.245239
2030 -0.126190
2031 -0.007143
2032 0.350000
2033 -0.317568
2034 -0.141892
2035 0.033784
2036 -0.150000
2037 -0.364286
2038 -0.245239
2039 -0.126190
2040 0.050000
2041 -0.259525
2042 -0.140476
2043 -0.021429
2044 0.250000
2045 -0.154762
2046 -0.035714
2047 0.083333
2048 0
2049 -0.650000
2050 -0.350000
2051 -0.050000
2052 -0.500000
2053 -0.583333
2054 -0.416667
2055 -0.250000
2056 -0.125000
2057 -0.416667
2058 -0.250000
2059 -0.083333
2060 0.250000
2061 -0.250000
2062 -0.083333
2063 0.083333
2064 -0.750000
2065 -0.684213
2066 -0.486842
2067 -0.289474
2068 -0.596154
2069 -0.625000
2070 -0.500000
2071 -0.375000
2072 -0.365385
2073 -0.500000
2074 -0.375000
2075 -0.250000
2076 -0.134615
2077 -0.375000
2078 -0.250000
2079 -0.125000
2080 -0.250000
2081 -0.513158
2082 -0.315789
2083 -0.118421
2084 -0.403846
2085 -0.500000
2086 -0.375000
2087 -0.250000
2088 -0.173077
2089 -0.375000
2090 -0.250000
2091 -0.125000
2092 0.057692
2093 -0.250000
2094 -0.125000
2095 -0.000000
2096 0.250000
2097 -0.342105
2098 -0.144737
2099 0.052632
2100 -0.211538
2101 -0.375000
2102 -0.250000
2103 -0.125000
2104 0.019231
2105 -0.250000
2106 -0.125000
2107 -0.000000
2108 0.250000
2109 -0.125000
2110 0.000000
2111 0.125000
2112 -1.250000
2113 -0.776316
2114 -0.539474
2115 -0.302632
2116 -0.666667
2117 -0.690678
2118 -0.546610
2119 -0.402542
2120 -0.375000
2121 -0.555085
2122 -0.411017
2123 -0.266949
2124 -0.083333
2125 -0.419492
2126 -0.275424
2127 -0.131356
2128 -0.892857
2129 -0.769231
2130 -0.596154
2131 -0.423084
2132 -0.692857
2133 -0.702703
2134 -0.587838
2135 -0.472973
2136 -0.492857
2137 -0.594595
2138 -0.479730
2139 -0.364865
2140 -0.292857
2141 -0.486486
2142 -0.371622
2143 -0.256758
2144 -0.535714
2145 -0.634615
2146 -0.461548
2147 -0.288462
2148 -0.535714
2149 -0.601351
2150 -0.486486
2151 -0.371622
2152 -0.335714
2153 -0.493243
2154 -0.378379
2155 -0.263515
2156 -0.135714
2157 -0.385135
2158 -0.270272
2159 -0.155405
2160 -0.178571
2161 -0.500013
2162 -0.326923
2163 -0.153848
2164 -0.378571
2165 -0.500000
2166 -0.385135
2167 -0.270272
2168 -0.178571
2169 -0.391892
2170 -0.277029
2171 -0.162162
2172 0.021429
2173 -0.283784
2174 -0.168919
2175 -0.054054
2176 -0.500000
2177 -0.618421
2178 -0.381579
2179 -0.144737
2180 -0.500000
2181 -0.572034
2182 -0.427966
2183 -0.283899
2184 -0.208333
2185 -0.436441
2186 -0.292373
2187 -0.148305
2188 0.083333
2189 -0.300848
2190 -0.156780
2191 -0.012712
2192 -0.678571
2193 -0.653846
2194 -0.480780
2195 -0.307692
2196 -0.578571
2197 -0.608108
2198 -0.493243
2199 -0.378379
2200 -0.378571
2201 -0.500000
2202 -0.385135
2203 -0.270272
2204 -0.178571
2205 -0.391892
2206 -0.277029
2207 -0.162162
2208 -0.321429
2209 -0.519246
2210 -0.346154
2211 -0.173079
2212 -0.421429
2213 -0.506757
2214 -0.391892
2215 -0.277029
2216 -0.221429
2217 -0.398649
2218 -0.283784
2219 -0.168919
2220 -0.021429
2221 -0.290541
2222 -0.175676
2223 -0.060811
2224 0.035714
2225 -0.384615
2226 -0.211541
2227 -0.038462
2228 -0.264286
2229 -0.405406
2230 -0.290541
2231 -0.175676
2232 -0.064286
2233 -0.297297
2234 -0.182432
2235 -0.067568
2236 0.135714
2237 -0.189189
2238 -0.074324
2239 0.040541
2240 0.250000
2241 -0.460526
2242 -0.223684
2243 0.013158
2244 -0.333333
2245 -0.453390
2246 -0.309323
2247 -0.165254
2248 -0.041667
2249 -0.317798
2250 -0.173729
2251 -0.029661
2252 0.250000
2253 -0.182203
2254 -0.038136
2255 0.105932
2256 -0.464286
2257 -0.538462
2258 -0.365385
2259 -0.192310
2260 -0.464286
2261 -0.513514
2262 -0.398649
2263 -0.283784
2264 -0.264286
2265 -0.405406
2266 -0.290541
2267 -0.175676
2268 -0.064286
2269 -0.297297
2270 -0.182432
2271 -0.067568
2272 -0.107143
2273 -0.403846
2274 -0.230769
2275 -0.057692
2276 -0.307143
2277 -0.412163
2278 -0.297297
2279 -0.182432
2280 -0.107143
2281 -0.304054
2282 -0.189189
2283 -0.074324
2284 0.092857
2285 -0.195946
2286 -0.081081
2287 0.033784
2288 0.250000
2289 -0.269231
2290 -0.096154
2291 0.076923
2292 -0.150000
2293 -0.310811
2294 -0.195946
2295 -0.081081
2296 0.050000
2297 -0.202703
2298 -0.087838
2299 0.027027
2300 0.250000
2301 -0.094595
2302 0.020270
2303 0.135135
2304 -2.750000
2305 -0.833333
2306 -0.559524
2307 -0.285714
2308 -0.673077
2309 -0.735294
2310 -0.573529
2311 -0.411767
2312 -0.326923
2313 -0.588235
2314 -0.426473
2315 -0.264706
2316 0.019231
2317 -0.441179
2318 -0.279412
2319 -0.117648
2320 -0.892857
2321 -0.809322
2322 -0.614407
2323 -0.419492
2324 -0.700000
2325 -0.738372
2326 -0.610482
2327 -0.482559
2328 -0.475000
2329 -0.622093
2330 -0.494187
2331 -0.366279
2332 -0.250000
2333 -0.505815
2334 -0.377907
2335 -0.250000
2336 -0.428571
2337 -0.665254
2338 -0.470339
2339 -0.275424
2340 -0.525000
2341 -0.633721
2342 -0.505815
2343 -0.377907
2344 -0.300000
2345 -0.517443
2346 -0.389535
2347 -0.261628
2348 -0.075000
2349 -0.401163
2350 -0.273256
2351 -0.145349
2352 0.035714
2353 -0.521186
2354 -0.326271
2355 -0.131356
2356 -0.350000
2357 -0.529071
2358 -0.401163
2359 -0.273256
2360 -0.125000
2361 -0.412791
2362 -0.284884
2363 -0.156977
2364 0.100000
2365 -0.296512
2366 -0.168605
2367 -0.040698
2368 -1.416670
2369 -0.875000
2370 -0.642857
2371 -0.410714
2372 -0.750000
2373 -0.779070
2374 -0.633721
2375 -0.488372
2376 -0.464286
2377 -0.651163
2378 -0.505814
2379 -0.360465
2380 -0.178571
2381 -0.523256
2382 -0.377907
2383 -0.232562
2384 -0.950000
2385 -0.844595
2386 -0.668919
2387 -0.493243
2388 -0.750000
2389 -0.773810
2390 -0.654762
2391 -0.535714
2392 -0.550000
2393 -0.669048
2394 -0.550000
2395 -0.430952
2396 -0.350000
2397 -0.564286
2398 -0.445238
2399 -0.326192
2400 -0.600000
2401 -0.722973
2402 -0.547297
2403 -0.371622
2404 -0.600000
2405 -0.683333
2406 -0.564286
2407 -0.445238
2408 -0.400000
2409 -0.578571
2410 -0.459524
2411 -0.340478
2412 -0.200000
2413 -0.473810
2414 -0.354764
2415 -0.235714
2416 -0.250000
2417 -0.601351
2418 -0.425676
2419 -0.250000
2420 -0.450000
2421 -0.592857
2422 -0.473810
2423 -0.354764
2424 -0.250000
2425 -0.488095
2426 -0.369049
2427 -0.250000
2428 -0.050000
2429 -0.383335
2430 -0.264286
2431 -0.145239
2432 -0.750000
2433 -0.750000
2434 -0.517857
2435 -0.285714
2436 -0.607143
2437 -0.686047
2438 -0.540698
2439 -0.395349
2440 -0.321429
2441 -0.558140
2442 -0.412791
2443 -0.267446
2444 -0.035714
2445 -0.430233
2446 -0.284889
2447 -0.139535
2448 -0.750000
2449 -0.750000
2450 -0.574324
2451 -0.398649
2452 -0.650000
2453 -0.697619
2454 -0.578571
2455 -0.459524
2456 -0.450000
2457 -0.592857
2458 -0.473810
2459 -0.354764
2460 -0.250000
2461 -0.488095
2462 -0.369049
2463 -0.250000
2464 -0.400000
2465 -0.628378
2466 -0.452703
2467 -0.277027
2468 -0.500000
2469 -0.607143
2470 -0.488095
2471 -0.369049
2472 -0.300000
2473 -0.502381
2474 -0.383335
2475 -0.264286
2476 -0.100000
2477 -0.397621
2478 -0.278571
2479 -0.159524
2480 -0.050000
2481 -0.506757
2482 -0.331081
2483 -0.155405
2484 -0.350000
2485 -0.516667
2486 -0.397621
2487 -0.278571
2488 -0.150000
2489 -0.411907
2490 -0.292857
2491 -0.173810
2492 0.050000
2493 -0.307143
2494 -0.188096
2495 -0.069048
2496 -0.083333
2497 -0.625000
2498 -0.392857
2499 -0.160714
2500 -0.464286
2501 -0.593023
2502 -0.447674
2503 -0.302331
2504 -0.178571
2505 -0.465116
2506 -0.319773
2507 -0.174419
2508 0.107143
2509 -0.337216
2510 -0.191860
2511 -0.046514
2512 -0.550000
2513 -0.655405
2514 -0.479730
2515 -0.304054
2516 -0.550000
2517 -0.621429
2518 -0.502381
2519 -0.383335
2520 -0.350000
2521 -0.516667
2522 -0.397621
2523 -0.278571
2524 -0.150000
2525 -0.411907
2526 -0.292857
2527 -0.173810
2528 -0.200000
2529 -0.533784
2530 -0.358108
2531 -0.182432
2532 -0.400000
2533 -0.530952
2534 -0.411907
2535 -0.292857
2536 -0.200000
2537 -0.426193
2538 -0.307143
2539 -0.188096
2540 0.000000
2541 -0.321429
2542 -0.202382
2543 -0.083333
2544 0.150000
2545 -0.412162
2546 -0.236486
2547 -0.060811
2548 -0.250000
2549 -0.440479
2550 -0.321429
2551 -0.202382
2552 -0.050000
2553 -0.335714
2554 -0.216668
2555 -0.097619
2556 0.150000
2557 -0.230953
2558 -0.111905
2559 0.007143
2560 -1.250000
2561 -0.702381
2562 -0.428571
2563 -0.154762
2564 -0.557692
2565 -0.632353
2566 -0.470591
2567 -0.308824
2568 -0.211538
2569 -0.485298
2570 -0.323529
2571 -0.161765
2572 0.134615
2573 -0.338235
2574 -0.176471
2575 -0.014706
2576 -0.785714
2577 -0.716102
2578 -0.521186
2579 -0.326271
2580 -0.625000
2581 -0.656977
2582 -0.529071
2583 -0.401163
2584 -0.400000
2585 -0.540699
2586 -0.412791
2587 -0.284884
2588 -0.175000
2589 -0.424419
2590 -0.296512
2591 -0.168605
2592 -0.321429
2593 -0.572034
2594 -0.377119
2595 -0.182203
2596 -0.450000
2597 -0.552327
2598 -0.424419
2599 -0.296512
2600 -0.225000
2601 -0.436047
2602 -0.308140
2603 -0.180233
2604 -0.000000
2605 -0.319768
2606 -0.191860
2607 -0.063953
2608 0.142857
2609 -0.427966
2610 -0.233051
2611 -0.038136
2612 -0.275000
2613 -0.447674
2614 -0.319768
2615 -0.191860
2616 -0.050000
2617 -0.331396
2618 -0.203488
2619 -0.075581
2620 0.175000
2621 -0.215116
2622 -0.087209
2623 0.040698
2624 -1.250000
2625 -0.785714
2626 -0.553571
2627 -0.321429
2628 -0.678571
2629 -0.703488
2630 -0.558140
2631 -0.412791
2632 -0.392857
2633 -0.575581
2634 -0.430233
2635 -0.284889
2636 -0.107143
2637 -0.447674
2638 -0.302331
2639 -0.156977
2640 -0.900000
2641 -0.777027
2642 -0.601351
2643 -0.425676
2644 -0.700000
2645 -0.711905
2646 -0.592857
2647 -0.473810
2648 -0.500000
2649 -0.607143
2650 -0.488095
2651 -0.369049
2652 -0.300000
2653 -0.502381
2654 -0.383335
2655 -0.264286
2656 -0.550000
2657 -0.655405
2658 -0.479730
2659 -0.304054
2660 -0.550000
2661 -0.621429
2662 -0.502381
2663 -0.383335
2664 -0.350000
2665 -0.516667
2666 -0.397621
2667 -0.278571
2668 -0.150000
2669 -0.411907
2670 -0.292857
2671 -0.173810
2672 -0.200000
2673 -0.533784
2674 -0.358108
2675 -0.182432
2676 -0.400000
2677 -0.530952
2678 -0.411907
2679 -0.292857
2680 -0.200000
2681 -0.426193
2682 -0.307143
2683 -0.188096
2684 -0.000000
2685 -0.321429
2686 -0.202382
2687 -0.083333
2688 -0.583333
2689 -0.660714
2690 -0.428571
2691 -0.196429
2692 -0.535714
2693 -0.610465
2694 -0.465116
2695 -0.319773
2696 -0.250000
2697 -0.482558
2698 -0.337216
2699 -0.191860
2700 0.035714
2701 -0.354659
2702 -0.209302
2703 -0.063956
2704 -0.700000
2705 -0.682432
2706 -0.506757
2707 -0.331081
2708 -0.600000
2709 -0.635714
2710 -0.516667
2711 -0.397621
2712 -0.400000
2713 -0.530952
2714 -0.411907
2715 -0.292857
2716 -0.200000
2717 -0.426193
2718 -0.307143
2719 -0.188096
2720 -0.350000
2721 -0.560811
2722 -0.385135
2723 -0.209459
2724 -0.450000
2725 -0.545238
2726 -0.426193
2727 -0.307143
2728 -0.250000
2729 -0.440479
2730 -0.321429
2731 -0.202382
2732 -0.050000
2733 -0.335714
2734 -0.216668
2735 -0.097619
2736 0.000000
2737 -0.439189
2738 -0.263514
2739 -0.087838
2740 -0.300000
2741 -0.454765
2742 -0.335714
2743 -0.216668
2744 -0.100000
2745 -0.350000
2746 -0.230953
2747 -0.111905
2748 0.100000
2749 -0.245239
2750 -0.126190
2751 -0.007143
2752 0.083333
2753 -0.535714
2754 -0.303571
2755 -0.071429
2756 -0.392857
2757 -0.517442
2758 -0.372101
2759 -0.226744
2760 -0.107143
2761 -0.389544
2762 -0.244186
2763 -0.098840
2764 0.178571
2765 -0.261628
2766 -0.116282
2767 0.029070
2768 -0.500000
2769 -0.587838
2770 -0.412162
2771 -0.236486
2772 -0.500000
2773 -0.559524
2774 -0.440479
2775 -0.321429
2776 -0.300000
2777 -0.454765
2778 -0.335714
2779 -0.216668
2780 -0.100000
2781 -0.350000
2782 -0.230953
2783 -0.111905
2784 -0.150000
2785 -0.466216
2786 -0.290541
2787 -0.114865
2788 -0.350000
2789 -0.469052
2790 -0.350000
2791 -0.230953
2792 -0.150000
2793 -0.364286
2794 -0.245239
2795 -0.126190
2796 0.050000
2797 -0.259525
2798 -0.140476
2799 -0.021429
2800 0.200000
2801 -0.344595
2802 -0.168919
2803 0.006757
2804 -0.200000
2805 -0.378571
2806 -0.259525
2807 -0.140476
2808 -0.000000
2809 -0.273811
2810 -0.154762
2811 -0.035714
2812 0.200000
2813 -0.169048
2814 -0.050000
2815 0.069048
2816 0.250000
2817 -0.571429
2818 -0.297619
2819 -0.023810
2820 -0.442308
2821 -0.529417
2822 -0.367647
2823 -0.205883
2824 -0.096154
2825 -0.382353
2826 -0.220589
2827 -0.058824
2828 0.250000
2829 -0.235295
2830 -0.073529
2831 0.088235
2832 -0.678571
2833 -0.622881
2834 -0.427966
2835 -0.233051
2836 -0.550000
2837 -0.575583
2838 -0.447674
2839 -0.319768
2840 -0.325000
2841 -0.459302
2842 -0.331396
2843 -0.203488
2844 -0.100000
2845 -0.343024
2846 -0.215116
2847 -0.087209
2848 -0.214286
2849 -0.478814
2850 -0.283898
2851 -0.088983
2852 -0.375000
2853 -0.470930
2854 -0.343024
2855 -0.215116
2856 -0.150000
2857 -0.354651
2858 -0.226744
2859 -0.098837
2860 0.075000
2861 -0.238372
2862 -0.110465
2863 0.017442
2864 0.250000
2865 -0.334746
2866 -0.139831
2867 0.055085
2868 -0.200000
2869 -0.366279
2870 -0.238372
2871 -0.110465
2872 0.025000
2873 -0.250000
2874 -0.122093
2875 0.005814
2876 0.250000
2877 -0.133721
2878 -0.005814
2879 0.122093
2880 -1.083330
2881 -0.696429
2882 -0.464286
2883 -0.232143
2884 -0.607143
2885 -0.627907
2886 -0.482558
2887 -0.337216
2888 -0.321429
2889 -0.500000
2890 -0.354659
2891 -0.209302
2892 -0.035714
2893 -0.372101
2894 -0.226744
2895 -0.081398
2896 -0.850000
2897 -0.709459
2898 -0.533784
2899 -0.358108
2900 -0.650000
2901 -0.650000
2902 -0.530952
2903 -0.411907
2904 -0.450000
2905 -0.545238
2906 -0.426193
2907 -0.307143
2908 -0.250000
2909 -0.440479
2910 -0.321429
2911 -0.202382
2912 -0.500000
2913 -0.587838
2914 -0.412162
2915 -0.236486
2916 -0.500000
2917 -0.559524
2918 -0.440479
2919 -0.321429
2920 -0.300000
2921 -0.454765
2922 -0.335714
2923 -0.216668
2924 -0.100000
2925 -0.350000
2926 -0.230953
2927 -0.111905
2928 -0.150000
2929 -0.466216
2930 -0.290541
2931 -0.114865
2932 -0.350000
2933 -0.469052
2934 -0.350000
2935 -0.230953
2936 -0.150000
2937 -0.364286
2938 -0.245239
2939 -0.126190
2940 0.050000
2941 -0.259525
2942 -0.140476
2943 -0.021429
2944 -0.416667
2945 -0.571429
2946 -0.339286
2947 -0.107143
2948 -0.464286
2949 -0.534884
2950 -0.389544
2951 -0.244186
2952 -0.178571
2953 -0.406987
2954 -0.261628
2955 -0.116282
2956 0.107143
2957 -0.279070
2958 -0.133724
2959 0.011628
2960 -0.650000
2961 -0.614865
2962 -0.439189
2963 -0.263514
2964 -0.550000
2965 -0.573810
2966 -0.454765
2967 -0.335714
2968 -0.350000
2969 -0.469052
2970 -0.350000
2971 -0.230953
2972 -0.150000
2973 -0.364286
2974 -0.245239
2975 -0.126190
2976 -0.300000
2977 -0.493243
2978 -0.317568
2979 -0.141892
2980 -0.400000
2981 -0.483338
2982 -0.364286
2983 -0.245239
2984 -0.200000
2985 -0.378571
2986 -0.259525
2987 -0.140476
2988 0.000000
2989 -0.273811
2990 -0.154762
2991 -0.035714
2992 0.050000
2993 -0.371622
2994 -0.195946
2995 -0.020270
2996 -0.250000
2997 -0.392857
2998 -0.273811
2999 -0.154762
3000 -0.050000
3001 -0.288097
3002 -0.169048
3003 -0.050000
3004 0.150000
3005 -0.183333
3006 -0.064286
3007 0.054762
3008 0.250000
3009 -0.446429
3010 -0.214286
3011 0.017857
3012 -0.321429
3013 -0.441874
3014 -0.296512
3015 -0.151166
3016 -0.035714
3017 -0.313953
3018 -0.168608
3019 -0.023256
3020 0.250000
3021 -0.186050
3022 -0.040698
3023 0.104651
3024 -0.450000
3025 -0.520270
3026 -0.344595
3027 -0.168919
3028 -0.450000
3029 -0.497624
3030 -0.378571
3031 -0.259525
3032 -0.250000
3033 -0.392857
3034 -0.273811
3035 -0.154762
3036 -0.050000
3037 -0.288097
3038 -0.169048
3039 -0.050000
3040 -0.100000
3041 -0.398649
3042 -0.222973
3043 -0.047297
3044 -0.300000
3045 -0.407143
3046 -0.288097
3047 -0.169048
3048 -0.100000
3049 -0.302382
3050 -0.183333
3051 -0.064286
3052 0.100000
3053 -0.197619
3054 -0.078571
3055 0.040476
3056 0.250000
3057 -0.277027
3058 -0.101351
3059 0.074324
3060 -0.150000
3061 -0.316668
3062 -0.197619
3063 -0.078571
3064 0.050000
3065 -0.211905
3066 -0.092857
3067 0.026190
3068 0.250000
3069 -0.107143
3070 0.011905
3071 0.130952
3072 0
3073 -0.450000
3074 -0.150000
3075 0.150000
3076 -0.375000
3077 -0.416667
3078 -0.250000
3079 -0.083333
3080 -0.000000
3081 -0.250000
3082 -0.083333
3083 0.083333
3084 0.375000
3085 -0.083333
3086 0.083333
3087 0.250000
3088 -0.750000
3089 -0.552632
3090 -0.355263
3091 -0.157895
3092 -0.519231
3093 -0.500000
3094 -0.375000
3095 -0.250000
3096 -0.288462
3097 -0.375000
3098 -0.250000
3099 -0.125000
3100 -0.057692
3101 -0.250000
3102 -0.125000
3103 -0.000000
3104 -0.250000
3105 -0.381579
3106 -0.184211
3107 0.013158
3108 -0.326923
3109 -0.375000
3110 -0.250000
3111 -0.125000
3112 -0.096154
3113 -0.250000
3114 -0.125000
3115 -0.000000
3116 0.134615
3117 -0.125000
3118 -0.000000
3119 0.125000
3120 0.250000
3121 -0.210526
3122 -0.013158
3123 0.184211
3124 -0.134615
3125 -0.250000
3126 -0.125000
3127 -0.000000
3128 0.096154
3129 -0.125000
3130 -0.000000
3131 0.125000
3132 0.326923
3133 -0.000000
3134 0.125000
3135 0.250000
3136 -1.500000
3137 -0.671053
3138 -0.434211
3139 -0.197368
3140 -0.625000
3141 -0.588983
3142 -0.444915
3143 -0.300848
3144 -0.333333
3145 -0.453390
3146 -0.309323
3147 -0.165254
3148 -0.041667
3149 -0.317798
3150 -0.173729
3151 -0.029661
3152 -0.964286
3153 -0.692308
3154 -0.519246
3155 -0.346154
3156 -0.664286
3157 -0.621622
3158 -0.506757
3159 -0.391892
3160 -0.464286
3161 -0.513514
3162 -0.398649
3163 -0.283784
3164 -0.264286
3165 -0.405406
3166 -0.290541
3167 -0.175676
3168 -0.607143
3169 -0.557692
3170 -0.384615
3171 -0.211541
3172 -0.507143
3173 -0.520270
3174 -0.405406
3175 -0.290541
3176 -0.307143
3177 -0.412163
3178 -0.297297
3179 -0.182432
3180 -0.107143
3181 -0.304054
3182 -0.189189
3183 -0.074324
3184 -0.250000
3185 -0.423077
3186 -0.250000
3187 -0.076923
3188 -0.350000
3189 -0.418920
3190 -0.304054
3191 -0.189189
3192 -0.150000
3193 -0.310811
3194 -0.195946
3195 -0.081081
3196 0.050000
3197 -0.202703
3198 -0.087838
3199 0.027027
3200 -0.750000
3201 -0.513158
3202 -0.276316
3203 -0.039474
3204 -0.458333
3205 -0.470339
3206 -0.326271
3207 -0.182203
3208 -0.166667
3209 -0.334746
3210 -0.190678
3211 -0.046610
3212 0.125000
3213 -0.199153
3214 -0.055085
3215 0.088983
3216 -0.750000
3217 -0.576923
3218 -0.403846
3219 -0.230769
3220 -0.550000
3221 -0.527027
3222 -0.412163
3223 -0.297297
3224 -0.350000
3225 -0.418920
3226 -0.304054
3227 -0.189189
3228 -0.150000
3229 -0.310811
3230 -0.195946
3231 -0.081081
3232 -0.392857
3233 -0.442308
3234 -0.269231
3235 -0.096154
3236 -0.392857
3237 -0.425677
3238 -0.310811
3239 -0.195946
3240 -0.192857
3241 -0.317568
3242 -0.202703
3243 -0.087838
3244 0.007143
3245 -0.209459
3246 -0.094595
3247 0.020270
3248 -0.035714
3249 -0.307692
3250 -0.134615
3251 0.038462
3252 -0.235714
3253 -0.324324
3254 -0.209459
3255 -0.094595
3256 -0.035714
3257 -0.216216
3258 -0.101351
3259 0.013513
3260 0.164286
3261 -0.108108
3262 0.006757
3263 0.121622
3264 0.000000
3265 -0.355263
3266 -0.118421
3267 0.118421
3268 -0.291667
3269 -0.351695
3270 -0.207627
3271 -0.063559
3272 0.000000
3273 -0.216102
3274 -0.072034
3275 0.072034
3276 0.291667
3277 -0.080508
3278 0.063559
3279 0.207627
3280 -0.535714
3281 -0.461538
3282 -0.288462
3283 -0.115385
3284 -0.435714
3285 -0.432434
3286 -0.317568
3287 -0.202703
3288 -0.235714
3289 -0.324324
3290 -0.209459
3291 -0.094595
3292 -0.035714
3293 -0.216216
3294 -0.101351
3295 0.013513
3296 -0.178571
3297 -0.326923
3298 -0.153846
3299 0.019231
3300 -0.278571
3301 -0.331081
3302 -0.216216
3303 -0.101351
3304 -0.078571
3305 -0.222973
3306 -0.108108
3307 0.006757
3308 0.121429
3309 -0.114865
3310 0.000000
3311 0.114865
3312 0.178571
3313 -0.192308
3314 -0.019231
3315 0.153846
3316 -0.121429
3317 -0.229730
3318 -0.114865
3319 -0.000000
3320 0.078571
3321 -0.121622
3322 -0.006757
3323 0.108108
3324 0.278571
3325 -0.013513
3326 0.101351
3327 0.216216
3328 -3.750000
3329 -0.738095
3330 -0.464286
3331 -0.190476
3332 -0.634615
3333 -0.647059
3334 -0.485298
3335 -0.323529
3336 -0.288462
3337 -0.500004
3338 -0.338235
3339 -0.176471
3340 0.057692
3341 -0.352941
3342 -0.191177
3343 -0.029412
3344 -0.964286
3345 -0.741525
3346 -0.546610
3347 -0.351695
3348 -0.675000
3349 -0.668605
3350 -0.540699
3351 -0.412791
3352 -0.450000
3353 -0.552327
3354 -0.424419
3355 -0.296512
3356 -0.225000
3357 -0.436047
3358 -0.308140
3359 -0.180233
3360 -0.500000
3361 -0.597458
3362 -0.402542
3363 -0.207627
3364 -0.500000
3365 -0.563955
3366 -0.436047
3367 -0.308140
3368 -0.275000
3369 -0.447674
3370 -0.319768
3371 -0.191860
3372 -0.050000
3373 -0.331396
3374 -0.203488
3375 -0.075581
3376 -0.035714
3377 -0.453390
3378 -0.258475
3379 -0.063559
3380 -0.325000
3381 -0.459302
3382 -0.331396
3383 -0.203488
3384 -0.100000
3385 -0.343024
3386 -0.215116
3387 -0.087209
3388 0.125000
3389 -0.226744
3390 -0.098837
3391 0.029070
3392 -1.750000
3393 -0.821429
3394 -0.589286
3395 -0.357143
3396 -0.750000
3397 -0.720930
3398 -0.575581
3399 -0.430233
3400 -0.464286
3401 -0.593023
3402 -0.447674
3403 -0.302331
3404 -0.178571
3405 -0.465116
3406 -0.319773
3407 -0.174419
3408 -1.050000
3409 -0.804054
3410 -0.628378
3411 -0.452703
3412 -0.750000
3413 -0.726190
3414 -0.607143
3415 -0.488095
3416 -0.550000
3417 -0.621429
3418 -0.502381
3419 -0.383335
3420 -0.350000
3421 -0.516667
3422 -0.397621
3423 -0.278571
3424 -0.700000
3425 -0.682432
3426 -0.506757
3427 -0.331081
3428 -0.600000
3429 -0.635714
3430 -0.516667
3431 -0.397621
3432 -0.400000
3433 -0.530952
3434 -0.411907
3435 -0.292857
3436 -0.200000
3437 -0.426193
3438 -0.307143
3439 -0.188096
3440 -0.350000
3441 -0.560811
3442 -0.385135
3443 -0.209459
3444 -0.450000
3445 -0.545238
3446 -0.426193
3447 -0.307143
3448 -0.250000
3449 -0.440479
3450 -0.321429
3451 -0.202382
3452 -0.050000
3453 -0.335714
3454 -0.216668
3455 -0.097619
3456 -1.083330
3457 -0.696429
3458 -0.464286
3459 -0.232143
3460 -0.607143
3461 -0.627907
3462 -0.482558
3463 -0.337216
3464 -0.321429
3465 -0.500000
3466 -0.354659
3467 -0.209302
3468 -0.035714
3469 -0.372101
3470 -0.226744
3471 -0.081398
3472 -0.850000
3473 -0.709459
3474 -0.533784
3475 -0.358108
3476 -0.650000
3477 -0.650000
3478 -0.530952
3479 -0.411907
3480 -0.450000
3481 -0.545238
3482 -0.426193
3483 -0.307143
3484 -0.250000
3485 -0.440479
3486 -0.321429
3487 -0.202382
3488 -0.500000
3489 -0.587838
3490 -0.412162
3491 -0.236486
3492 -0.500000
3493 -0.559524
3494 -0.440479
3495 -0.321429
3496 -0.300000
3497 -0.454765
3498 -0.335714
3499 -0.216668
3500 -0.100000
3501 -0.350000
3502 -0.230953
3503 -0.111905
3504 -0.150000
3505 -0.466216
3506 -0.290541
3507 -0.114865
3508 -0.350000
3509 -0.469052
3510 -0.350000
3511 -0.230953
3512 -0.150000
3513 -0.364286
3514 -0.245239
3515 -0.126190
3516 0.050000
3517 -0.259525
3518 -0.140476
3519 -0.021429
3520 -0.416667
3521 -0.571429
3522 -0.339286
3523 -0.107143
3524 -0.464286
3525 -0.534884
3526 -0.389544
3527 -0.244186
3528 -0.178571
3529 -0.406987
3530 -0.261628
3531 -0.116282
3532 0.107143
3533 -0.279070
3534 -0.133724
3535 0.011628
3536 -0.650000
3537 -0.614865
3538 -0.439189
3539 -0.263514
3540 -0.550000
3541 -0.573810
3542 -0.454765
3543 -0.335714
3544 -0.350000
3545 -0.469052
3546 -0.350000
3547 -0.230953
3548 -0.150000
3549 -0.364286
3550 -0.245239
3551 -0.126190
3552 -0.300000
3553 -0.493243
3554 -0.317568
3555 -0.141892
3556 -0.400000
3557 -0.483338
3558 -0.364286
3559 -0.245239
3560 -0.200000
3561 -0.378571
3562 -0.259525
3563 -0.140476
3564 0.000000
3565 -0.273811
3566 -0.154762
3567 -0.035714
3568 0.050000
3569 -0.371622
3570 -0.195946
3571 -0.020270
3572 -0.250000
3573 -0.392857
3574 -0.273811
3575 -0.154762
3576 -0.050000
3577 -0.288097
3578 -0.169048
3579 -0.050000
3580 0.150000
3581 -0.183333
3582 -0.064286
3583 0.054762
3584 -2.250000
3585 -0.607143
3586 -0.333333
3587 -0.059524
3588 -0.519231
3589 -0.544124
3590 -0.382353
3591 -0.220589
3592 -0.173077
3593 -0.397059
3594 -0.235295
3595 -0.073529
3596 0.173077
3597 -0.250001
3598 -0.088235
3599 0.073529
3600 -0.857143
3601 -0.648305
3602 -0.453390
3603 -0.258475
3604 -0.600000
3605 -0.587211
3606 -0.459302
3607 -0.331396
3608 -0.375000
3609 -0.470930
3610 -0.343024
3611 -0.215116
3612 -0.150000
3613 -0.354651
3614 -0.226744
3615 -0.098837
3616 -0.392857
3617 -0.504237
3618 -0.309322
3619 -0.114407
3620 -0.425000
3621 -0.482558
3622 -0.354651
3623 -0.226744
3624 -0.200000
3625 -0.366279
3626 -0.238372
3627 -0.110465
3628 0.025000
3629 -0.250000
3630 -0.122093
3631 0.005814
3632 0.071429
3633 -0.360169
3634 -0.165254
3635 0.029661
3636 -0.250000
3637 -0.377907
3638 -0.250000
3639 -0.122093
3640 -0.025000
3641 -0.261628
3642 -0.133721
3643 -0.005814
3644 0.200000
3645 -0.145349
3646 -0.017442
3647 0.110465
3648 -1.583330
3649 -0.732143
3650 -0.500000
3651 -0.267857
3652 -0.678571
3653 -0.645349
3654 -0.500000
3655 -0.354659
3656 -0.392857
3657 -0.517442
3658 -0.372101
3659 -0.226744
3660 -0.107143
3661 -0.389544
3662 -0.244186
3663 -0.098840
3664 -1.000000
3665 -0.736486
3666 -0.560811
3667 -0.385135
3668 -0.700000
3669 -0.664286
3670 -0.545238
3671 -0.426193
3672 -0.500000
3673 -0.559524
3674 -0.440479
3675 -0.321429
3676 -0.300000
3677 -0.454765
3678 -0.335714
3679 -0.216668
3680 -0.650000
3681 -0.614865
3682 -0.439189
3683 -0.263514
3684 -0.550000
3685 -0.573810
3686 -0.454765
3687 -0.335714
3688 -0.350000
3689 -0.469052
3690 -0.350000
3691 -0.230953
3692 -0.150000
3693 -0.364286
3694 -0.245239
3695 -0.126190
3696 -0.300000
3697 -0.493243
3698 -0.317568
3699 -0.141892
3700 -0.400000
3701 -0.483338
3702 -0.364286
3703 -0.245239
3704 -0.200000
3705 -0.378571
3706 -0.259525
3707 -0.140476
3708 0.000000
3709 -0.273811
3710 -0.154762
3711 -0.035714
3712 -0.916667
3713 -0.607143
3714 -0.375000
3715 -0.142857
3716 -0.535714
3717 -0.552326
3718 -0.406987
3719 -0.261628
3720 -0.250000
3721 -0.424431
3722 -0.279070
3723 -0.133724
3724 0.035714
3725 -0.296512
3726 -0.151166
3727 -0.005814
3728 -0.800000
3729 -0.641892
3730 -0.466216
3731 -0.290541
3732 -0.600000
3733 -0.588095
3734 -0.469052
3735 -0.350000
3736 -0.400000
3737 -0.483338
3738 -0.364286
3739 -0.245239
3740 -0.200000
3741 -0.378571
3742 -0.259525
3743 -0.140476
3744 -0.450000
3745 -0.520270
3746 -0.344595
3747 -0.168919
3748 -0.450000
3749 -0.497624
3750 -0.378571
3751 -0.259525
3752 -0.250000
3753 -0.392857
3754 -0.273811
3755 -0.154762
3756 -0.050000
3757 -0.288097
3758 -0.169048
3759 -0.050000
3760 -0.100000
3761 -0.398649
3762 -0.222973
3763 -0.047297
3764 -0.300000
3765 -0.407143
3766 -0.288097
3767 -0.169048
3768 -0.100000
3769 -0.302382
3770 -0.183333
3771 -0.064286
3772 0.100000
3773 -0.197619
3774 -0.078571
3775 0.040476
3776 -0.250000
3777 -0.482143
3778 -0.250000
3779 -0.017857
3780 -0.392857
3781 -0.459318
3782 -0.313953
3783 -0.168608
3784 -0.107143
3785 -0.331395
3786 -0.186050
3787 -0.040698
3788 0.178571
3789 -0.203488
3790 -0.058139
3791 0.087209
3792 -0.600000
3793 -0.547297
3794 -0.371622
3795 -0.195946
3796 -0.500000
3797 -0.511911
3798 -0.392857
3799 -0.273811
3800 -0.300000
3801 -0.407143
3802 -0.288097
3803 -0.169048
3804 -0.100000
3805 -0.302382
3806 -0.183333
3807 -0.064286
3808 -0.250000
3809 -0.425676
3810 -0.250000
3811 -0.074324
3812 -0.350000
3813 -0.421429
3814 -0.302382
3815 -0.183333
3816 -0.150000
3817 -0.316668
3818 -0.197619
3819 -0.078571
3820 0.050000
3821 -0.211905
3822 -0.092857
3823 0.026190
3824 0.100000
3825 -0.304054
3826 -0.128378
3827 0.047297
3828 -0.200000
3829 -0.330954
3830 -0.211905
3831 -0.092857
3832 0.000000
3833 -0.226190
3834 -0.107143
3835 0.011905
3836 0.200000
3837 -0.121429
3838 -0.002381
3839 0.116667
3840 -0.750000
3841 -0.476190
3842 -0.202381
3843 0.071429
3844 -0.403846
3845 -0.441176
3846 -0.279413
3847 -0.117647
3848 -0.057692
3849 -0.294119
3850 -0.132353
3851 0.029412
3852 0.288462
3853 -0.147059
3854 0.014706
3855 0.176471
3856 -0.750000
3857 -0.555085
3858 -0.360169
3859 -0.165254
3860 -0.525000
3861 -0.505814
3862 -0.377907
3863 -0.250000
3864 -0.300000
3865 -0.389535
3866 -0.261628
3867 -0.133721
3868 -0.075000
3869 -0.273256
3870 -0.145349
3871 -0.017442
3872 -0.285714
3873 -0.411017
3874 -0.216102
3875 -0.021186
3876 -0.350000
3877 -0.401163
3878 -0.273256
3879 -0.145349
3880 -0.125000
3881 -0.284884
3882 -0.156977
3883 -0.029070
3884 0.100000
3885 -0.168605
3886 -0.040698
3887 0.087209
3888 0.178571
3889 -0.266949
3890 -0.072034
3891 0.122881
3892 -0.175000
3893 -0.296512
3894 -0.168605
3895 -0.040698
3896 0.050000
3897 -0.180233
3898 -0.052326
3899 0.075581
3900 0.275000
3901 -0.063953
3902 0.063953
3903 0.191860
3904 -1.416670
3905 -0.642857
3906 -0.410714
3907 -0.178571
3908 -0.607143
3909 -0.569767
3910 -0.424431
3911 -0.279070
3912 -0.321429
3913 -0.441874
3914 -0.296512
3915 -0.151166
3916 -0.035714
3917 -0.313953
3918 -0.168608
3919 -0.023256
3920 -0.950000
3921 -0.668919
3922 -0.493243
3923 -0.317568
3924 -0.650000
3925 -0.602381
3926 -0.483338
3927 -0.364286
3928 -0.450000
3929 -0.497624
3930 -0.378571
3931 -0.259525
3932 -0.250000
3933 -0.392857
3934 -0.273811
3935 -0.154762
3936 -0.600000
3937 -0.547297
3938 -0.371622
3939 -0.195946
3940 -0.500000
3941 -0.511911
3942 -0.392857
3943 -0.273811
3944 -0.300000
3945 -0.407143
3946 -0.288097
3947 -0.169048
3948 -0.100000
3949 -0.302382
3950 -0.183333
3951 -0.064286
3952 -0.250000
3953 -0.425676
3954 -0.250000
3955 -0.074324
3956 -0.350000
3957 -0.421429
3958 -0.302382
3959 -0.183333
3960 -0.150000
3961 -0.316668
3962 -0.197619
3963 -0.078571
3964 0.050000
3965 -0.211905
3966 -0.092857
3967 0.026190
3968 -0.750000
3969 -0.517857
3970 -0.285714
3971 -0.053571
3972 -0.464286
3973 -0.476744
3974 -0.331395
3975 -0.186050
3976 -0.178571
3977 -0.348837
3978 -0.203488
3979 -0.058139
3980 0.107143
3981 -0.220930
3982 -0.075581
3983 0.069767
3984 -0.750000
3985 -0.574324
3986 -0.398649
3987 -0.222973
3988 -0.550000
3989 -0.526197
3990 -0.407143
3991 -0.288097
3992 -0.350000
3993 -0.421429
3994 -0.302382
3995 -0.183333
3996 -0.150000
3997 -0.316668
3998 -0.197619
3999 -0.078571
4000 -0.400000
4001 -0.452703
4002 -0.277027
4003 -0.101351
4004 -0.400000
4005 -0.435714
4006 -0.316668
4007 -0.197619
4008 -0.200000
4009 -0.330954
4010 -0.211905
4011 -0.092857
4012 0.000000
4013 -0.226190
4014 -0.107143
4015 0.011905
4016 -0.050000
4017 -0.331081
4018 -0.155405
4019 0.020270
4020 -0.250000
4021 -0.345240
4022 -0.226190
4023 -0.107143
4024 -0.050000
4025 -0.240476
4026 -0.121429
4027 -0.002381
4028 0.150000
4029 -0.135714
4030 -0.016667
4031 0.102381
4032 -0.083333
4033 -0.392857
4034 -0.160714
4035 0.071429
4036 -0.321429
4037 -0.383721
4038 -0.238372
4039 -0.093023
4040 -0.035714
4041 -0.255814
4042 -0.110465
4043 0.034884
4044 0.250000
4045 -0.127907
4046 0.017442
4047 0.162791
4048 -0.550000
4049 -0.479730
4050 -0.304054
4051 -0.128378
4052 -0.450000
4053 -0.450000
4054 -0.330954
4055 -0.211905
4056 -0.250000
4057 -0.345240
4058 -0.226190
4059 -0.107143
4060 -0.050000
4061 -0.240476
4062 -0.121429
4063 -0.002381
4064 -0.200000
4065 -0.358108
4066 -0.182432
4067 -0.006757
4068 -0.300000
4069 -0.359526
4070 -0.240476
4071 -0.121429
4072 -0.100000
4073 -0.254762
4074 -0.135714
4075 -0.016667
4076 0.100000
4077 -0.150000
4078 -0.030952
4079 0.088095
4080 0.150000
4081 -0.236486
4082 -0.060811
4083 0.114865
4084 -0.150000
4085 -0.269048
4086 -0.150000
4087 -0.030952
4088 0.050000
4089 -0.164286
4090 -0.045238
4091 0.073810
4092 0.250000
4093 -0.059524
4094 0.059524
4095 0.178571
