#CSC Position Offset LUT
#Structure is comparator code (iCC) -> Stub position offset
#iCC bits: 12
#<header> v1.0 12 32 </header>
0 0
1 0
2 0
3 0
4 0
5 0
6 0
7 -2
8 0
9 0
10 -0.5
11 -1
12 0
13 1
14 0.5
15 -6.4837e-13
16 0
17 0
18 0
19 -1
20 0
21 0
22 -1.09091
23 -1.1875
24 0
25 -0.75
26 -0.857143
27 -1
28 -1
29 -0.4
30 -0.470588
31 -0.625
32 0
33 0
34 -0.5
35 -0.5
36 0
37 -0.545455
38 -0.6
39 -0.655172
40 -0.5
41 -0.428571
42 -0.5
43 -0.588235
44 -0.5
45 -0.235294
46 -0.285714
47 -0.384615
48 0
49 -7.77156e-13
50 9.04166e-13
51 -1.15463e-13
52 1.48326e-13
53 -0.0625
54 -0.103448
55 -0.142857
56 2.62546e-12
57 -1.94689e-12
58 -0.0588235
59 -0.125
60 -2.01617e-12
61 0.125
62 0.0769231
63 3.07487e-12
64 0
65 0
66 0
67 -1.33333
68 0
69 0
70 -1.5
71 -1.41176
72 0
73 -1.31579
74 -1.3
75 -1.26829
76 -1
77 -1
78 -1
79 -1
80 0
81 0
82 -1.33333
83 -1.225
84 0
85 -1.4
86 -1.35294
87 -1.29167
88 -1.18182
89 -1.23077
90 -1.21951
91 -1.19643
92 -1
93 -1
94 -1
95 -1
96 0
97 -1.05263
98 -1
99 -0.924528
100 -1
101 -1.07692
102 -1.04545
103 -1
104 -0.928571
105 -0.969697
106 -0.961538
107 -0.943662
108 -0.8
109 -0.8
110 -0.8
111 -0.8
112 -3.64153e-13
113 -0.625
114 -0.6
115 -0.545455
116 -0.6
117 -0.6875
118 -0.666667
119 -0.631579
120 -0.588235
121 -0.625
122 -0.619048
123 -0.604651
124 -0.5
125 -0.5
126 -0.5
127 -0.5
128 0
129 0
130 -1.16672
131 -1
132 0
133 -1.2963
134 -1.19565
135 -1.07692
136 -1
137 -1.11111
138 -1.07143
139 -1
140 -0.75
141 -0.866667
142 -0.863636
143 -0.827586
144 0
145 -1.25
146 -1.13046
147 -1
148 -1.18182
149 -1.23529
150 -1.15789
151 -1.0625
152 -1
153 -1.09091
154 -1.05882
155 -1
156 -0.793103
157 -0.888889
158 -0.886076
159 -0.855769
160 -0.5
161 -1
162 -0.92858
163 -0.829268
164 -0.928571
165 -1.02439
166 -0.970588
167 -0.894737
168 -0.833333
169 -0.923077
170 -0.9
171 -0.851852
172 -0.676471
173 -0.761905
174 -0.76087
175 -0.735537
176 -6.49258e-13
177 -0.666667
178 -0.636367
179 -0.5625
180 -0.588235
181 -0.729166
182 -0.696203
183 -0.636364
184 -0.571429
185 -0.666719
186 -0.652174
187 -0.612903
188 -0.461584
189 -0.541667
190 -0.542857
191 -0.521739
192 0
193 -1
194 -0.833321
195 -0.666667
196 -1
197 -1
198 -0.88234
199 -0.75
200 -0.75
201 -0.849053
202 -0.792683
203 -0.702703
204 -0.5
205 -0.636367
206 -0.625
207 -0.571429
208 -1
209 -1
210 -0.861532
211 -0.71875
212 -1
213 -1
214 -0.899993
215 -0.785714
216 -0.793103
217 -0.870966
218 -0.821115
219 -0.742188
220 -0.571429
221 -0.684213
222 -0.672727
223 -0.625
224 -0.5
225 -0.829268
226 -0.736839
227 -0.621622
228 -0.8
229 -0.857143
230 -0.782605
231 -0.6875
232 -0.676471
233 -0.760563
234 -0.722257
235 -0.655172
236 -0.5
237 -0.604652
238 -0.596774
239 -0.555556
240 -2.49933e-12
241 -0.5625
242 -0.51724
243 -0.428632
244 -0.5
245 -0.625
246 -0.576921
247 -0.5
248 -0.461538
249 -0.5625
250 -0.53721
251 -0.481481
252 -0.333333
253 -0.437501
254 -0.434783
255 -0.4
256 0
257 0
258 0
259 -1
260 0
261 0
262 -1.27907
263 -1.1
264 0
265 -1.16672
266 -1.11111
267 -1
268 -0.666719
269 -0.847826
270 -0.846154
271 -0.785714
272 0
273 0
274 -1.18182
275 -1
276 0
277 -1.31428
278 -1.21429
279 -1.07792
280 -1
281 -1.13046
282 -1.08824
283 -1
284 -0.735316
285 -0.877193
286 -0.875
287 -0.825243
288 0
289 -1
290 -0.928571
291 -0.8
292 -0.894737
293 -1.04545
294 -0.985507
295 -0.882979
296 -0.8
297 -0.92858
298 -0.902439
299 -0.833333
300 -0.609766
301 -0.735294
302 -0.736842
303 -0.696721
304 -1.72307e-13
305 -0.6
306 -0.588235
307 -0.5
308 -0.5
309 -0.698113
310 -0.670732
311 -0.594595
312 -0.5
313 -0.636367
314 -0.625
315 -0.571429
316 -0.375005
317 -0.493671
318 -0.5
319 -0.468085
320 0
321 0
322 -1.35293
323 -1.13158
324 0
325 -1.5
326 -1.36363
327 -1.19565
328 -1.11111
329 -1.27778
330 -1.22222
331 -1.11111
332 -0.8
333 -1.00004
334 -1
335 -0.935484
336 0
337 -1.42857
338 -1.28125
339 -1.10753
340 -1.3
341 -1.4
342 -1.3
343 -1.16364
344 -1.08824
345 -1.23077
346 -1.1875
347 -1.09449
348 -0.833333
349 -1.00002
350 -1
351 -0.944444
352 -0.636364
353 -1.13636
354 -1.06493
355 -0.936364
356 -1
357 -1.16667
358 -1.10638
359 -1
360 -0.902439
361 -1.05263
362 -1.02703
363 -0.952055
364 -0.714286
365 -0.869576
366 -0.875
367 -0.829268
368 -0.125
369 -0.773585
370 -0.766666
371 -0.677165
372 -0.625
373 -0.857143
374 -0.833333
375 -0.753425
376 -0.625
377 -0.793103
378 -0.785714
379 -0.727273
380 -0.5
381 -0.653852
382 -0.666667
383 -0.630435
384 0
385 -1.38889
386 -1.2
387 -1
388 -1.26316
389 -1.35185
390 -1.22471
391 -1.06454
392 -1
393 -1.16667
394 -1.11111
395 -1
396 -0.716981
397 -0.922222
398 -0.921336
399 -0.853659
400 -1
401 -1.30435
402 -1.16667
403 -1
404 -1.19231
405 -1.29231
406 -1.1923
407 -1.05596
408 -1
409 -1.14286
410 -1.09677
411 -1
412 -0.758065
413 -0.932039
414 -0.930602
415 -0.87027
416 -0.571429
417 -1.07143
418 -1
419 -0.871428
420 -0.939394
421 -1.10526
422 -1.04201
423 -0.932106
424 -0.846154
425 -1
426 -0.971428
427 -0.891304
428 -0.661972
429 -0.827586
430 -0.832326
431 -0.781553
432 -0.1
433 -0.757576
434 -0.75
435 -0.658228
436 -0.6
437 -0.83908
438 -0.813432
439 -0.729286
440 -0.6
441 -0.777778
442 -0.76923
443 -0.705882
444 -0.475066
445 -0.643411
446 -0.65732
447 -0.61674
448 1.44418e-12
449 -1.1087
450 -0.955056
451 -0.772725
452 -1
453 -1.11765
454 -1
455 -0.846152
456 -0.8
457 -0.966667
458 -0.911106
459 -0.8
460 -0.545455
461 -0.75
462 -0.746834
463 -0.676471
464 -0.7
465 -1.08772
466 -0.961538
467 -0.801323
468 -1
469 -1.1
470 -1
471 -0.863635
472 -0.833333
473 -0.970874
474 -0.921049
475 -0.820895
476 -0.605263
477 -0.777778
478 -0.772727
479 -0.707965
480 -0.411765
481 -0.911765
482 -0.840336
483 -0.711764
484 -0.8
485 -0.956522
486 -0.888889
487 -0.77551
488 -0.714286
489 -0.862072
490 -0.8284
491 -0.743243
492 -0.534884
493 -0.7
494 -0.70103
495 -0.645161
496 -5.54223e-13
497 -0.64557
498 -0.63433
499 -0.539682
500 -0.5
501 -0.730769
502 -0.7
503 -0.611111
504 -0.5
505 -0.67442
506 -0.661289
507 -0.592593
508 -0.375
509 -0.545455
510 -0.556603
511 -0.511111
512 0
513 0
514 -1
515 -0.749989
516 0
517 -1.21569
518 -1.04762
519 -0.846152
520 -0.833333
521 -1
522 -0.923076
523 -0.782609
524 -0.5
525 -0.719097
526 -0.709677
527 -0.622642
528 0
529 -1.18182
530 -1
531 -0.793098
532 -1.11111
533 -1.17188
534 -1.03957
535 -0.869564
536 -0.869565
537 -1
538 -0.934426
539 -0.8125
540 -0.584615
541 -0.759613
542 -0.748252
543 -0.67033
544 -0.5
545 -0.928571
546 -0.833333
547 -0.676468
548 -0.833333
549 -0.974026
550 -0.889815
551 -0.754716
552 -0.714286
553 -0.857143
554 -0.814285
555 -0.714349
556 -0.5
557 -0.663864
558 -0.660494
559 -0.595122
560 2.39808e-14
561 -0.588235
562 -0.571429
563 -0.461537
564 -0.466667
565 -0.688889
566 -0.651844
567 -0.55
568 -0.454545
569 -0.625
570 -0.607595
571 -0.529448
572 -0.310345
573 -0.477611
574 -0.486188
575 -0.434211
576 0
577 -1.39535
578 -1.14286
579 -0.903993
580 -1.33333
581 -1.33333
582 -1.16667
583 -0.973333
584 -0.978261
585 -1.1236
586 -1.04544
587 -0.908571
588 -0.647059
589 -0.857143
590 -0.846152
591 -0.76
592 -1.27273
593 -1.30357
594 -1.11881
595 -0.917804
596 -1.23529
597 -1.275
598 -1.14286
599 -0.976744
600 -0.982456
601 -1.10577
602 -1.03973
603 -0.919192
604 -0.7
605 -0.875
606 -0.863635
607 -0.785714
608 -0.7
609 -1.05797
610 -0.957627
611 -0.802393
612 -0.954545
613 -1.08511
614 -1
615 -0.865979
616 -0.823529
617 -0.966387
618 -0.923525
619 -0.823529
620 -0.608696
621 -0.777778
622 -0.77551
623 -0.709724
624 -0.172414
625 -0.731707
626 -0.711113
627 -0.601063
628 -0.592593
629 -0.814815
630 -0.777778
631 -0.675926
632 -0.56962
633 -0.74627
634 -0.730156
635 -0.651639
636 -0.423077
637 -0.6
638 -0.611111
639 -0.558853
640 -1.5
641 -1.2963
642 -1.07692
643 -0.857143
644 -1.23333
645 -1.25926
646 -1.10606
647 -0.923492
648 -0.928571
649 -1.07407
650 -1
651 -0.867924
652 -0.621951
653 -0.829632
654 -0.819146
655 -0.73444
656 -1.14286
657 -1.23529
658 -1.06557
659 -0.875
660 -1.17073
661 -1.21875
662 -1.09272
663 -0.932035
664 -0.941176
665 -1.06452
666 -1
667 -0.881356
668 -0.673684
669 -0.848685
670 -0.837319
671 -0.759398
672 -0.666667
673 -1.02439
674 -0.928571
675 -0.777778
676 -0.923077
677 -1.05405
678 -0.97059
679 -0.838426
680 -0.8
681 -0.942857
682 -0.9
683 -0.8
684 -0.592593
685 -0.763314
686 -0.760868
687 -0.694158
688 -0.176471
689 -0.729167
690 -0.708861
691 -0.6
692 -0.587302
693 -0.809524
694 -0.772488
695 -0.670634
696 -0.565217
697 -0.74359
698 -0.727273
699 -0.647887
700 -0.421488
701 -0.602206
702 -0.613545
703 -0.560127
704 -0.5
705 -1.07692
706 -0.903226
707 -0.704919
708 -1
709 -1.08333
710 -0.948718
711 -0.777778
712 -0.772727
713 -0.929134
714 -0.861704
715 -0.734936
716 -0.5
717 -0.708861
718 -0.7
719 -0.617021
720 -0.823529
721 -1.0625
722 -0.916084
723 -0.737865
724 -1
725 -1.07143
726 -0.954545
727 -0.8
728 -0.810127
729 -0.9375
730 -0.875599
731 -0.759122
732 -0.563636
733 -0.738636
734 -0.727273
735 -0.64935
736 -0.5
737 -0.894737
738 -0.808642
739 -0.66382
740 -0.8
741 -0.9375
742 -0.857143
743 -0.727273
744 -0.695652
745 -0.838509
746 -0.795653
747 -0.695651
748 -0.5
749 -0.670103
750 -0.666667
751 -0.598802
752 -0.0769231
753 -0.636364
754 -0.618785
755 -0.511947
756 -0.5
757 -0.722222
758 -0.685185
759 -0.583333
760 -0.485714
761 -0.662921
762 -0.645474
763 -0.564814
764 -0.347826
765 -0.528302
766 -0.538462
767 -0.483333
768 0
769 -1
770 -0.75
771 -0.5
772 -1
773 -1
774 -0.816
775 -0.603415
776 -0.666667
777 -0.807692
778 -0.714286
779 -0.558824
780 -0.333333
781 -0.545455
782 -0.524571
783 -0.423069
784 -1
785 -1
786 -0.793103
787 -0.571429
788 -1
789 -1
790 -0.842466
791 -0.653245
792 -0.735294
793 -0.836066
794 -0.75
795 -0.608683
796 -0.4375
797 -0.602652
798 -0.577657
799 -0.482753
800 -0.5
801 -0.8
802 -0.676471
803 -0.5
804 -0.754717
805 -0.845455
806 -0.736527
807 -0.580344
808 -0.609756
809 -0.728571
810 -0.666667
811 -0.546867
812 -0.378378
813 -0.535296
814 -0.519642
815 -0.437497
816 3.21521e-12
817 -0.5
818 -0.461538
819 -0.333333
820 -0.409091
821 -0.598425
822 -0.542555
823 -0.421679
824 -0.375
825 -0.531646
826 -0.5
827 -0.404251
828 -0.214286
829 -0.380953
830 -0.380947
831 -0.314283
832 -3
833 -1.2
834 -0.923077
835 -0.672416
836 -1.23529
837 -1.15217
838 -0.96
839 -0.75
840 -0.846154
841 -0.951613
842 -0.852462
843 -0.698336
844 -0.5
845 -0.692308
846 -0.666667
847 -0.565214
848 -1.375
849 -1.15584
850 -0.934783
851 -0.713569
852 -1.16667
853 -1.12727
854 -0.965116
855 -0.777778
856 -0.875
857 -0.958042
858 -0.868934
859 -0.728617
860 -0.571429
861 -0.727273
862 -0.7
863 -0.605261
864 -0.758621
865 -0.946809
866 -0.811321
867 -0.633929
868 -0.903226
869 -0.96875
870 -0.85567
871 -0.7
872 -0.736842
873 -0.845679
874 -0.78166
875 -0.662157
876 -0.5
877 -0.653061
878 -0.636364
879 -0.554215
880 -0.214286
881 -0.648649
882 -0.6
883 -0.46988
884 -0.552632
885 -0.726027
886 -0.666667
887 -0.545455
888 -0.5
889 -0.651934
890 -0.619048
891 -0.523217
892 -0.333333
893 -0.5
894 -0.5
895 -0.433332
896 -2
897 -1.16667
898 -0.913043
899 -0.676471
900 -1.19512
901 -1.12963
902 -0.948571
903 -0.747935
904 -0.842105
905 -0.944444
906 -0.849057
907 -0.7
908 -0.513514
909 -0.7
910 -0.674699
911 -0.575468
912 -1.3
913 -1.13333
914 -0.925
915 -0.713043
916 -1.14286
917 -1.11024
918 -0.954545
919 -0.773235
920 -0.869565
921 -0.951219
922 -0.864407
923 -0.727273
924 -0.578125
925 -0.731343
926 -0.70438
927 -0.610948
928 -0.764706
929 -0.944444
930 -0.813187
931 -0.640625
932 -0.901408
933 -0.965753
934 -0.855204
935 -0.702764
936 -0.740741
937 -0.847826
938 -0.784615
939 -0.666667
940 -0.510345
941 -0.662162
942 -0.645535
943 -0.563828
944 -0.25
945 -0.666667
946 -0.617647
947 -0.489362
948 -0.569767
949 -0.739394
950 -0.680328
951 -0.560414
952 -0.516129
953 -0.666667
954 -0.633803
955 -0.538462
956 -0.351852
957 -0.518519
958 -0.518554
959 -0.451851
960 -1
961 -1
962 -0.792453
963 -0.576923
964 -1
965 -1
966 -0.84
967 -0.652174
968 -0.724138
969 -0.841463
970 -0.755187
971 -0.613268
972 -0.428571
973 -0.617647
974 -0.595745
975 -0.5
976 -1
977 -1
978 -0.818681
979 -0.62069
980 -1
981 -1
982 -0.857143
983 -0.684211
984 -0.769231
985 -0.859459
986 -0.778196
987 -0.645579
988 -0.5
989 -0.654867
990 -0.62987
991 -0.538462
992 -0.615385
993 -0.844262
994 -0.726829
995 -0.5625
996 -0.8
997 -0.878049
998 -0.774194
999 -0.626506
1000 -0.661157
1001 -0.771845
1002 -0.71134
1003 -0.595779
1004 -0.444444
1005 -0.596774
1006 -0.580838
1007 -0.5
1008 -0.166667
1009 -0.595745
1010 -0.552632
1011 -0.428571
1012 -0.5
1013 -0.673913
1014 -0.617647
1015 -0.5
1016 -0.456522
1017 -0.60793
1018 -0.575949
1019 -0.481507
1020 -0.3
1021 -0.466667
1022 -0.466667
1023 -0.4
1024 0
1025 0
1026 0
1027 -0.8
1028 0
1029 0
1030 -1.14706
1031 -0.914894
1032 0
1033 -1.0678
1034 -0.988364
1035 -0.831858
1036 -0.5
1037 -0.736834
1038 -0.730769
1039 -0.636364
1040 0
1041 0
1042 -1.07463
1043 -0.84375
1044 0
1045 -1.25
1046 -1.11628
1047 -0.931035
1048 -0.906977
1049 -1.05402
1050 -0.990473
1051 -0.860294
1052 -0.6
1053 -0.782605
1054 -0.774194
1055 -0.692308
1056 0
1057 -0.941176
1058 -0.857113
1059 -0.692308
1060 -0.833333
1061 -1
1062 -0.923076
1063 -0.782609
1064 -0.722222
1065 -0.876392
1066 -0.838708
1067 -0.735849
1068 -0.5
1069 -0.666665
1070 -0.666667
1071 -0.6
1072 7.30971e-13
1073 -0.546875
1074 -0.544543
1075 -0.434783
1076 -0.434783
1077 -0.666667
1078 -0.639344
1079 -0.5375
1080 -0.430769
1081 -0.605764
1082 -0.594405
1083 -0.516484
1084 -0.285714
1085 -0.451612
1086 -0.463415
1087 -0.411765
1088 0
1089 0
1090 -1.25
1091 -0.981132
1092 0
1093 -1.44068
1094 -1.26596
1095 -1.05426
1096 -1.04545
1097 -1.2
1098 -1.12069
1099 -0.973684
1100 -0.6875
1101 -0.900987
1102 -0.891304
1103 -0.8
1104 0
1105 -1.38462
1106 -1.2
1107 -0.984375
1108 -1.28571
1109 -1.35135
1110 -1.22121
1111 -1.04605
1112 -1.03571
1113 -1.16667
1114 -1.10294
1115 -0.977273
1116 -0.74026
1117 -0.915252
1118 -0.90566
1119 -0.825
1120 -0.75
1121 -1.09091
1122 -1
1123 -0.839998
1124 -0.978261
1125 -1.1236
1126 -1.04544
1127 -0.908571
1128 -0.852941
1129 -1
1130 -0.961538
1131 -0.860047
1132 -0.633333
1133 -0.799999
1134 -0.8
1135 -0.733333
1136 -0.235294
1137 -0.725
1138 -0.714286
1139 -0.60465
1140 -0.596491
1141 -0.817308
1142 -0.788074
1143 -0.686868
1144 -0.575
1145 -0.75
1146 -0.738636
1147 -0.660741
1148 -0.427185
1149 -0.598684
1150 -0.61194
1151 -0.56
1152 0
1153 -1.35294
1154 -1.1383
1155 -0.9051
1156 -1.25
1157 -1.31579
1158 -1.16667
1159 -0.975609
1160 -0.964286
1161 -1.11881
1162 -1.04793
1163 -0.910993
1164 -0.65
1165 -0.857143
1166 -0.848837
1167 -0.761499
1168 -1.10526
1169 -1.27273
1170 -1.11504
1171 -0.918745
1172 -1.18182
1173 -1.26087
1174 -1.14286
1175 -0.978723
1176 -0.971014
1177 -1.10169
1178 -1.04191
1179 -0.921295
1180 -0.702128
1181 -0.875
1182 -0.865979
1183 -0.786905
1184 -0.7
1185 -1.03704
1186 -0.954545
1187 -0.803276
1188 -0.928571
1189 -1.07407
1190 -1
1191 -0.867924
1192 -0.817073
1193 -0.962966
1194 -0.925527
1195 -0.825725
1196 -0.611111
1197 -0.777778
1198 -0.777778
1199 -0.711124
1200 -0.243902
1201 -0.71875
1202 -0.708611
1203 -0.60194
1204 -0.588235
1205 -0.806452
1206 -0.777778
1207 -0.677966
1208 -0.568421
1209 -0.743422
1210 -0.732055
1211 -0.654135
1212 -0.42623
1213 -0.6
1214 -0.613445
1215 -0.560819
1216 -0.5
1217 -1.0625
1218 -0.913793
1219 -0.714286
1220 -0.95
1221 -1.08602
1222 -0.965753
1223 -0.793961
1224 -0.764706
1225 -0.934426
1226 -0.875
1227 -0.747824
1228 -0.5
1229 -0.708611
1230 -0.703879
1231 -0.620688
1232 -0.75
1233 -1.05
1234 -0.926471
1235 -0.75
1236 -0.962264
1237 -1.07273
1238 -0.970062
1239 -0.816959
1240 -0.804878
1241 -0.942857
1242 -0.888889
1243 -0.773436
1244 -0.567568
1245 -0.741178
1246 -0.733621
1247 -0.656249
1248 -0.5
1249 -0.875
1250 -0.807692
1251 -0.666667
1252 -0.772727
1253 -0.929134
1254 -0.861704
1255 -0.734936
1256 -0.6875
1257 -0.835443
1258 -0.8
1259 -0.702127
1260 -0.5
1261 -0.666667
1262 -0.666665
1263 -0.599999
1264 -0.125
1265 -0.607143
1266 -0.602273
1267 -0.5
1268 -0.481013
1269 -0.701389
1270 -0.674642
1271 -0.57664
1272 -0.472727
1273 -0.647727
1274 -0.636364
1275 -0.558441
1276 -0.340426
1277 -0.514479
1278 -0.527272
1279 -0.473684
1280 0
1281 0
1282 -1.16867
1283 -0.887075
1284 0
1285 -1.38235
1286 -1.2
1287 -0.973679
1288 -0.941176
1289 -1.1383
1290 -1.05837
1291 -0.899993
1292 -0.578947
1293 -0.833333
1294 -0.829267
1295 -0.730779
1296 0
1297 -1.32203
1298 -1.13462
1299 -0.906029
1300 -1.2
1301 -1.30233
1302 -1.16667
1303 -0.977525
1304 -0.954545
1305 -1.11504
1306 -1.04998
1307 -0.91304
1308 -0.652174
1309 -0.857143
1310 -0.851063
1311 -0.762718
1312 -0.555556
1313 -1.02632
1314 -0.944
1315 -0.775856
1316 -0.888889
1317 -1.07692
1318 -1
1319 -0.85294
1320 -0.777778
1321 -0.954545
1322 -0.918024
1323 -0.80769
1324 -0.555556
1325 -0.75
1326 -0.754717
1327 -0.681822
1328 -0.05
1329 -0.655914
1330 -0.664386
1331 -0.552761
1332 -0.5
1333 -0.770492
1334 -0.75
1335 -0.643478
1336 -0.5
1337 -0.708611
1338 -0.703879
1339 -0.620688
1340 -0.354839
1341 -0.555556
1342 -0.576271
1343 -0.52055
1344 0
1345 -1.53571
1346 -1.26415
1347 -1
1348 -1.42857
1349 -1.45349
1350 -1.27737
1351 -1.06382
1352 -1.0625
1353 -1.22414
1354 -1.14286
1355 -0.990908
1356 -0.709677
1357 -0.938358
1358 -0.929644
1359 -0.833333
1360 -1.3
1361 -1.40541
1362 -1.21875
1363 -1
1364 -1.3
1365 -1.37143
1366 -1.2375
1367 -1.05581
1368 -1.05
1369 -1.19118
1370 -1.125
1371 -0.991935
1372 -0.754545
1373 -0.946109
1374 -0.937497
1375 -0.850533
1376 -0.764706
1377 -1.13043
1378 -1.04
1379 -0.875
1380 -1
1381 -1.16129
1382 -1.08197
1383 -0.938013
1384 -0.875
1385 -1.03846
1386 -1
1387 -0.891304
1388 -0.653543
1389 -0.840426
1390 -0.843372
1391 -0.770967
1392 -0.25
1393 -0.781818
1394 -0.77907
1395 -0.666667
1396 -0.625
1397 -0.874126
1398 -0.849515
1399 -0.743493
1400 -0.607143
1401 -0.806818
1402 -0.8
1403 -0.717105
1404 -0.458333
1405 -0.65555
1406 -0.675182
1407 -0.619469
1408 -1.27273
1409 -1.38571
1410 -1.17054
1411 -0.936172
1412 -1.27273
1413 -1.34615
1414 -1.19512
1415 -1
1416 -0.987013
1417 -1.15217
1418 -1.0804
1419 -0.938458
1420 -0.672727
1421 -0.895349
1422 -0.888889
1423 -0.797297
1424 -1.11538
1425 -1.30337
1426 -1.14474
1427 -0.944187
1428 -1.2
1429 -1.29032
1430 -1.17021
1431 -1
1432 -0.989362
1433 -1.13208
1434 -1.07143
1435 -0.944634
1436 -0.71875
1437 -0.907216
1438 -0.9
1439 -0.815951
1440 -0.707317
1441 -1.07407
1442 -0.994286
1443 -0.838902
1444 -0.947368
1445 -1.11111
1446 -1.03774
1447 -0.9
1448 -0.837838
1449 -1
1450 -0.963856
1451 -0.858489
1452 -0.630137
1453 -0.814815
1454 -0.818182
1455 -0.747191
1456 -0.25
1457 -0.76378
1458 -0.762626
1459 -0.654312
1460 -0.608696
1461 -0.853659
1462 -0.830508
1463 -0.727273
1464 -0.59375
1465 -0.791045
1466 -0.784717
1467 -0.703169
1468 -0.451219
1469 -0.647059
1470 -0.666667
1471 -0.611399
1472 -0.5
1473 -1.11905
1474 -0.973684
1475 -0.772727
1476 -0.981132
1477 -1.13934
1478 -1.02094
1479 -0.846154
1480 -0.8
1481 -0.9875
1482 -0.930435
1483 -0.8
1484 -0.535433
1485 -0.762626
1486 -0.762138
1487 -0.676469
1488 -0.75
1489 -1.09615
1490 -0.977273
1491 -0.798387
1492 -0.985714
1493 -1.11888
1494 -1.01852
1495 -0.861646
1496 -0.833333
1497 -0.989011
1498 -0.9375
1499 -0.818182
1500 -0.59589
1501 -0.78733
1502 -0.783825
1503 -0.703503
1504 -0.5
1505 -0.919355
1506 -0.86
1507 -0.717391
1508 -0.793103
1509 -0.97561
1510 -0.912863
1511 -0.783057
1512 -0.714286
1513 -0.882353
1514 -0.851064
1515 -0.75
1516 -0.527273
1517 -0.713115
1518 -0.718296
1519 -0.649253
1520 -0.125
1521 -0.652778
1522 -0.660714
1523 -0.559211
1524 -0.5
1525 -0.751351
1526 -0.733083
1527 -0.634032
1528 -0.5
1529 -0.699115
1530 -0.694805
1531 -0.615385
1532 -0.369565
1533 -0.565543
1534 -0.585735
1535 -0.531177
1536 0
1537 -1.28814
1538 -1.03448
1539 -0.768789
1540 -1.16667
1541 -1.25532
1542 -1.07895
1543 -0.857143
1544 -0.842857
1545 -1.03876
1546 -0.957449
1547 -0.79756
1548 -0.5
1549 -0.756098
1550 -0.75
1551 -0.647884
1552 -0.947368
1553 -1.2125
1554 -1.02837
1555 -0.801982
1556 -1.11111
1557 -1.2069
1558 -1.06742
1559 -0.875
1560 -0.876405
1561 -1.03289
1562 -0.962792
1563 -0.820137
1564 -0.580645
1565 -0.787234
1566 -0.777778
1567 -0.683542
1568 -0.5
1569 -0.960396
1570 -0.873494
1571 -0.7013
1572 -0.833333
1573 -1.01449
1574 -0.931373
1575 -0.777778
1576 -0.722222
1577 -0.897143
1578 -0.855373
1579 -0.73786
1580 -0.5
1581 -0.698113
1582 -0.7
1583 -0.620688
1584 -0.0188679
1585 -0.622951
1586 -0.628272
1587 -0.511602
1588 -0.466667
1589 -0.7375
1590 -0.713043
1591 -0.6
1592 -0.464567
1593 -0.676768
1594 -0.669146
1595 -0.579409
1596 -0.317073
1597 -0.525424
1598 -0.545455
1599 -0.48421
1600 -1.75
1601 -1.40541
1602 -1.14286
1603 -0.883495
1604 -1.32609
1605 -1.34513
1606 -1.16667
1607 -0.951418
1608 -0.97619
1609 -1.13158
1610 -1.04545
1611 -0.888889
1612 -0.631148
1613 -0.858639
1614 -0.846154
1615 -0.744678
1616 -1.23077
1617 -1.3125
1618 -1.12048
1619 -0.898305
1620 -1.23077
1621 -1.28676
1622 -1.14493
1623 -0.956835
1624 -0.980769
1625 -1.11364
1626 -1.04032
1627 -0.9
1628 -0.685315
1629 -0.875
1630 -0.861646
1631 -0.767954
1632 -0.727273
1633 -1.0678
1634 -0.96875
1635 -0.796992
1636 -0.952381
1637 -1.10063
1638 -1.01282
1639 -0.860892
1640 -0.822581
1641 -0.98
1642 -0.934783
1643 -0.818182
1644 -0.597561
1645 -0.784232
1646 -0.783057
1647 -0.703796
1648 -0.225806
1649 -0.742857
1650 -0.733945
1651 -0.614865
1652 -0.592233
1653 -0.835165
1654 -0.804598
1655 -0.69121
1656 -0.569444
1657 -0.767857
1658 -0.756579
1659 -0.666667
1660 -0.416216
1661 -0.616541
1662 -0.634032
1663 -0.572429
1664 -1.21429
1665 -1.30337
1666 -1.08537
1667 -0.849372
1668 -1.21429
1669 -1.27273
1670 -1.11538
1671 -0.915493
1672 -0.928571
1673 -1.08571
1674 -1.00794
1675 -0.86023
1676 -0.614286
1677 -0.834862
1678 -0.824324
1679 -0.727273
1680 -1.09091
1681 -1.24107
1682 -1.0733
1683 -0.866667
1684 -1.15789
1685 -1.23077
1686 -1.10169
1687 -0.924051
1688 -0.941176
1689 -1.075
1690 -1.00712
1691 -0.872963
1692 -0.666667
1693 -0.852459
1694 -0.840491
1695 -0.75
1696 -0.692308
1697 -1.02963
1698 -0.940367
1699 -0.777409
1700 -0.916667
1701 -1.06667
1702 -0.984848
1703 -0.83908
1704 -0.8
1705 -0.955556
1706 -0.912903
1707 -0.800025
1708 -0.586957
1709 -0.77037
1710 -0.769663
1711 -0.692308
1712 -0.239437
1713 -0.734177
1714 -0.726531
1715 -0.611446
1716 -0.586207
1717 -0.823529
1718 -0.794521
1719 -0.684211
1720 -0.565217
1721 -0.76
1722 -0.749263
1723 -0.661232
1724 -0.417476
1725 -0.614865
1726 -0.632124
1727 -0.571429
1728 -0.5
1729 -1.07692
1730 -0.925532
1731 -0.720588
1732 -0.954545
1733 -1.09934
1734 -0.974576
1735 -0.794393
1736 -0.767857
1737 -0.949495
1738 -0.887324
1739 -0.751351
1740 -0.5
1741 -0.726531
1742 -0.722892
1743 -0.63248
1744 -0.75
1745 -1.0625
1746 -0.935185
1747 -0.75
1748 -0.965517
1749 -1.08523
1750 -0.977359
1751 -0.813559
1752 -0.80597
1753 -0.955357
1754 -0.898089
1755 -0.772277
1756 -0.563536
1757 -0.753676
1758 -0.746556
1759 -0.660809
1760 -0.5
1761 -0.894737
1762 -0.827869
1763 -0.678571
1764 -0.777778
1765 -0.950249
1766 -0.880952
1767 -0.744186
1768 -0.692308
1769 -0.856
1770 -0.819767
1771 -0.712329
1772 -0.5
1773 -0.685619
1774 -0.687817
1775 -0.613509
1776 -0.125
1777 -0.636364
1778 -0.639706
1779 -0.532609
1780 -0.488372
1781 -0.734513
1782 -0.712074
1783 -0.607143
1784 -0.483146
1785 -0.681159
1786 -0.673797
1787 -0.588986
1788 -0.348018
1789 -0.546012
1790 -0.564706
1791 -0.505734
1792 1
1793 -1.05263
1794 -0.832215
1795 -0.581081
1796 -0.956522
1797 -1.06667
1798 -0.896907
1799 -0.679105
1800 -0.685393
1801 -0.878049
1802 -0.794979
1803 -0.633759
1804 -0.363636
1805 -0.615385
1806 -0.605634
1807 -0.5
1808 -0.75
1809 -1.0396
1810 -0.859551
1811 -0.635294
1812 -0.970588
1813 -1.05479
1814 -0.910714
1815 -0.715232
1816 -0.75
1817 -0.895288
1818 -0.818519
1819 -0.670552
1820 -0.461538
1821 -0.661017
1822 -0.64557
1823 -0.545455
1824 -0.4
1825 -0.833333
1826 -0.73913
1827 -0.5625
1828 -0.733333
1829 -0.895349
1830 -0.80315
1831 -0.642857
1832 -0.622222
1833 -0.784404
1834 -0.734219
1835 -0.609422
1836 -0.4
1837 -0.590909
1838 -0.586207
1839 -0.5
1840 0.0454545
1841 -0.529801
1842 -0.525424
1843 -0.401869
1844 -0.392857
1845 -0.646465
1846 -0.612676
1847 -0.491892
1848 -0.386076
1849 -0.587755
1850 -0.572289
1851 -0.474973
1852 -0.235294
1853 -0.438356
1854 -0.452632
1855 -0.384615
1856 -1.4
1857 -1.21739
1858 -0.965517
1859 -0.710938
1860 -1.17544
1861 -1.18571
1862 -1.00448
1863 -0.787582
1864 -0.846154
1865 -0.989362
1866 -0.897059
1867 -0.735955
1868 -0.509934
1869 -0.728814
1870 -0.71028
1871 -0.603483
1872 -1.125
1873 -1.16949
1874 -0.970588
1875 -0.744828
1876 -1.125
1877 -1.15569
1878 -1.00394
1879 -0.809384
1880 -0.875
1881 -0.990741
1882 -0.907895
1883 -0.760204
1884 -0.579545
1885 -0.758491
1886 -0.737288
1887 -0.636595
1888 -0.666667
1889 -0.958333
1890 -0.846154
1891 -0.666667
1892 -0.873786
1893 -0.994845
1894 -0.894737
1895 -0.734043
1896 -0.736842
1897 -0.877049
1898 -0.821429
1899 -0.696262
1900 -0.507463
1901 -0.683673
1902 -0.674419
1903 -0.58752
1904 -0.184211
1905 -0.658824
1906 -0.636364
1907 -0.50838
1908 -0.531746
1909 -0.751131
1910 -0.708861
1911 -0.586375
1912 -0.5
1913 -0.683824
1914 -0.663043
1915 -0.564655
1916 -0.340708
1917 -0.532508
1918 -0.542857
1919 -0.473902
1920 -1.11765
1921 -1.16667
1922 -0.944724
1923 -0.706897
1924 -1.11765
1925 -1.15
1926 -0.984127
1927 -0.77907
1928 -0.831933
1929 -0.971698
1930 -0.885246
1931 -0.731156
1932 -0.517647
1933 -0.727273
1934 -0.709497
1935 -0.606195
1936 -1.05
1937 -1.13333
1938 -0.952174
1939 -0.738462
1940 -1.08696
1941 -1.12766
1942 -0.985915
1943 -0.8
1944 -0.861111
1945 -0.975104
1946 -0.89645
1947 -0.754023
1948 -0.581633
1949 -0.755102
1950 -0.734694
1951 -0.636735
1952 -0.666667
1953 -0.944444
1954 -0.83908
1955 -0.666667
1956 -0.862069
1957 -0.981481
1958 -0.886076
1959 -0.730769
1960 -0.733728
1961 -0.87037
1962 -0.816712
1963 -0.694915
1964 -0.513514
1965 -0.685185
1966 -0.676056
1967 -0.590912
1968 -0.22093
1969 -0.666667
1970 -0.643836
1971 -0.518987
1972 -0.542857
1973 -0.754098
1974 -0.712644
1975 -0.59292
1976 -0.510309
1977 -0.688963
1978 -0.668317
1979 -0.571709
1980 -0.354839
1981 -0.542373
1982 -0.552174
1983 -0.484101
1984 -0.5
1985 -0.983871
1986 -0.821429
1987 -0.611111
1988 -0.898734
1989 -1.01111
1990 -0.875445
1991 -0.688482
1992 -0.701493
1993 -0.864407
1994 -0.792899
1995 -0.65
1996 -0.428571
1997 -0.643836
1998 -0.632911
1999 -0.536145
2000 -0.75
2001 -0.986842
2002 -0.84375
2003 -0.65
2004 -0.923077
2005 -1.00957
2006 -0.888535
2007 -0.71599
2008 -0.75
2009 -0.879699
2010 -0.811828
2011 -0.677824
2012 -0.5
2013 -0.678019
2014 -0.662791
2015 -0.569832
2016 -0.5
2017 -0.833333
2018 -0.75
2019 -0.590909
2020 -0.744186
2021 -0.886555
2022 -0.804035
2023 -0.657895
2024 -0.645161
2025 -0.790541
2026 -0.743842
2027 -0.627907
2028 -0.444444
2029 -0.618644
2030 -0.612903
2031 -0.53125
2032 -0.125
2033 -0.586538
2034 -0.575
2035 -0.458333
2036 -0.461039
2037 -0.681648
2038 -0.647368
2039 -0.533469
2040 -0.443396
2041 -0.625767
2042 -0.609091
2043 -0.516245
2044 -0.3
2045 -0.488312
2046 -0.5
2047 -0.434146
2048 0
2049 0
2050 -0.9
2051 -0.6
2052 0
2053 -1.16867
2054 -0.962687
2055 -0.71345
2056 -0.75
2057 -0.931035
2058 -0.833333
2059 -0.654545
2060 -0.375
2061 -0.624161
2062 -0.608877
2063 -0.494115
2064 0
2065 -1.13889
2066 -0.920635
2067 -0.666667
2068 -1.07843
2069 -1.13208
2070 -0.968944
2071 -0.754591
2072 -0.809524
2073 -0.942857
2074 -0.857143
2075 -0.698413
2076 -0.487179
2077 -0.678164
2078 -0.657987
2079 -0.552082
2080 -0.5
2081 -0.87234
2082 -0.763158
2083 -0.571429
2084 -0.785714
2085 -0.930233
2086 -0.829787
2087 -0.659897
2088 -0.653846
2089 -0.804878
2090 -0.75
2091 -0.619696
2092 -0.413043
2093 -0.592966
2094 -0.584602
2095 -0.495326
2096 2.33946e-12
2097 -0.517241
2098 -0.505618
2099 -0.375
2100 -0.404494
2101 -0.638158
2102 -0.600002
2103 -0.474808
2104 -0.387097
2105 -0.574468
2106 -0.555556
2107 -0.455684
2108 -0.226415
2109 -0.41518
2110 -0.425597
2111 -0.355932
2112 0
2113 -1.38806
2114 -1.07143
2115 -0.778381
2116 -1.36364
2117 -1.30769
2118 -1.09756
2119 -0.857143
2120 -0.95
2121 -1.07092
2122 -0.965349
2123 -0.790855
2124 -0.568965
2125 -0.775281
2126 -0.75
2127 -0.63575
2128 -1.37037
2129 -1.28889
2130 -1.05882
2131 -0.810187
2132 -1.25
2133 -1.25
2134 -1.08333
2135 -0.875
2136 -0.960396
2137 -1.06024
2138 -0.969699
2139 -0.814176
2140 -0.637681
2141 -0.803922
2142 -0.777778
2143 -0.672611
2144 -0.804348
2145 -1.02655
2146 -0.9
2147 -0.708503
2148 -0.952381
2149 -1.05263
2150 -0.945455
2151 -0.777778
2152 -0.795082
2153 -0.921466
2154 -0.861539
2155 -0.732514
2156 -0.55
2157 -0.713043
2158 -0.7
2159 -0.610806
2160 -0.276923
2161 -0.683824
2162 -0.652174
2163 -0.517986
2164 -0.576923
2165 -0.772727
2166 -0.725806
2167 -0.6
2168 -0.531469
2169 -0.699074
2170 -0.674741
2171 -0.57458
2172 -0.362637
2173 -0.539062
2174 -0.545455
2175 -0.475244
2176 -1.5
2177 -1.28571
2178 -1.02632
2179 -0.763636
2180 -1.25
2181 -1.24
2182 -1.0567
2183 -0.836503
2184 -0.916667
2185 -1.03614
2186 -0.940678
2187 -0.777778
2188 -0.573529
2189 -0.768116
2190 -0.744605
2191 -0.636097
2192 -1.22222
2193 -1.22222
2194 -1.02222
2195 -0.793651
2196 -1.18182
2197 -1.2
2198 -1.04933
2199 -0.85473
2200 -0.932203
2201 -1.03125
2202 -0.947368
2203 -0.8
2204 -0.63522
2205 -0.794872
2206 -0.770227
2207 -0.669266
2208 -0.785714
2209 -1
2210 -0.884615
2211 -0.704225
2212 -0.928571
2213 -1.02857
2214 -0.928571
2215 -0.769063
2216 -0.785714
2217 -0.908257
2218 -0.851351
2219 -0.727273
2220 -0.554945
2221 -0.712644
2222 -0.700051
2223 -0.613362
2224 -0.315789
2225 -0.692308
2226 -0.661017
2227 -0.531646
2228 -0.588235
2229 -0.775
2230 -0.729537
2231 -0.60778
2232 -0.54321
2233 -0.704918
2234 -0.680982
2235 -0.583333
2236 -0.380488
2237 -0.552083
2238 -0.557987
2239 -0.488985
2240 -0.75
2241 -1.0396
2242 -0.859551
2243 -0.635294
2244 -0.970588
2245 -1.05479
2246 -0.910714
2247 -0.715232
2248 -0.75
2249 -0.895288
2250 -0.818519
2251 -0.670552
2252 -0.461538
2253 -0.661017
2254 -0.64557
2255 -0.545455
2256 -0.866667
2257 -1.03175
2258 -0.879227
2259 -0.677083
2260 -0.977778
2261 -1.04651
2262 -0.92126
2263 -0.744048
2264 -0.792593
2265 -0.908257
2266 -0.837209
2267 -0.70057
2268 -0.533333
2269 -0.69697
2270 -0.678161
2271 -0.583333
2272 -0.590909
2273 -0.860927
2274 -0.771186
2275 -0.607477
2276 -0.785714
2277 -0.909091
2278 -0.823944
2279 -0.675676
2280 -0.677215
2281 -0.808163
2282 -0.759036
2283 -0.642041
2284 -0.470588
2285 -0.630137
2286 -0.621053
2287 -0.538462
2288 -0.206897
2289 -0.596591
2290 -0.577358
2291 -0.457627
2292 -0.492537
2293 -0.6875
2294 -0.649682
2295 -0.534653
2296 -0.464088
2297 -0.628676
2298 -0.608815
2299 -0.515444
2300 -0.315789
2301 -0.4875
2302 -0.495146
2303 -0.428571
2304 0
2305 -1.32353
2306 -1.01493
2307 -0.72
2308 -1.25581
2309 -1.26364
2310 -1.0565
2311 -0.811477
2312 -0.857143
2313 -1.02632
2314 -0.927273
2315 -0.75
2316 -0.48
2317 -0.726804
2318 -0.711028
2319 -0.596376
2320 -1.16667
2321 -1.23404
2322 -1.0122
2323 -0.760684
2324 -1.16667
2325 -1.21168
2326 -1.04808
2327 -0.835126
2328 -0.888889
2329 -1.02222
2330 -0.936508
2331 -0.777778
2332 -0.566667
2333 -0.762332
2334 -0.743244
2335 -0.63685
2336 -0.608696
2337 -0.966667
2338 -0.85567
2339 -0.664179
2340 -0.865169
2341 -1.0122
2342 -0.912134
2343 -0.742039
2344 -0.727273
2345 -0.884615
2346 -0.830986
2347 -0.7
2348 -0.485714
2349 -0.674603
2350 -0.668756
2351 -0.578813
2352 -0.0882353
2353 -0.616438
2354 -0.607143
2355 -0.476821
2356 -0.482143
2357 -0.727749
2358 -0.692593
2359 -0.567391
2360 -0.461538
2361 -0.661017
2362 -0.64557
2363 -0.545455
2364 -0.3
2365 -0.501779
2366 -0.516617
2367 -0.44695
2368 -2.36364
2369 -1.45349
2370 -1.13665
2371 -0.847458
2372 -1.42857
2373 -1.36364
2374 -1.15385
2375 -0.915493
2376 -1.0099
2377 -1.12921
2378 -1.02353
2379 -0.849398
2380 -0.630137
2381 -0.839286
2382 -0.81457
2383 -0.7
2384 -1.44118
2385 -1.34513
2386 -1.11458
2387 -0.867159
2388 -1.3
2389 -1.3
2390 -1.13333
2391 -0.925
2392 -1.00794
2393 -1.11111
2394 -1.02083
2395 -0.864552
2396 -0.686047
2397 -0.858268
2398 -0.833333
2399 -0.727273
2400 -0.859649
2401 -1.08571
2402 -0.959641
2403 -0.767974
2404 -1
2405 -1.10638
2406 -1
2407 -0.831461
2408 -0.84106
2409 -0.974576
2410 -0.915888
2411 -0.785752
2412 -0.59596
2413 -0.767606
2414 -0.756757
2415 -0.666667
2416 -0.325
2417 -0.748503
2418 -0.720472
2419 -0.58651
2420 -0.625
2421 -0.833333
2422 -0.789474
2423 -0.663265
2424 -0.579545
2425 -0.758491
2426 -0.737288
2427 -0.636595
2428 -0.410714
2429 -0.598726
2430 -0.608911
2431 -0.538462
2432 -1.6
2433 -1.34615
2434 -1.08511
2435 -0.823529
2436 -1.30435
2437 -1.29221
2438 -1.10879
2439 -0.888889
2440 -0.966102
2441 -1.08824
2442 -0.993103
2443 -0.829787
2444 -0.622755
2445 -0.822835
2446 -0.800587
2447 -0.691619
2448 -1.27273
2449 -1.27273
2450 -1.07273
2451 -0.844156
2452 -1.2234
2453 -1.2459
2454 -1.09559
2455 -0.900277
2456 -0.972222
2457 -1.07692
2458 -0.993827
2459 -0.845411
2460 -0.675258
2461 -0.842105
2462 -0.819149
2463 -0.717368
2464 -0.823529
2465 -1.05
2466 -0.936508
2467 -0.755814
2468 -0.966387
2469 -1.07547
2470 -0.977049
2471 -0.816583
2472 -0.823529
2473 -0.954545
2474 -0.899441
2475 -0.774336
2476 -0.59276
2477 -0.759494
2478 -0.749392
2479 -0.662072
2480 -0.347826
2481 -0.744681
2482 -0.71831
2483 -0.589474
2484 -0.625
2485 -0.825726
2486 -0.784024
2487 -0.662069
2488 -0.581633
2489 -0.755102
2490 -0.734694
2491 -0.636735
2492 -0.419355
2493 -0.602305
2494 -0.612108
2495 -0.543132
2496 -0.827586
2497 -1.10656
2498 -0.925581
2499 -0.701299
2500 -1.02439
2501 -1.11364
2502 -0.97037
2503 -0.774725
2504 -0.8
2505 -0.952174
2506 -0.876923
2507 -0.728571
2508 -0.510638
2509 -0.71831
2510 -0.705263
2511 -0.605042
2512 -0.907407
2513 -1.08609
2514 -0.935484
2515 -0.733333
2516 -1.01852
2517 -1.09709
2518 -0.973684
2519 -0.79602
2520 -0.833333
2521 -0.957854
2522 -0.888889
2523 -0.751634
2524 -0.574074
2525 -0.746835
2526 -0.730769
2527 -0.635659
2528 -0.620253
2529 -0.911111
2530 -0.825623
2531 -0.662304
2532 -0.820895
2533 -0.957627
2534 -0.87574
2535 -0.727273
2536 -0.714286
2537 -0.856164
2538 -0.810127
2539 -0.692771
2540 -0.508197
2541 -0.678161
2542 -0.672566
2543 -0.58993
2544 -0.230769
2545 -0.645933
2546 -0.633758
2547 -0.515513
2548 -0.525
2549 -0.736842
2550 -0.704301
2551 -0.589958
2552 -0.5
2553 -0.678019
2554 -0.662791
2555 -0.569832
2556 -0.352941
2557 -0.536842
2558 -0.54918
2559 -0.483223
2560 -1.5
2561 -1.23256
2562 -0.952381
2563 -0.672
2564 -1.16667
2565 -1.19708
2566 -1
2567 -0.762376
2568 -0.807692
2569 -0.978723
2570 -0.882353
2571 -0.707865
2572 -0.448052
2573 -0.694561
2574 -0.679012
2575 -0.564838
2576 -1.06667
2577 -1.17241
2578 -0.960396
2579 -0.715278
2580 -1.11111
2581 -1.16071
2582 -1
2583 -0.789474
2584 -0.848485
2585 -0.981818
2586 -0.896104
2587 -0.737374
2588 -0.535519
2589 -0.731618
2590 -0.711911
2591 -0.604479
2592 -0.571429
2593 -0.931507
2594 -0.822034
2595 -0.631902
2596 -0.833333
2597 -0.9799
2598 -0.87931
2599 -0.708661
2600 -0.7
2601 -0.857143
2602 -0.802326
2603 -0.669725
2604 -0.462264
2605 -0.652459
2606 -0.645729
2607 -0.553997
2608 -0.0731707
2609 -0.602273
2610 -0.592593
2611 -0.461538
2612 -0.466667
2613 -0.713043
2614 -0.676923
2615 -0.55
2616 -0.446809
2617 -0.647887
2618 -0.631579
2619 -0.529412
2620 -0.286307
2621 -0.491124
2622 -0.505747
2623 -0.434229
2624 -2.07143
2625 -1.37143
2626 -1.07143
2627 -0.790941
2628 -1.35294
2629 -1.3
2630 -1.09524
2631 -0.860465
2632 -0.959016
2633 -1.07907
2634 -0.974026
2635 -0.800499
2636 -0.590909
2637 -0.8
2638 -0.774725
2639 -0.659389
2640 -1.36585
2641 -1.28676
2642 -1.06061
2643 -0.815951
2644 -1.25
2645 -1.25
2646 -1.08333
2647 -0.875
2648 -0.966887
2649 -1.06855
2650 -0.976812
2651 -0.819005
2652 -0.650485
2653 -0.822368
2654 -0.79602
2655 -0.688
2656 -0.823529
2657 -1.0479
2658 -0.921053
2659 -0.728767
2660 -0.967742
2661 -1.07143
2662 -0.962963
2663 -0.792453
2664 -0.811111
2665 -0.943061
2666 -0.882199
2667 -0.749482
2668 -0.567797
2669 -0.739645
2670 -0.727273
2671 -0.634689
2672 -0.305263
2673 -0.727273
2674 -0.697674
2675 -0.561881
2676 -0.605263
2677 -0.8125
2678 -0.766667
2679 -0.637931
2680 -0.559809
2681 -0.738854
2682 -0.71599
2683 -0.612595
2684 -0.390977
2685 -0.580645
2686 -0.589958
2687 -0.517125
2688 -1.5
2689 -1.29032
2690 -1.03571
2691 -0.777778
2692 -1.2561
2693 -1.2459
2694 -1.06338
2695 -0.844156
2696 -0.928571
2697 -1.04959
2698 -0.953488
2699 -0.789238
2700 -0.590909
2701 -0.790698
2702 -0.767327
2703 -0.656805
2704 -1.23077
2705 -1.23077
2706 -1.03077
2707 -0.802198
2708 -1.18919
2709 -1.20833
2710 -1.05607
2711 -0.859155
2712 -0.941176
2713 -1.04348
2714 -0.958115
2715 -0.807377
2716 -0.646288
2717 -0.8125
2718 -0.78781
2719 -0.683636
2720 -0.8
2721 -1.02128
2722 -0.905405
2723 -0.722772
2724 -0.942857
2725 -1.04819
2726 -0.946927
2727 -0.783726
2728 -0.8
2729 -0.929032
2730 -0.871429
2731 -0.743396
2732 -0.569231
2733 -0.735849
2734 -0.724066
2735 -0.634064
2736 -0.333333
2737 -0.727273
2738 -0.698795
2739 -0.567568
2740 -0.609467
2741 -0.808511
2742 -0.764557
2743 -0.639764
2744 -0.565217
2745 -0.738372
2746 -0.716157
2747 -0.615385
2748 -0.402062
2749 -0.586207
2750 -0.59501
2751 -0.523585
2752 -0.794118
2753 -1.07692
2754 -0.896825
2755 -0.67313
2756 -1
2757 -1.08738
2758 -0.943038
2759 -0.746479
2760 -0.778481
2761 -0.929368
2762 -0.852632
2763 -0.702648
2764 -0.490909
2765 -0.698795
2766 -0.684685
2767 -0.582734
2768 -0.888889
2769 -1.0625
2770 -0.910035
2771 -0.706468
2772 -1
2773 -1.075
2774 -0.949153
2775 -0.769231
2776 -0.814815
2777 -0.9375
2778 -0.866348
2779 -0.726592
2780 -0.555556
2781 -0.728261
2782 -0.710744
2783 -0.613333
2784 -0.608696
2785 -0.894737
2786 -0.806748
2787 -0.641084
2788 -0.807692
2789 -0.941606
2790 -0.857143
2791 -0.705882
2792 -0.7
2793 -0.840708
2794 -0.792576
2795 -0.672444
2796 -0.492958
2797 -0.663366
2798 -0.656489
2799 -0.571429
2800 -0.22314
2801 -0.636364
2802 -0.62259
2803 -0.502066
2804 -0.516129
2805 -0.727273
2806 -0.693023
2807 -0.576087
2808 -0.49004
2809 -0.668449
2810 -0.651911
2811 -0.556452
2812 -0.341772
2813 -0.527273
2814 -0.539007
2815 -0.47093
2816 -5.27578e-13
2817 -1.03846
2818 -0.80198
2819 -0.54
2820 -0.969231
2821 -1.04878
2822 -0.86692
2823 -0.638122
2824 -0.677419
2825 -0.857143
2826 -0.765432
2827 -0.59434
2828 -0.344262
2829 -0.591549
2830 -0.576623
2831 -0.462963
2832 -0.833333
2833 -1.02899
2834 -0.833333
2835 -0.596491
2836 -0.979167
2837 -1.0402
2838 -0.884106
2839 -0.676543
2840 -0.74359
2841 -0.876923
2842 -0.791209
2843 -0.632479
2844 -0.444444
2845 -0.638629
2846 -0.617371
2847 -0.508475
2848 -0.454545
2849 -0.825581
2850 -0.719424
2851 -0.53125
2852 -0.740157
2853 -0.884615
2854 -0.782991
2855 -0.611607
2856 -0.617021
2857 -0.77027
2858 -0.712871
2859 -0.578125
2860 -0.385542
2861 -0.572626
2862 -0.563169
2863 -0.46875
2864 7.67209e-12
2865 -0.524272
2866 -0.512658
2867 -0.380282
2868 -0.398734
2869 -0.639405
2870 -0.6
2871 -0.470468
2872 -0.381818
2873 -0.578313
2874 -0.558559
2875 -0.453237
2876 -0.223404
2877 -0.425316
2878 -0.437008
2879 -0.362319
2880 -1.58824
2881 -1.20968
2882 -0.935065
2883 -0.66568
2884 -1.2
2885 -1.17021
2886 -0.972973
2887 -0.742574
2888 -0.846154
2889 -0.968254
2890 -0.864266
2891 -0.691489
2892 -0.495146
2893 -0.702532
2894 -0.676056
2895 -0.559702
2896 -1.20833
2897 -1.16352
2898 -0.944444
2899 -0.703412
2900 -1.14286
2901 -1.14286
2902 -0.97619
2903 -0.767857
2904 -0.875
2905 -0.972318
2906 -0.878109
2907 -0.718447
2908 -0.566667
2909 -0.734463
2910 -0.705128
2911 -0.594502
2912 -0.734177
2913 -0.953608
2914 -0.825243
2915 -0.632075
2916 -0.888889
2917 -0.984615
2918 -0.87234
2919 -0.699187
2920 -0.736842
2921 -0.861963
2922 -0.79684
2923 -0.660714
2924 -0.49635
2925 -0.663265
2926 -0.647059
2927 -0.550955
2928 -0.245455
2929 -0.655022
2930 -0.62069
2931 -0.481799
2932 -0.545455
2933 -0.743243
2934 -0.692308
2935 -0.559702
2936 -0.5
2937 -0.672176
2938 -0.644628
2939 -0.53719
2940 -0.331169
2941 -0.516279
2942 -0.521739
2943 -0.445104
2944 -1.28571
2945 -1.16667
2946 -0.923077
2947 -0.670213
2948 -1.14737
2949 -1.14151
2950 -0.960486
2951 -0.742152
2952 -0.839506
2953 -0.957143
2954 -0.859297
2955 -0.693798
2956 -0.510917
2957 -0.706897
2958 -0.680942
2959 -0.568259
2960 -1.13333
2961 -1.13333
2962 -0.933333
2963 -0.704762
2964 -1.10938
2965 -1.12048
2966 -0.964865
2967 -0.765784
2968 -0.867347
2969 -0.962264
2970 -0.872727
2971 -0.718861
2972 -0.575758
2973 -0.736434
2974 -0.707843
2975 -0.600316
2976 -0.73913
2977 -0.944444
2978 -0.823529
2979 -0.637931
2980 -0.881988
2981 -0.975524
2982 -0.868613
2983 -0.701493
2984 -0.73913
2985 -0.859551
2986 -0.796681
2987 -0.664474
2988 -0.508361
2989 -0.669014
2990 -0.652803
2991 -0.558824
2992 -0.290323
2993 -0.666667
2994 -0.631579
2995 -0.496063
2996 -0.561856
2997 -0.749226
2998 -0.699115
2999 -0.569707
3000 -0.515152
3001 -0.680203
3002 -0.652672
3003 -0.547401
3004 -0.350299
3005 -0.529032
3006 -0.533557
3007 -0.458047
3008 -0.692308
3009 -0.987805
3010 -0.809689
3011 -0.586957
3012 -0.927273
3013 -1.00847
3014 -0.861878
3015 -0.663934
3016 -0.712707
3017 -0.857143
3018 -0.777012
3019 -0.624555
3020 -0.428571
3021 -0.631579
3022 -0.614173
3023 -0.509434
3024 -0.833333
3025 -0.99005
3026 -0.833333
3027 -0.627451
3028 -0.944444
3029 -1.0073
3030 -0.876238
3031 -0.692884
3032 -0.759259
3033 -0.873199
3034 -0.797071
3035 -0.65353
3036 -0.5
3037 -0.666667
3038 -0.644928
3039 -0.54386
3040 -0.571429
3041 -0.836134
3042 -0.74124
3043 -0.571429
3044 -0.764045
3045 -0.884615
3046 -0.793722
3047 -0.637931
3048 -0.653386
3049 -0.784974
3050 -0.731286
3051 -0.606707
3052 -0.444444
3053 -0.608696
3054 -0.597315
3055 -0.508197
3056 -0.195652
3057 -0.589091
3058 -0.567961
3059 -0.442623
3060 -0.481132
3061 -0.68
3062 -0.639344
3063 -0.517572
3064 -0.451049
3065 -0.621176
3066 -0.599291
3067 -0.499289
3068 -0.3
3069 -0.48
3070 -0.4875
3071 -0.415385
3072 0
3073 -1
3074 -0.7
3075 -0.4
3076 -1
3077 -1
3078 -0.78
3079 -0.521739
3080 -0.625
3081 -0.780347
3082 -0.668
3083 -0.477065
3084 -0.25
3085 -0.486486
3086 -0.46
3087 -0.333333
3088 -1
3089 -1
3090 -0.756757
3091 -0.488636
3092 -1
3093 -1
3094 -0.813559
3095 -0.582278
3096 -0.712
3097 -0.815534
3098 -0.710801
3099 -0.535327
3100 -0.37931
3101 -0.554688
3102 -0.52071
3103 -0.4
3104 -0.5
3105 -0.773723
3106 -0.636364
3107 -0.425743
3108 -0.730769
3109 -0.829787
3110 -0.705882
3111 -0.516854
3112 -0.577922
3113 -0.702929
3114 -0.62963
3115 -0.481663
3116 -0.323529
3117 -0.489655
3118 -0.468085
3119 -0.363636
3120 2.31903e-12
3121 -0.446429
3122 -0.411765
3123 -0.263158
3124 -0.363636
3125 -0.563636
3126 -0.506494
3127 -0.363636
3128 -0.327869
3129 -0.496324
3130 -0.462604
3131 -0.346724
3132 -0.153846
3133 -0.333333
3134 -0.333333
3135 -0.25
3136 -2.5
3137 -1.25
3138 -0.9
3139 -0.590909
3140 -1.3125
3141 -1.1745
3142 -0.935897
3143 -0.677116
3144 -0.862069
3145 -0.940594
3146 -0.8125
3147 -0.620321
3148 -0.464286
3149 -0.647059
3150 -0.605263
3151 -0.475589
3152 -1.45
3153 -1.1875
3154 -0.916667
3155 -0.644737
3156 -1.21505
3157 -1.14286
3158 -0.944649
3159 -0.713889
3160 -0.890411
3161 -0.949153
3162 -0.834356
3163 -0.658654
3164 -0.547739
3165 -0.689655
3166 -0.645669
3167 -0.523354
3168 -0.852941
3169 -0.95
3170 -0.785714
3171 -0.569767
3172 -0.92623
3173 -0.967442
3174 -0.831169
3175 -0.640898
3176 -0.738636
3177 -0.82963
3178 -0.747253
3179 -0.598253
3180 -0.473913
3181 -0.615385
3182 -0.585714
3183 -0.479649
3184 -0.3125
3185 -0.625
3186 -0.5625
3187 -0.40625
3188 -0.556291
3189 -0.705645
3190 -0.634783
3191 -0.488688
3192 -0.485437
3193 -0.625
3194 -0.58209
3195 -0.464
3196 -0.298851
3197 -0.458333
3198 -0.45098
3199 -0.365619
3200 -1.75
3201 -1.20513
3202 -0.9
3203 -0.613861
3204 -1.25
3205 -1.14943
3206 -0.932836
3207 -0.690608
3208 -0.867647
3209 -0.939394
3210 -0.819018
3211 -0.63658
3212 -0.5
3213 -0.666667
3214 -0.625
3215 -0.5
3216 -1.33962
3217 -1.16
3218 -0.91498
3219 -0.659884
3220 -1.18182
3221 -1.125
3222 -0.941176
3223 -0.722772
3224 -0.892216
3225 -0.947368
3226 -0.838356
3227 -0.670259
3228 -0.571429
3229 -0.703704
3230 -0.660377
3231 -0.541985
3232 -0.865854
3233 -0.95082
3234 -0.795775
3235 -0.58961
3236 -0.928571
3237 -0.966942
3238 -0.837209
3239 -0.654709
3240 -0.752525
3241 -0.837209
3242 -0.757426
3243 -0.613412
3244 -0.5
3245 -0.633333
3246 -0.603448
3247 -0.5
3248 -0.378378
3249 -0.652778
3250 -0.588785
3251 -0.43662
3252 -0.588235
3253 -0.724638
3254 -0.65445
3255 -0.512295
3256 -0.515284
3257 -0.645833
3258 -0.602709
3259 -0.487273
3260 -0.333333
3261 -0.484848
3262 -0.47619
3263 -0.39216
3264 -1
3265 -1
3266 -0.775
3267 -0.526316
3268 -1
3269 -1
3270 -0.824503
3271 -0.607407
3272 -0.730769
3273 -0.830769
3274 -0.730769
3275 -0.564103
3276 -0.416667
3277 -0.588785
3278 -0.556338
3279 -0.440678
3280 -1
3281 -1
3282 -0.805755
3283 -0.578125
3284 -1
3285 -1
3286 -0.844575
3287 -0.645089
3288 -0.776596
3289 -0.851351
3290 -0.757426
3291 -0.601562
3292 -0.493976
3293 -0.631285
3294 -0.595289
3295 -0.484375
3296 -0.6875
3297 -0.834951
3298 -0.708861
3299 -0.521127
3300 -0.803797
3301 -0.869888
3302 -0.757895
3303 -0.588595
3304 -0.663636
3305 -0.759036
3306 -0.689189
3307 -0.553957
3308 -0.43617
3309 -0.572152
3310 -0.547244
3311 -0.449275
3312 -0.285714
3313 -0.575
3314 -0.525424
3315 -0.384615
3316 -0.507937
3317 -0.654605
3318 -0.594272
3319 -0.460674
3320 -0.452381
3321 -0.586957
3322 -0.549587
3323 -0.44
3324 -0.285714
3325 -0.4375
3326 -0.431694
3327 -0.351351
3328 -4
3329 -1.18085
3330 -0.848649
3331 -0.543478
3332 -1.2
3333 -1.13158
3334 -0.901639
3335 -0.642857
3336 -0.769231
3337 -0.9
3338 -0.782178
3339 -0.590909
3340 -0.37931
3341 -0.604478
3342 -0.574586
3343 -0.447368
3344 -1.26471
3345 -1.13178
3346 -0.875
3347 -0.605016
3348 -1.13043
3349 -1.10638
3350 -0.915493
3351 -0.684211
3352 -0.82
3353 -0.91498
3354 -0.80814
3355 -0.632653
3356 -0.480769
3357 -0.653595
3358 -0.618812
3359 -0.498008
3360 -0.661538
3361 -0.890244
3362 -0.745247
3363 -0.533149
3364 -0.83871
3365 -0.928571
3366 -0.802469
3367 -0.613208
3368 -0.672131
3369 -0.795775
3370 -0.722078
3371 -0.574074
3372 -0.413223
3373 -0.581395
3374 -0.560538
3375 -0.456204
3376 -0.125
3377 -0.557789
3378 -0.519868
3379 -0.37037
3380 -0.461538
3381 -0.661538
3382 -0.604396
3383 -0.461538
3384 -0.416667
3385 -0.588785
3386 -0.556338
3387 -0.440678
3388 -0.23913
3389 -0.424084
3390 -0.42623
3391 -0.343434
3392 -2.75
3393 -1.36207
3394 -1
3395 -0.689873
3396 -1.42857
3397 -1.26405
3398 -1.02151
3399 -0.763158
3400 -0.956522
3401 -1.025
3402 -0.894737
3403 -0.702703
3404 -0.552764
3405 -0.731788
3406 -0.688889
3407 -0.559055
3408 -1.58333
3409 -1.27632
3410 -1
3411 -0.727778
3412 -1.3
3413 -1.2186
3414 -1.01875
3415 -0.788235
3416 -0.965116
3417 -1.02158
3418 -0.90625
3419 -0.730612
3420 -0.619658
3421 -0.762463
3422 -0.71875
3423 -0.596396
3424 -0.95
3425 -1.03191
3426 -0.864865
3427 -0.648515
3428 -1
3429 -1.03968
3430 -0.903047
3431 -0.712766
3432 -0.805825
3433 -0.898734
3434 -0.816901
3435 -0.66791
3436 -0.539033
3437 -0.684211
3438 -0.655804
3439 -0.549834
3440 -0.392857
3441 -0.705357
3442 -0.642857
3443 -0.486607
3444 -0.625
3445 -0.778547
3446 -0.708955
3447 -0.563107
3448 -0.55
3449 -0.694915
3450 -0.653846
3451 -0.536082
3452 -0.361842
3453 -0.527446
3454 -0.522472
3455 -0.437596
3456 -1.93103
3457 -1.2971
3458 -0.983806
3459 -0.696629
3460 -1.34043
3461 -1.22549
3462 -1.00637
3463 -0.764151
3464 -0.943396
3465 -1.01111
3466 -0.889764
3467 -0.707317
3468 -0.571429
3469 -0.738095
3470 -0.696429
3471 -0.571429
3472 -1.43548
3473 -1.23429
3474 -0.986111
3475 -0.730673
3476 -1.25
3477 -1.19008
3478 -1.00562
3479 -0.787234
3480 -0.953608
3481 -1.00971
3482 -0.900943
3483 -0.732839
3484 -0.630769
3485 -0.765957
3486 -0.723577
3487 -0.605263
3488 -0.936842
3489 -1.01887
3490 -0.863222
3491 -0.656951
3492 -0.987654
3493 -1.02857
3494 -0.899498
3495 -0.717054
3496 -0.80786
3497 -0.896552
3498 -0.817987
3499 -0.674061
3500 -0.554054
3501 -0.692308
3502 -0.664179
3503 -0.560976
3504 -0.4375
3505 -0.718876
3506 -0.656757
3507 -0.505092
3508 -0.642857
3509 -0.786164
3510 -0.718182
3511 -0.576512
3512 -0.568182
3513 -0.705426
3514 -0.664706
3515 -0.549763
3516 -0.385542
3517 -0.54386
3518 -0.537931
3519 -0.454545
3520 -1.14286
3521 -1.0875
3522 -0.856115
3523 -0.606061
3524 -1.08108
3525 -1.07391
3526 -0.896848
3527 -0.679487
3528 -0.8
3529 -0.9
3530 -0.8
3531 -0.633333
3532 -0.481928
3533 -0.656757
3534 -0.625255
3535 -0.509804
3536 -1.07895
3537 -1.07071
3538 -0.875
3539 -0.647059
3540 -1.06164
3541 -1.0632
3542 -0.908163
3543 -0.708738
3544 -0.833333
3545 -0.911765
3546 -0.818965
3547 -0.663265
3548 -0.548951
3549 -0.690998
3550 -0.656716
3551 -0.546142
3552 -0.745455
3553 -0.898305
3554 -0.773481
3555 -0.586066
3556 -0.856354
3557 -0.928571
3558 -0.818391
3559 -0.649466
3560 -0.714286
3561 -0.815789
3562 -0.748031
3563 -0.613208
3564 -0.486068
3565 -0.628319
3566 -0.605852
3567 -0.508451
3568 -0.333333
3569 -0.635036
3570 -0.589109
3571 -0.449438
3572 -0.555556
3573 -0.711816
3574 -0.654812
3575 -0.522168
3576 -0.5
3577 -0.642857
3578 -0.608696
3579 -0.5
3580 -0.333333
3581 -0.492901
3582 -0.490415
3583 -0.411067
3584 -2.5
3585 -1.15044
3586 -0.836364
3587 -0.541284
3588 -1.16667
3589 -1.11111
3590 -0.888889
3591 -0.636364
3592 -0.76087
3593 -0.890688
3594 -0.775281
3595 -0.587097
3596 -0.382353
3597 -0.605096
3598 -0.575472
3599 -0.449438
3600 -1.21951
3601 -1.11184
3602 -0.863118
3603 -0.59893
3604 -1.11111
3605 -1.09091
3606 -0.903614
3607 -0.675676
3608 -0.811429
3609 -0.90625
3610 -0.800499
3611 -0.626459
3612 -0.479339
3613 -0.651685
3614 -0.617021
3615 -0.496575
3616 -0.657895
3617 -0.884817
3618 -0.74183
3619 -0.532067
3620 -0.833333
3621 -0.923077
3622 -0.797872
3623 -0.609756
3624 -0.669811
3625 -0.793313
3626 -0.719731
3627 -0.571936
3628 -0.414286
3629 -0.582915
3630 -0.562016
3631 -0.457413
3632 -0.135135
3633 -0.565217
3634 -0.527221
3635 -0.378205
3636 -0.466667
3637 -0.666667
3638 -0.609524
3639 -0.466667
3640 -0.421687
3641 -0.594595
3642 -0.562118
3643 -0.446078
3644 -0.245283
3645 -0.431818
3646 -0.434164
3647 -0.350877
3648 -2.5
3649 -1.32353
3650 -0.97619
3651 -0.673913
3652 -1.38889
3653 -1.23671
3654 -1
3655 -0.746032
3656 -0.9375
3657 -1.00719
3658 -0.878788
3659 -0.688716
3660 -0.543478
3661 -0.722063
3662 -0.679487
3663 -0.550256
3664 -1.53571
3665 -1.25
3666 -0.97973
3667 -0.711538
3668 -1.27559
3669 -1.19758
3670 -1
3671 -0.771429
3672 -0.949495
3673 -1.00625
3674 -0.891403
3675 -0.716312
3676 -0.609665
3677 -0.752551
3678 -0.708738
3679 -0.586207
3680 -0.934783
3681 -1.01852
3682 -0.852941
3683 -0.637931
3684 -0.987805
3685 -1.02768
3686 -0.891304
3687 -0.701299
3688 -0.79661
3689 -0.889503
3690 -0.807377
3691 -0.65798
3692 -0.532468
3693 -0.678161
3694 -0.649466
3695 -0.542816
3696 -0.390625
3697 -0.703125
3698 -0.640625
3699 -0.484375
3700 -0.621891
3701 -0.775758
3702 -0.705882
3703 -0.559524
3704 -0.547445
3705 -0.693069
3706 -0.651685
3707 -0.533133
3708 -0.360231
3709 -0.527197
3710 -0.522168
3711 -0.436486
3712 -1.85294
3713 -1.27044
3714 -0.964789
3715 -0.682152
3716 -1.31481
3717 -1.20513
3718 -0.988889
3719 -0.748971
3720 -0.928571
3721 -0.996764
3722 -0.876147
3723 -0.694494
3724 -0.5625
3725 -0.729167
3726 -0.6875
3727 -0.5625
3728 -1.40845
3729 -1.215
3730 -0.969605
3731 -0.716157
3732 -1.23288
3733 -1.17391
3734 -0.990148
3735 -0.772388
3736 -0.941176
3737 -0.997159
3738 -0.888199
3739 -0.71987
3740 -0.621622
3741 -0.757009
3742 -0.714286
3743 -0.595376
3744 -0.925926
3745 -1.0083
3746 -0.852941
3747 -0.646943
3748 -0.978261
3749 -1.01887
3750 -0.889381
3751 -0.706485
3752 -0.8
3753 -0.888608
3754 -0.809434
3755 -0.664662
3756 -0.547619
3757 -0.686441
3758 -0.657895
3759 -0.553763
3760 -0.434483
3761 -0.716312
3762 -0.653938
3763 -0.501799
3764 -0.63964
3765 -0.783333
3766 -0.714859
3767 -0.572327
3768 -0.565217
3769 -0.703196
3770 -0.662045
3771 -0.546089
3772 -0.382979
3773 -0.542636
3774 -0.536585
3775 -0.452261
3776 -1.125
3777 -1.07692
3778 -0.848101
3779 -0.6
3780 -1.07143
3781 -1.06513
3782 -0.888889
3783 -0.672316
3784 -0.794118
3785 -0.894118
3786 -0.794118
3787 -0.627451
3788 -0.478723
3789 -0.653938
3790 -0.622302
3791 -0.506494
3792 -1.06977
3793 -1.0625
3794 -0.867403
3795 -0.64
3796 -1.05455
3797 -1.05592
3798 -0.900677
3799 -0.701031
3800 -0.827869
3801 -0.90625
3802 -0.812977
3803 -0.656627
3804 -0.544892
3805 -0.6875
3806 -0.652893
3807 -0.541555
3808 -0.741935
3809 -0.894737
3810 -0.769608
3811 -0.581818
3812 -0.852941
3813 -0.925072
3814 -0.814286
3815 -0.64455
3816 -0.711268
3817 -0.813084
3818 -0.744755
3819 -0.608939
3820 -0.483516
3821 -0.626719
3822 -0.603976
3823 -0.505632
3824 -0.333333
3825 -0.636364
3826 -0.590308
3827 -0.45
3828 -0.555556
3829 -0.712821
3830 -0.655493
3831 -0.52193
3832 -0.5
3833 -0.644068
3834 -0.609677
3835 -0.5
3836 -0.333333
3837 -0.494585
3838 -0.492176
3839 -0.411972
3840 -1
3841 -1
3842 -0.729412
3843 -0.452381
3844 -1
3845 -1
3846 -0.795181
3847 -0.552632
3848 -0.660377
3849 -0.802817
3850 -0.694377
3851 -0.511236
3852 -0.307692
3853 -0.533333
3854 -0.506173
3855 -0.382353
3856 -1
3857 -1
3858 -0.771523
3859 -0.517483
3860 -1
3861 -1
3862 -0.821053
3863 -0.598425
3864 -0.73
3865 -0.829787
3866 -0.727074
3867 -0.555366
3868 -0.413043
3869 -0.586207
3870 -0.552239
3871 -0.432432
3872 -0.551724
3873 -0.802752
3874 -0.667622
3875 -0.4625
3876 -0.756098
3877 -0.851351
3878 -0.728972
3879 -0.542857
3880 -0.605809
3881 -0.729947
3882 -0.656805
3883 -0.509375
3884 -0.358491
3885 -0.526549
3886 -0.505119
3887 -0.4
3888 -0.0714286
3889 -0.505747
3890 -0.469697
3891 -0.322034
3892 -0.411765
3893 -0.611765
3894 -0.554622
3895 -0.411765
3896 -0.37234
3897 -0.544153
3898 -0.510791
3899 -0.393939
3900 -0.2
3901 -0.385542
3902 -0.386792
3903 -0.302326
3904 -2
3905 -1.19231
3906 -0.875
3907 -0.585714
3908 -1.25243
3909 -1.13559
3910 -0.910569
3911 -0.663347
3912 -0.846154
3913 -0.924051
3914 -0.8
3915 -0.613014
3916 -0.471264
3917 -0.651515
3918 -0.610169
3919 -0.481982
3920 -1.375
3921 -1.15
3922 -0.892857
3923 -0.631356
3924 -1.18056
3925 -1.11388
3926 -0.921053
3927 -0.695495
3928 -0.875
3929 -0.933702
3930 -0.82
3931 -0.645768
3932 -0.546053
3933 -0.688488
3934 -0.64433
3935 -0.521498
3936 -0.846154
3937 -0.942623
3938 -0.78125
3939 -0.568702
3940 -0.918919
3941 -0.960123
3942 -0.824411
3943 -0.634868
3944 -0.736842
3945 -0.828431
3946 -0.745455
3947 -0.595376
3948 -0.478386
3949 -0.622449
3950 -0.592417
3951 -0.484536
3952 -0.333333
3953 -0.645833
3954 -0.583333
3955 -0.427083
3956 -0.570796
3957 -0.722372
3958 -0.651163
3959 -0.503782
3960 -0.5
3961 -0.643172
3962 -0.6
3963 -0.479893
3964 -0.315385
3965 -0.480447
3966 -0.473684
3967 -0.386282
3968 -1.61538
3969 -1.16667
3970 -0.878505
3971 -0.603896
3972 -1.21311
3973 -1.12121
3974 -0.91133
3975 -0.675182
3976 -0.853659
3977 -0.925287
3978 -0.806517
3979 -0.626183
3980 -0.5
3981 -0.666667
3982 -0.625
3983 -0.5
3984 -1.3
3985 -1.13333
3986 -0.894595
3987 -0.64466
3988 -1.15854
3989 -1.10323
3990 -0.921053
3991 -0.704319
3992 -0.879032
3993 -0.934177
3994 -0.824723
3995 -0.656023
3996 -0.566265
3997 -0.7
3998 -0.656051
3999 -0.536082
4000 -0.859504
4001 -0.944444
4002 -0.789976
4003 -0.584507
4004 -0.92233
4005 -0.960674
4006 -0.83004
4007 -0.646341
4008 -0.749141
4009 -0.834842
4010 -0.753794
4011 -0.607527
4012 -0.5
4013 -0.636364
4014 -0.605882
4015 -0.5
4016 -0.388889
4017 -0.666667
4018 -0.602564
4019 -0.449275
4020 -0.596774
4021 -0.736318
4022 -0.665468
4023 -0.521127
4024 -0.523952
4025 -0.658487
4026 -0.614907
4027 -0.496871
4028 -0.342857
4029 -0.5
4030 -0.491803
4031 -0.405405
4032 -1
4033 -1
4034 -0.779661
4035 -0.535714
4036 -1
4037 -1
4038 -0.826185
4039 -0.611111
4040 -0.736842
4041 -0.836842
4042 -0.736842
4043 -0.570175
4044 -0.428571
4045 -0.602564
4046 -0.570048
4047 -0.453488
4048 -1
4049 -1
4050 -0.806931
4051 -0.580645
4052 -1
4053 -1
4054 -0.84413
4055 -0.644068
4056 -0.779412
4057 -0.85514
4058 -0.760274
4059 -0.602703
4060 -0.5
4061 -0.640232
4062 -0.603858
4063 -0.490975
4064 -0.695652
4065 -0.844595
4066 -0.718062
4067 -0.529412
4068 -0.810573
4069 -0.878238
4070 -0.765138
4071 -0.59375
4072 -0.670886
4073 -0.768908
4074 -0.698113
4075 -0.560301
4076 -0.444444
4077 -0.584806
4078 -0.559835
4079 -0.459459
4080 -0.3
4081 -0.596491
4082 -0.547619
4083 -0.405405
4084 -0.522222
4085 -0.674365
4086 -0.614094
4087 -0.478261
4088 -0.466667
4089 -0.60687
4090 -0.569767
4091 -0.457746
4092 -0.3
4093 -0.458537
4094 -0.453846
4095 -0.371429
