#CSC Slope LUT
#Structure is comparator code (iCC) -> Stub slope
#iCC bits: 12
#<header> v1.0 12 32 </header>
0 0
1 0
2 0
3 0
4 0
5 0
6 0
7 -2
8 0
9 0
10 -1
11 -1.5
12 0
13 1.36202e-12
14 -0.5
15 -1
16 0
17 0
18 0
19 -1.5
20 0
21 0
22 -1.27273
23 -1.5625
24 0
25 -1
26 -1.21429
27 -1.5
28 -2
29 -1
30 -1.11765
31 -1.375
32 0
33 0
34 -1
35 -1.25
36 0
37 -0.727273
38 -1
39 -1.27586
40 -1
41 -0.785714
42 -1
43 -1.26471
44 -1.5
45 -0.882353
46 -1
47 -1.23077
48 0
49 -0.5
50 -0.75
51 -1
52 3.93463e-13
53 -0.4375
54 -0.724138
55 -1
56 -0.5
57 -0.5
58 -0.735294
59 -1
60 -1
61 -0.625
62 -0.769231
63 -1
64 0
65 0
66 0
67 -1
68 0
69 0
70 -0.833333
71 -1.02941
72 0
73 -0.684211
74 -0.833333
75 -1.02439
76 -1
77 -0.75
78 -0.833333
79 -1
80 0
81 0
82 -0.925926
83 -1.125
84 0
85 -0.7
86 -0.911765
87 -1.125
88 -0.818182
89 -0.769231
90 -0.926829
91 -1.125
92 -1.125
93 -0.875
94 -0.958333
95 -1.125
96 0
97 -0.684211
98 -0.888889
99 -1.09434
100 -0.5
101 -0.653846
102 -0.863636
103 -1.08065
104 -0.785714
105 -0.727273
106 -0.884615
107 -1.08451
108 -1.1
109 -0.85
110 -0.933333
111 -1.1
112 -1
113 -0.625
114 -0.8
115 -1
116 -0.5
117 -0.5625
118 -0.759259
119 -0.973684
120 -0.705882
121 -0.625
122 -0.777778
123 -0.976744
124 -1
125 -0.75
126 -0.833333
127 -1
128 0
129 0
130 -0.666667
131 -0.833333
132 0
133 -0.444444
134 -0.630435
135 -0.815385
136 -0.5
137 -0.5
138 -0.642857
139 -0.815789
140 -0.75
141 -0.6
142 -0.681818
143 -0.827586
144 0
145 -0.5
146 -0.717391
147 -0.911765
148 -0.181818
149 -0.470588
150 -0.684211
151 -0.8875
152 -0.5
153 -0.545455
154 -0.705882
155 -0.891304
156 -0.793103
157 -0.666667
158 -0.759494
159 -0.913462
160 -9.2153e-12
161 -0.5
162 -0.714286
163 -0.914634
164 -0.214286
165 -0.463415
166 -0.676471
167 -0.884211
168 -0.5
169 -0.538462
170 -0.7
171 -0.888889
172 -0.794118
173 -0.666667
174 -0.76087
175 -0.917355
176 -0.5
177 -0.5
178 -0.681818
179 -0.875
180 -0.294118
181 -0.4375
182 -0.632911
183 -0.836364
184 -0.5
185 -0.5
186 -0.652174
187 -0.83871
188 -0.769231
189 -0.625
190 -0.714286
191 -0.869565
192 0
193 -0.333333
194 -0.5
195 -0.666667
196 -3.5083e-13
197 -0.25
198 -0.441176
199 -0.625
200 -0.25
201 -0.301887
202 -0.451219
203 -0.621622
204 -0.5
205 -0.409091
206 -0.5
207 -0.642857
208 1
209 -0.294112
210 -0.523077
211 -0.71875
212 0.125
213 -0.25
214 -0.475
215 -0.678571
216 -0.206897
217 -0.322581
218 -0.494737
219 -0.679688
220 -0.5
221 -0.447368
222 -0.554545
223 -0.708333
224 0.5
225 -0.29268
226 -0.526316
227 -0.72973
228 0.1
229 -0.25
230 -0.478261
231 -0.6875
232 -0.205882
233 -0.323944
234 -0.5
235 -0.689655
236 -0.5
237 -0.453488
238 -0.564516
239 -0.722222
240 4.17533e-12
241 -0.312499
242 -0.517241
243 -0.714286
244 -1.02984e-12
245 -0.25
246 -0.461538
247 -0.666667
248 -0.230769
249 -0.3125
250 -0.479339
251 -0.666667
252 -0.5
253 -0.4375
254 -0.543478
255 -0.7
256 0
257 0
258 0
259 -1
260 0
261 0
262 -0.860465
263 -1
264 0
265 -0.777778
266 -0.87037
267 -1
268 -1
269 -0.847826
270 -0.892308
271 -1
272 0
273 0
274 -0.909091
275 -1.0625
276 0
277 -0.742857
278 -0.892857
279 -1.05195
280 -0.833333
281 -0.804348
282 -0.911765
283 -1.05556
284 -1.02941
285 -0.894737
286 -0.95
287 -1.06796
288 0
289 -0.75
290 -0.892857
291 -1.05
292 -0.684209
293 -0.727273
294 -0.869565
295 -1.03191
296 -0.833333
297 -0.785714
298 -0.890244
299 -1.03704
300 -1.02439
301 -0.882353
302 -0.936842
303 -1.05738
304 -1
305 -0.75
306 -0.852941
307 -1
308 -0.75
309 -0.698113
310 -0.817073
311 -0.972973
312 -0.833333
313 -0.742424
314 -0.833333
315 -0.97619
316 -1
317 -0.835443
318 -0.881818
319 -1
320 0
321 0
322 -0.862745
323 -1
324 0
325 -0.7
326 -0.833333
327 -0.978261
328 -0.814815
329 -0.759259
330 -0.851852
331 -0.981481
332 -1
333 -0.852941
334 -0.895833
335 -1
336 0
337 -0.714286
338 -0.875
339 -1.03226
340 -0.6
341 -0.7
342 -0.85
343 -1.00909
344 -0.794118
345 -0.769231
346 -0.875
347 -1.01575
348 -1
349 -0.875
350 -0.928571
351 -1.04167
352 -0.727273
353 -0.727273
354 -0.87013
355 -1.02727
356 -0.653846
357 -0.7
358 -0.840426
359 -1
360 -0.804878
361 -0.763158
362 -0.864865
363 -1.00685
364 -1
365 -0.869565
366 -0.921875
367 -1.03659
368 -1
369 -0.754717
370 -0.855556
371 -1
372 -0.75
373 -0.7
374 -0.814815
375 -0.965753
376 -0.833333
377 -0.747126
378 -0.833333
379 -0.969697
380 -1
381 -0.846154
382 -0.888889
383 -1
384 0
385 -0.666667
386 -0.785714
387 -0.923077
388 -0.578947
389 -0.611111
390 -0.741573
391 -0.887097
392 -0.722222
393 -0.666667
394 -0.759259
395 -0.888889
396 -0.90566
397 -0.766667
398 -0.811024
399 -0.914634
400 -0.5
401 -0.630435
402 -0.785714
403 -0.942623
404 -0.5
405 -0.6
406 -0.75
407 -0.909091
408 -0.681818
409 -0.666667
410 -0.774194
411 -0.914634
412 -0.887097
413 -0.776699
414 -0.833333
415 -0.945946
416 -0.642857
417 -0.642857
418 -0.785714
419 -0.942857
420 -0.545455
421 -0.605263
422 -0.747899
423 -0.907407
424 -0.692308
425 -0.666667
426 -0.771429
427 -0.913043
428 -0.887324
429 -0.775862
430 -0.832298
431 -0.946602
432 -0.9
433 -0.681818
434 -0.785714
435 -0.93038
436 -0.65
437 -0.62069
438 -0.738806
439 -0.889503
440 -0.733333
441 -0.666667
442 -0.75641
443 -0.892157
444 -0.9
445 -0.767442
446 -0.814607
447 -0.92511
448 -2
449 -0.586957
450 -0.685393
451 -0.818181
452 -0.5
453 -0.5
454 -0.625
455 -0.769231
456 -0.6
457 -0.544444
458 -0.637037
459 -0.766667
460 -0.772727
461 -0.642857
462 -0.689873
463 -0.794118
464 -0.5
465 -0.526316
466 -0.673077
467 -0.827814
468 -0.375
469 -0.475
470 -0.625
471 -0.784091
472 -0.537037
473 -0.533981
474 -0.644737
475 -0.78607
476 -0.736838
477 -0.642857
478 -0.704545
479 -0.818584
480 -0.529412
481 -0.529412
482 -0.672269
483 -0.829412
484 -0.4
485 -0.478255
486 -0.625
487 -0.785714
488 -0.539683
489 -0.534483
490 -0.64497
491 -0.788288
492 -0.732556
493 -0.642857
494 -0.706186
495 -0.822581
496 -0.75
497 -0.56962
498 -0.679104
499 -0.825397
500 -0.5
501 -0.499997
502 -0.625
503 -0.777778
504 -0.583333
505 -0.542636
506 -0.639794
507 -0.777778
508 -0.749999
509 -0.642857
510 -0.698113
511 -0.811111
512 0
513 0
514 -0.75
515 -0.875
516 0
517 -0.588235
518 -0.714286
519 -0.846154
520 -0.666667
521 -0.642857
522 -0.730769
523 -0.847826
524 -0.833333
525 -0.730337
526 -0.774194
527 -0.867925
528 0
529 -0.590909
530 -0.75
531 -0.896552
532 -0.444444
533 -0.578125
534 -0.722772
535 -0.869565
536 -0.630435
537 -0.642857
538 -0.745902
539 -0.875
540 -0.815385
541 -0.740385
542 -0.797203
543 -0.901099
544 -0.5
545 -0.60714
546 -0.75
547 -0.897059
548 -0.5
549 -0.584416
550 -0.720339
551 -0.867925
552 -0.642857
553 -0.642857
554 -0.742857
555 -0.873626
556 -0.815789
557 -0.739495
558 -0.796296
559 -0.902439
560 -0.75
561 -0.647058
562 -0.75
563 -0.884615
564 -0.6
565 -0.6
566 -0.711111
567 -0.85
568 -0.681818
569 -0.642857
570 -0.727848
571 -0.852941
572 -0.827586
573 -0.731343
574 -0.779006
575 -0.881579
576 0
577 -0.627907
578 -0.761903
579 -0.896
580 -0.5
581 -0.590909
582 -0.722222
583 -0.86
584 -0.673913
585 -0.651685
586 -0.742424
587 -0.862857
588 -0.852941
589 -0.75
590 -0.794872
591 -0.89
592 -0.272727
593 -0.589286
594 -0.752474
595 -0.90411
596 -0.441176
597 -0.575
598 -0.722222
599 -0.872093
600 -0.631579
601 -0.644231
602 -0.748344
603 -0.878788
604 -0.825
605 -0.75
606 -0.806818
607 -0.910714
608 -0.5
609 -0.608696
610 -0.754237
611 -0.904191
612 -0.5
613 -0.585106
614 -0.722222
615 -0.871134
616 -0.647059
617 -0.647059
618 -0.747059
619 -0.877828
620 -0.826087
621 -0.75
622 -0.806122
623 -0.91129
624 -0.758621
625 -0.658537
626 -0.762963
627 -0.898936
628 -0.611111
629 -0.611111
630 -0.722222
631 -0.861111
632 -0.696203
633 -0.656716
634 -0.740741
635 -0.864754
636 -0.846154
637 -0.75
638 -0.796296
639 -0.897059
640 -1
641 -0.611111
642 -0.730769
643 -0.863636
644 -0.5
645 -0.555556
646 -0.681818
647 -0.819672
648 -0.642857
649 -0.611111
650 -0.7
651 -0.820755
652 -0.817073
653 -0.711111
654 -0.755319
655 -0.850622
656 -0.357143
657 -0.558824
658 -0.713115
659 -0.863636
660 -0.414634
661 -0.53125
662 -0.675497
663 -0.825242
664 -0.588235
665 -0.596774
666 -0.7
667 -0.830508
668 -0.778947
669 -0.703947
670 -0.760765
671 -0.864662
672 -0.5
673 -0.573171
674 -0.714286
675 -0.863636
676 -0.461538
677 -0.540541
678 -0.676471
679 -0.825327
680 -0.6
681 -0.6
682 -0.7
683 -0.830769
684 -0.777778
685 -0.704142
686 -0.760883
687 -0.865979
688 -0.735294
689 -0.625
690 -0.727848
691 -0.863636
692 -0.571429
693 -0.571429
694 -0.68254
695 -0.821428
696 -0.652174
697 -0.615385
698 -0.7
699 -0.823944
700 -0.801653
701 -0.709677
702 -0.756981
703 -0.857595
704 -1.5
705 -0.584615
706 -0.677417
707 -0.803278
708 -0.5
709 -0.5
710 -0.615385
711 -0.75
712 -0.590909
713 -0.543307
714 -0.62766
715 -0.747
716 -0.75
717 -0.639241
718 -0.681818
719 -0.776596
720 -0.470588
721 -0.5125
722 -0.650348
723 -0.796116
724 -0.375
725 -0.464286
726 -0.602273
727 -0.75
728 -0.518987
729 -0.520833
730 -0.62201
731 -0.751835
732 -0.7
733 -0.625
734 -0.681818
735 -0.785714
736 -0.5
737 -0.515789
738 -0.648147
739 -0.79476
740 -0.4
741 -0.46875
742 -0.602041
743 -0.75
744 -0.521739
745 -0.521739
746 -0.621739
747 -0.752516
748 -0.693548
749 -0.623711
750 -0.681818
751 -0.787425
752 -0.692308
753 -0.563636
754 -0.662983
755 -0.797619
756 -0.5
757 -0.5
758 -0.611111
759 -0.75
760 -0.571429
761 -0.539326
762 -0.625498
763 -0.750005
764 -0.717391
765 -0.632075
766 -0.681818
767 -0.783333
768 0
769 -0.5
770 -0.625
771 -0.75
772 -0.333333
773 -0.447368
774 -0.576
775 -0.706896
776 -0.5
777 -0.5
778 -0.590909
779 -0.705882
780 -0.666667
781 -0.590909
782 -0.639344
783 -0.730769
784 -2.24265e-13
785 -0.4375
786 -0.603448
787 -0.75
788 -0.25
789 -0.419355
790 -0.568493
791 -0.713568
792 -0.441176
793 -0.483607
794 -0.590909
795 -0.717391
796 -0.625
797 -0.582781
798 -0.645631
799 -0.747126
800 -0.25
801 -0.45
802 -0.602941
803 -0.75
804 -0.301887
805 -0.427273
806 -0.568862
807 -0.714286
808 -0.451219
809 -0.485714
810 -0.590909
811 -0.71875
812 -0.621622
813 -0.582353
814 -0.646297
815 -0.75
816 -0.5
817 -0.5
818 -0.615385
819 -0.75
820 -0.409091
821 -0.456693
822 -0.574468
823 -0.710854
824 -0.5
825 -0.5
826 -0.590909
827 -0.712766
828 -0.642857
829 -0.587302
830 -0.642863
831 -0.742857
832 3.04645e-13
833 -0.5
834 -0.641025
835 -0.775861
836 -0.323529
837 -0.456522
838 -0.593333
839 -0.730769
840 -0.507692
841 -0.516129
842 -0.612022
843 -0.731405
844 -0.6875
845 -0.615385
846 -0.666667
847 -0.76087
848 6.68354e-14
849 -0.441558
850 -0.615942
851 -0.768843
852 -0.25
853 -0.427273
854 -0.581395
855 -0.730769
856 -0.45
857 -0.496504
858 -0.606796
859 -0.736072
860 -0.642857
861 -0.602273
862 -0.666667
863 -0.769737
864 -0.241379
865 -0.457447
866 -0.616352
867 -0.767857
868 -0.306452
869 -0.4375
870 -0.582474
871 -0.730769
872 -0.463158
873 -0.5
874 -0.606987
875 -0.736495
876 -0.640625
877 -0.602041
878 -0.666667
879 -0.771084
880 -0.5
881 -0.513514
882 -0.633333
883 -0.771084
884 -0.421053
885 -0.472603
886 -0.592593
887 -0.730769
888 -0.518182
889 -0.519333
890 -0.611111
891 -0.733752
892 -0.666667
893 -0.611111
894 -0.666667
895 -0.766667
896 -0.5
897 -0.5
898 -0.630435
899 -0.764706
900 -0.341463
901 -0.444444
902 -0.577143
903 -0.714876
904 -0.5
905 -0.5
906 -0.59434
907 -0.714286
908 -0.675676
909 -0.6
910 -0.650602
911 -0.745291
912 -0.1
913 -0.433333
914 -0.6
915 -0.752174
916 -0.25
917 -0.409449
918 -0.560606
919 -0.710037
920 -0.434783
921 -0.47561
922 -0.584746
923 -0.714286
924 -0.625
925 -0.582089
926 -0.645985
927 -0.749286
928 -0.264706
929 -0.444444
930 -0.598901
931 -0.75
932 -0.295775
933 -0.417808
934 -0.561086
935 -0.709459
936 -0.444444
937 -0.478261
938 -0.584615
939 -0.714286
940 -0.62069
941 -0.581081
942 -0.645485
943 -0.750005
944 -0.5
945 -0.5
946 -0.617647
947 -0.755319
948 -0.406977
949 -0.454545
950 -0.57377
951 -0.712074
952 -0.5
953 -0.5
954 -0.591549
955 -0.714286
956 -0.648148
957 -0.592592
958 -0.648148
959 -0.748152
960 -1
961 -0.5
962 -0.603774
963 -0.730769
964 -0.375
965 -0.419355
966 -0.54
967 -0.673913
968 -0.482759
969 -0.463415
970 -0.551867
971 -0.669811
972 -0.642857
973 -0.558824
974 -0.606383
975 -0.7
976 -0.25
977 -0.417476
978 -0.565934
979 -0.712644
980 -0.25
981 -0.375
982 -0.517857
983 -0.664474
984 -0.403846
985 -0.432432
986 -0.537594
987 -0.665706
988 -0.583333
989 -0.535398
990 -0.597403
991 -0.7
992 -0.307692
993 -0.418033
994 -0.560976
995 -0.708333
996 -0.275
997 -0.378049
998 -0.516129
999 -0.662651
1000 -0.404959
1001 -0.432039
1002 -0.536082
1003 -0.664894
1004 -0.574074
1005 -0.532258
1006 -0.595808
1007 -0.7
1008 -0.5
1009 -0.468085
1010 -0.578947
1011 -0.714286
1012 -0.375
1013 -0.413043
1014 -0.529412
1015 -0.666667
1016 -0.456522
1017 -0.453745
1018 -0.544304
1019 -0.666667
1020 -0.6
1021 -0.544444
1022 -0.6
1023 -0.7
1024 0
1025 0
1026 0
1027 -1
1028 0
1029 0
1030 -0.882353
1031 -0.989362
1032 0
1033 -0.830508
1034 -0.895349
1035 -0.99115
1036 -1
1037 -0.894737
1038 -0.923077
1039 -1
1040 0
1041 0
1042 -0.910448
1043 -1.03125
1044 0
1045 -0.785714
1046 -0.895349
1047 -1.01724
1048 -0.860465
1049 -0.837838
1050 -0.914286
1051 -1.02206
1052 -1
1053 -0.913043
1054 -0.951613
1055 -1.03846
1056 0
1057 -0.803922
1058 -0.904762
1059 -1.02564
1060 -0.777776
1061 -0.785714
1062 -0.884615
1063 -1.00725
1064 -0.87037
1065 -0.831461
1066 -0.903226
1067 -1.01258
1068 -1
1069 -0.907407
1070 -0.944444
1071 -1.03333
1072 -1
1073 -0.828124
1074 -0.891089
1075 -1
1076 -0.847826
1077 -0.785714
1078 -0.860656
1079 -0.975
1080 -0.892307
1081 -0.817308
1082 -0.874126
1083 -0.978022
1084 -1
1085 -0.887097
1086 -0.914634
1087 -1
1088 0
1089 0
1090 -0.888889
1091 -1
1092 0
1093 -0.762712
1094 -0.861702
1095 -0.976744
1096 -0.863636
1097 -0.8125
1098 -0.87931
1099 -0.980263
1100 -1
1101 -0.891089
1102 -0.92029
1103 -1
1104 0
1105 -0.769229
1106 -0.888889
1107 -1.01562
1108 -0.714286
1109 -0.756755
1110 -0.867257
1111 -0.993421
1112 -0.839286
1113 -0.8125
1114 -0.889706
1115 -1
1116 -0.98701
1117 -0.898305
1118 -0.937107
1119 -1.025
1120 -0.833333
1121 -0.787878
1122 -0.888889
1123 -1.01333
1124 -0.76087
1125 -0.764044
1126 -0.863636
1127 -0.988571
1128 -0.852941
1129 -0.8125
1130 -0.884615
1131 -0.995
1132 -0.988887
1133 -0.896296
1134 -0.933333
1135 -1.02222
1136 -1
1137 -0.825
1138 -0.888889
1139 -1
1140 -0.842105
1141 -0.778846
1142 -0.854304
1143 -0.969697
1144 -0.8875
1145 -0.8125
1146 -0.869318
1147 -0.973214
1148 -0.999999
1149 -0.888157
1150 -0.915423
1151 -1
1152 0
1153 -0.764706
1154 -0.84042
1155 -0.948905
1156 -0.75
1157 -0.710526
1158 -0.8
1159 -0.914634
1160 -0.821429
1161 -0.752474
1162 -0.815068
1163 -0.91623
1164 -0.949999
1165 -0.833333
1166 -0.860465
1167 -0.940367
1168 -0.789474
1169 -0.727273
1170 -0.831855
1171 -0.95625
1172 -0.681818
1173 -0.695652
1174 -0.8
1175 -0.925532
1176 -0.782609
1177 -0.745762
1178 -0.820359
1179 -0.930556
1180 -0.925532
1181 -0.833333
1182 -0.871134
1183 -0.959016
1184 -0.833333
1185 -0.740741
1186 -0.833332
1187 -0.956284
1188 -0.714286
1189 -0.703704
1190 -0.8
1191 -0.924528
1192 -0.792683
1193 -0.748148
1194 -0.819149
1195 -0.929461
1196 -0.925926
1197 -0.833333
1198 -0.87037
1199 -0.959259
1200 -0.97561
1201 -0.78125
1202 -0.841059
1203 -0.951456
1204 -0.794118
1205 -0.725806
1206 -0.8
1207 -0.915254
1208 -0.831579
1209 -0.756579
1210 -0.813397
1211 -0.917293
1212 -0.942623
1213 -0.833333
1214 -0.861345
1215 -0.945946
1216 -1.5
1217 -0.734375
1218 -0.775862
1219 -0.875
1220 -0.75
1221 -0.645161
1222 -0.719178
1223 -0.829145
1224 -0.764706
1225 -0.672131
1226 -0.727273
1227 -0.826087
1228 -0.875
1229 -0.748344
1230 -0.771845
1231 -0.850575
1232 -0.875
1233 -0.675
1234 -0.757353
1235 -0.875
1236 -0.641509
1237 -0.618182
1238 -0.712575
1239 -0.834821
1240 -0.707317
1241 -0.657143
1242 -0.727273
1243 -0.835938
1244 -0.837834
1245 -0.741176
1246 -0.777292
1247 -0.864583
1248 -0.833333
1249 -0.677083
1250 -0.75641
1251 -0.875
1252 -0.651515
1253 -0.622047
1254 -0.712766
1255 -0.835341
1256 -0.708333
1257 -0.658228
1258 -0.727273
1259 -0.836879
1260 -0.833331
1261 -0.740741
1262 -0.77779
1263 -0.866667
1264 -0.9375
1265 -0.714286
1266 -0.767045
1267 -0.875
1268 -0.721519
1269 -0.645833
1270 -0.717703
1271 -0.832117
1272 -0.745455
1273 -0.670455
1274 -0.727273
1275 -0.831169
1276 -0.851062
1277 -0.745192
1278 -0.774554
1279 -0.859649
1280 0
1281 0
1282 -0.891566
1283 -1
1284 0
1285 -0.764706
1286 -0.863636
1287 -0.973684
1288 -0.862743
1289 -0.819149
1290 -0.883212
1291 -0.977778
1292 -1
1293 -0.9
1294 -0.926829
1295 -1
1296 0
1297 -0.762712
1298 -0.884615
1299 -1.00671
1300 -0.7
1301 -0.755814
1302 -0.863636
1303 -0.983146
1304 -0.833333
1305 -0.814155
1306 -0.8875
1307 -0.990338
1308 -0.978261
1309 -0.9
1310 -0.93617
1311 -1.01695
1312 -0.814815
1313 -0.789474
1314 -0.887991
1315 -1.00575
1316 -0.759259
1317 -0.769231
1318 -0.863636
1319 -0.980392
1320 -0.851852
1321 -0.818179
1322 -0.885245
1323 -0.987179
1324 -0.981481
1325 -0.9
1326 -0.933962
1327 -1.01515
1328 -1
1329 -0.83871
1330 -0.897256
1331 -0.999999
1332 -0.852941
1333 -0.795082
1334 -0.863636
1335 -0.969565
1336 -0.895833
1337 -0.827813
1338 -0.87864
1339 -0.97318
1340 -1
1341 -0.9
1342 -0.923729
1343 -1
1344 0
1345 -0.785714
1346 -0.886792
1347 -1
1348 -0.742857
1349 -0.755814
1350 -0.854006
1351 -0.968085
1352 -0.859375
1353 -0.810345
1354 -0.875
1355 -0.972727
1356 -0.999999
1357 -0.897256
1358 -0.924623
1359 -1
1360 -0.7
1361 -0.756757
1362 -0.875
1363 -1
1364 -0.7
1365 -0.742857
1366 -0.849994
1367 -0.972093
1368 -0.825
1369 -0.80147
1370 -0.875
1371 -0.979839
1372 -0.972727
1373 -0.892213
1374 -0.928571
1375 -1.01068
1376 -0.823529
1377 -0.782609
1378 -0.88
1379 -1
1380 -0.753846
1381 -0.758065
1382 -0.852456
1383 -0.971074
1384 -0.84375
1385 -0.807692
1386 -0.875
1387 -0.978261
1388 -0.976378
1389 -0.893615
1390 -0.927711
1391 -1.00968
1392 -1
1393 -0.836364
1394 -0.895349
1395 -1
1396 -0.85
1397 -0.79021
1398 -0.859222
1399 -0.966542
1400 -0.892857
1401 -0.823864
1402 -0.875
1403 -0.970395
1404 -1
1405 -0.89952
1406 -0.923357
1407 -1
1408 -1.27273
1409 -0.785714
1410 -0.860465
1411 -0.968076
1412 -0.772727
1413 -0.730769
1414 -0.817073
1415 -0.928571
1416 -0.844156
1417 -0.775362
1418 -0.834168
1419 -0.930769
1420 -0.972727
1421 -0.860465
1422 -0.884615
1423 -0.959459
1424 -0.807692
1425 -0.741573
1426 -0.842103
1427 -0.962784
1428 -0.7
1429 -0.709677
1430 -0.80851
1431 -0.928571
1432 -0.797872
1433 -0.761006
1434 -0.830355
1435 -0.934256
1436 -0.9375
1437 -0.850515
1438 -0.884615
1439 -0.966258
1440 -0.853659
1441 -0.759259
1442 -0.845713
1443 -0.962806
1444 -0.736842
1445 -0.722222
1446 -0.81132
1447 -0.928571
1448 -0.810811
1449 -0.766667
1450 -0.831324
1451 -0.933962
1452 -0.938356
1453 -0.851852
1454 -0.884615
1455 -0.966292
1456 -1
1457 -0.811024
1458 -0.863636
1459 -0.96654
1460 -0.826087
1461 -0.756098
1462 -0.822034
1463 -0.928571
1464 -0.859375
1465 -0.78607
1466 -0.835766
1467 -0.930836
1468 -0.963411
1469 -0.861344
1470 -0.884615
1471 -0.96114
1472 -1.5625
1473 -0.785714
1474 -0.822368
1475 -0.918182
1476 -0.811321
1477 -0.696721
1478 -0.764398
1479 -0.869229
1480 -0.822222
1481 -0.725
1482 -0.773913
1483 -0.866667
1484 -0.929134
1485 -0.80303
1486 -0.821561
1487 -0.894118
1488 -0.9375
1489 -0.721154
1490 -0.795455
1491 -0.907256
1492 -0.7
1493 -0.664336
1494 -0.75
1495 -0.86505
1496 -0.759259
1497 -0.703297
1498 -0.765625
1499 -0.866667
1500 -0.883562
1501 -0.78733
1502 -0.817567
1503 -0.897586
1504 -0.895833
1505 -0.725806
1506 -0.795
1507 -0.905795
1508 -0.712644
1509 -0.670732
1510 -0.751037
1511 -0.864779
1512 -0.761905
1513 -0.705882
1514 -0.765957
1515 -0.866667
1516 -0.878788
1517 -0.786885
1518 -0.817337
1519 -0.898019
1520 -1
1521 -0.770833
1522 -0.8125
1523 -0.911183
1524 -0.788462
1525 -0.702703
1526 -0.763158
1527 -0.867434
1528 -0.805556
1529 -0.725661
1530 -0.772727
1531 -0.866667
1532 -0.902174
1533 -0.797753
1534 -0.82
1535 -0.896081
1536 0
1537 -0.728814
1538 -0.827586
1539 -0.936416
1540 -0.666667
1541 -0.691489
1542 -0.789474
1543 -0.9
1544 -0.785714
1545 -0.744185
1546 -0.808507
1547 -0.902834
1548 -0.923077
1549 -0.829268
1550 -0.857143
1551 -0.929577
1552 -0.578947
1553 -0.6875
1554 -0.808511
1555 -0.930683
1556 -0.611111
1557 -0.672414
1558 -0.780899
1559 -0.9
1560 -0.741573
1561 -0.730263
1562 -0.804648
1563 -0.906475
1564 -0.887095
1565 -0.819148
1566 -0.857143
1567 -0.936709
1568 -0.722222
1569 -0.712871
1570 -0.813251
1571 -0.93073
1572 -0.666667
1573 -0.688406
1574 -0.784312
1575 -0.9
1576 -0.759259
1577 -0.737143
1578 -0.805783
1579 -0.906149
1580 -0.888888
1581 -0.820754
1582 -0.857143
1583 -0.936782
1584 -0.90566
1585 -0.770492
1586 -0.83246
1587 -0.934612
1588 -0.766667
1589 -0.725
1590 -0.795651
1591 -0.9
1592 -0.811024
1593 -0.757576
1594 -0.810408
1595 -0.902941
1596 -0.914634
1597 -0.830508
1598 -0.857143
1599 -0.931579
1600 -1
1601 -0.72973
1602 -0.828571
1603 -0.941748
1604 -0.673913
1605 -0.690265
1606 -0.788889
1607 -0.902828
1608 -0.785714
1609 -0.743421
1610 -0.809091
1611 -0.90625
1612 -0.92623
1613 -0.83246
1614 -0.861536
1615 -0.93617
1616 -0.615385
1617 -0.6875
1618 -0.807229
1619 -0.932203
1620 -0.615385
1621 -0.669118
1622 -0.777778
1623 -0.899276
1624 -0.740385
1625 -0.727273
1626 -0.802418
1627 -0.90625
1628 -0.888112
1629 -0.819444
1630 -0.85813
1631 -0.939226
1632 -0.727273
1633 -0.711864
1634 -0.8125
1635 -0.932331
1636 -0.666667
1637 -0.685535
1638 -0.782051
1639 -0.899673
1640 -0.758065
1641 -0.735
1642 -0.804347
1643 -0.90625
1644 -0.890244
1645 -0.821576
1646 -0.858489
1647 -0.93924
1648 -0.903226
1649 -0.771429
1650 -0.834862
1651 -0.939185
1652 -0.76699
1653 -0.725275
1654 -0.796935
1655 -0.902939
1656 -0.8125
1657 -0.758929
1658 -0.812499
1659 -0.90625
1660 -0.918919
1661 -0.834586
1662 -0.861671
1663 -0.936926
1664 -1.21429
1665 -0.741573
1666 -0.817073
1667 -0.924686
1668 -0.714286
1669 -0.681818
1670 -0.769231
1671 -0.880282
1672 -0.785714
1673 -0.725714
1674 -0.785714
1675 -0.881457
1676 -0.914286
1677 -0.811927
1678 -0.837836
1679 -0.911765
1680 -0.727273
1681 -0.6875
1682 -0.790576
1683 -0.911111
1684 -0.631579
1685 -0.653846
1686 -0.754237
1687 -0.873414
1688 -0.731092
1689 -0.705
1690 -0.775801
1691 -0.878451
1692 -0.87037
1693 -0.795082
1694 -0.831287
1695 -0.911765
1696 -0.769231
1697 -0.703704
1698 -0.793575
1699 -0.910299
1700 -0.666667
1701 -0.666667
1702 -0.757576
1703 -0.873561
1704 -0.742857
1705 -0.711111
1706 -0.777419
1707 -0.87848
1708 -0.869565
1709 -0.796296
1710 -0.83146
1711 -0.911765
1712 -0.915493
1713 -0.759494
1714 -0.816325
1715 -0.918674
1716 -0.758621
1717 -0.705882
1718 -0.773973
1719 -0.878946
1720 -0.795031
1721 -0.736
1722 -0.787611
1723 -0.88084
1724 -0.898058
1725 -0.810811
1726 -0.836787
1727 -0.911765
1728 -1.5
1729 -0.759615
1730 -0.797872
1731 -0.893381
1732 -0.772727
1733 -0.668874
1734 -0.737288
1735 -0.841121
1736 -0.785714
1737 -0.69697
1738 -0.746479
1739 -0.837836
1740 -0.892405
1741 -0.77551
1742 -0.795181
1743 -0.866347
1744 -0.875
1745 -0.6875
1746 -0.763889
1747 -0.874999
1748 -0.655172
1749 -0.630682
1750 -0.716981
1751 -0.830508
1752 -0.716418
1753 -0.669643
1754 -0.732484
1755 -0.831682
1756 -0.839779
1757 -0.753676
1758 -0.785124
1759 -0.863435
1760 -0.833333
1761 -0.690789
1762 -0.762295
1763 -0.872023
1764 -0.666667
1765 -0.636816
1766 -0.717685
1767 -0.829457
1768 -0.717949
1769 -0.672
1770 -0.732558
1771 -0.831049
1772 -0.833333
1773 -0.752508
1774 -0.784264
1775 -0.862985
1776 -0.9375
1777 -0.738636
1778 -0.783088
1779 -0.880434
1780 -0.744186
1781 -0.672566
1782 -0.733745
1783 -0.835714
1784 -0.764045
1785 -0.695652
1786 -0.743316
1787 -0.834745
1788 -0.859031
1789 -0.766871
1790 -0.790588
1791 -0.864503
1792 -2
1793 -0.657895
1794 -0.744966
1795 -0.851351
1796 -0.586957
1797 -0.6
1798 -0.695876
1799 -0.80597
1800 -0.685393
1801 -0.646341
1802 -0.711297
1803 -0.805731
1804 -0.818182
1805 -0.730769
1806 -0.760563
1807 -0.833333
1808 -0.5
1809 -0.594059
1810 -0.713483
1811 -0.835294
1812 -0.5
1813 -0.568493
1814 -0.678571
1815 -0.798011
1816 -0.625
1817 -0.623037
1818 -0.7
1819 -0.802291
1820 -0.769231
1821 -0.711864
1822 -0.753164
1823 -0.833333
1824 -0.6
1825 -0.611111
1826 -0.714976
1827 -0.833333
1828 -0.544444
1829 -0.581395
1830 -0.681102
1831 -0.797617
1832 -0.637037
1833 -0.62844
1834 -0.700997
1835 -0.802082
1836 -0.766667
1837 -0.712121
1838 -0.752873
1839 -0.833333
1840 -0.772727
1841 -0.668874
1842 -0.737288
1843 -0.841121
1844 -0.642857
1845 -0.621212
1846 -0.697183
1847 -0.802702
1848 -0.689873
1849 -0.653061
1850 -0.710843
1851 -0.804295
1852 -0.794118
1853 -0.726027
1854 -0.757894
1855 -0.833333
1856 -1
1857 -0.652174
1858 -0.747126
1859 -0.859375
1860 -0.578947
1861 -0.6
1862 -0.69955
1863 -0.813725
1864 -0.682692
1865 -0.648936
1866 -0.716912
1867 -0.814604
1868 -0.821192
1869 -0.737288
1870 -0.76947
1871 -0.844826
1872 -0.5
1873 -0.59322
1874 -0.715686
1875 -0.841378
1876 -0.5
1877 -0.568862
1878 -0.681101
1879 -0.803519
1880 -0.625
1881 -0.625
1882 -0.703947
1883 -0.808672
1884 -0.772727
1885 -0.716981
1886 -0.759887
1887 -0.841985
1888 -0.592593
1889 -0.611111
1890 -0.717949
1891 -0.839505
1892 -0.543689
1893 -0.582474
1894 -0.68421
1895 -0.803191
1896 -0.638158
1897 -0.631148
1898 -0.705357
1899 -0.80841
1900 -0.771144
1901 -0.717685
1902 -0.75969
1903 -0.841666
1904 -0.763158
1905 -0.670588
1906 -0.742424
1907 -0.849161
1908 -0.642857
1909 -0.624434
1910 -0.702531
1911 -0.810219
1912 -0.693182
1913 -0.658088
1914 -0.717391
1915 -0.812499
1916 -0.800885
1917 -0.733745
1918 -0.766667
1919 -0.843326
1920 -1.11765
1921 -0.666667
1922 -0.743719
1923 -0.851724
1924 -0.617647
1925 -0.6
1926 -0.690476
1927 -0.802325
1928 -0.689076
1929 -0.641509
1930 -0.704918
1931 -0.801507
1932 -0.817647
1933 -0.727273
1934 -0.756983
1935 -0.831857
1936 -0.6
1937 -0.6
1938 -0.708696
1939 -0.830769
1940 -0.521739
1941 -0.56383
1942 -0.669014
1943 -0.789473
1944 -0.625
1945 -0.614108
1946 -0.689349
1947 -0.793103
1948 -0.765306
1949 -0.704082
1950 -0.744898
1951 -0.826529
1952 -0.634921
1953 -0.611111
1954 -0.708812
1955 -0.827778
1956 -0.551724
1957 -0.574074
1958 -0.670886
1959 -0.788461
1960 -0.633136
1961 -0.618519
1962 -0.690027
1963 -0.792373
1964 -0.761261
1965 -0.703704
1966 -0.744131
1967 -0.825757
1968 -0.77907
1969 -0.666667
1970 -0.732877
1971 -0.837975
1972 -0.642857
1973 -0.614754
1974 -0.689655
1975 -0.79646
1976 -0.685567
1977 -0.645485
1978 -0.70297
1979 -0.797642
1980 -0.790323
1981 -0.720339
1982 -0.752174
1983 -0.828621
1984 -1.375
1985 -0.693548
1986 -0.736607
1987 -0.833333
1988 -0.683544
1989 -0.6
1990 -0.672598
1991 -0.777487
1992 -0.701493
1993 -0.627119
1994 -0.680473
1995 -0.772727
1996 -0.809524
1997 -0.705479
1998 -0.729114
1999 -0.801205
2000 -0.75
2001 -0.611842
2002 -0.695312
2003 -0.808333
2004 -0.557692
2005 -0.555024
2006 -0.646497
2007 -0.761337
2008 -0.625
2009 -0.593985
2010 -0.66129
2011 -0.761506
2012 -0.75
2013 -0.678019
2014 -0.713953
2015 -0.793296
2016 -0.708333
2017 -0.611111
2018 -0.690972
2019 -0.80303
2020 -0.565891
2021 -0.558824
2022 -0.645533
2023 -0.758772
2024 -0.623656
2025 -0.594595
2026 -0.660098
2027 -0.75969
2028 -0.740741
2029 -0.675141
2030 -0.711828
2031 -0.791667
2032 -0.8125
2033 -0.658654
2034 -0.7125
2035 -0.8125
2036 -0.642857
2037 -0.595506
2038 -0.663158
2039 -0.766734
2040 -0.669811
2041 -0.619632
2042 -0.672727
2043 -0.765343
2044 -0.766667
2045 -0.690909
2046 -0.72
2047 -0.795122
2048 0
2049 0
2050 -0.8
2051 -0.9
2052 0
2053 -0.674697
2054 -0.768646
2055 -0.87027
2056 -0.75
2057 -0.724138
2058 -0.785714
2059 -0.872727
2060 -0.874997
2061 -0.798653
2062 -0.826732
2063 -0.894118
2064 0
2065 -0.666667
2066 -0.785714
2067 -0.9
2068 -0.588235
2069 -0.660377
2070 -0.763969
2071 -0.875
2072 -0.714286
2073 -0.714286
2074 -0.785714
2075 -0.880952
2076 -0.846153
2077 -0.793101
2078 -0.831169
2079 -0.90625
2080 -0.666667
2081 -0.691489
2082 -0.789474
2083 -0.9
2084 -0.642857
2085 -0.674418
2086 -0.765954
2087 -0.874494
2088 -0.730769
2089 -0.719512
2090 -0.785714
2091 -0.880282
2092 -0.847826
2093 -0.793968
2094 -0.830769
2095 -0.906542
2096 -0.833333
2097 -0.741379
2098 -0.803371
2099 -0.9
2100 -0.730337
2101 -0.703947
2102 -0.772091
2103 -0.870503
2104 -0.774194
2105 -0.734042
2106 -0.785714
2107 -0.873418
2108 -0.867924
2109 -0.799106
2110 -0.826989
2111 -0.898305
2112 0
2113 -0.701493
2114 -0.801587
2115 -0.908108
2116 -0.636364
2117 -0.673077
2118 -0.768293
2119 -0.875
2120 -0.75
2121 -0.723403
2122 -0.787125
2123 -0.878327
2124 -0.87931
2125 -0.803371
2126 -0.833333
2127 -0.903974
2128 -0.555556
2129 -0.666667
2130 -0.784314
2131 -0.902769
2132 -0.59375
2133 -0.656248
2134 -0.760417
2135 -0.875
2136 -0.712871
2137 -0.710843
2138 -0.783547
2139 -0.881757
2140 -0.847826
2141 -0.794117
2142 -0.833333
2143 -0.910714
2144 -0.673913
2145 -0.690265
2146 -0.788889
2147 -0.902828
2148 -0.642857
2149 -0.671052
2150 -0.763635
2151 -0.875
2152 -0.729508
2153 -0.717277
2154 -0.784614
2155 -0.881459
2156 -0.85
2157 -0.795651
2158 -0.833333
2159 -0.910811
2160 -0.830769
2161 -0.742647
2162 -0.806762
2163 -0.906471
2164 -0.730769
2165 -0.704545
2166 -0.774193
2167 -0.875
2168 -0.776224
2169 -0.736111
2170 -0.788926
2171 -0.878453
2172 -0.873626
2173 -0.804687
2174 -0.833333
2175 -0.905941
2176 -1
2177 -0.714286
2178 -0.789473
2179 -0.890909
2180 -0.678571
2181 -0.664
2182 -0.747423
2183 -0.851707
2184 -0.75
2185 -0.704819
2186 -0.76271
2187 -0.852941
2188 -0.867647
2189 -0.782608
2190 -0.809351
2191 -0.879656
2192 -0.666667
2193 -0.666667
2194 -0.766666
2195 -0.880952
2196 -0.61039
2197 -0.64
2198 -0.735426
2199 -0.84797
2200 -0.70339
2201 -0.6875
2202 -0.755638
2203 -0.852941
2204 -0.830189
2205 -0.76923
2206 -0.805824
2207 -0.882812
2208 -0.714286
2209 -0.681818
2210 -0.769231
2211 -0.880282
2212 -0.642857
2213 -0.651429
2214 -0.738095
2215 -0.848022
2216 -0.714286
2217 -0.692661
2218 -0.756756
2219 -0.852941
2220 -0.82967
2221 -0.770115
2222 -0.805882
2223 -0.883066
2224 -0.842105
2225 -0.730769
2226 -0.788136
2227 -0.886073
2228 -0.722689
2229 -0.685
2230 -0.750889
2231 -0.850827
2232 -0.759259
2233 -0.713115
2234 -0.763803
2235 -0.852941
2236 -0.853659
2237 -0.78125
2238 -0.808625
2239 -0.881065
2240 -1.25
2241 -0.732673
2242 -0.769663
2243 -0.858824
2244 -0.735294
2245 -0.650685
2246 -0.714286
2247 -0.811256
2248 -0.75
2249 -0.675393
2250 -0.722222
2251 -0.808022
2252 -0.846154
2253 -0.745763
2254 -0.765822
2255 -0.833333
2256 -0.8
2257 -0.666667
2258 -0.73913
2259 -0.84375
2260 -0.633333
2261 -0.616279
2262 -0.69685
2263 -0.80357
2264 -0.688889
2265 -0.651376
2266 -0.710963
2267 -0.804687
2268 -0.8
2269 -0.727273
2270 -0.75862
2271 -0.833333
2272 -0.772727
2273 -0.668874
2274 -0.737288
2275 -0.841121
2276 -0.642857
2277 -0.621212
2278 -0.697183
2279 -0.802702
2280 -0.689873
2281 -0.653061
2282 -0.710843
2283 -0.804295
2284 -0.794118
2285 -0.726027
2286 -0.757894
2287 -0.833333
2288 -0.862069
2289 -0.710227
2290 -0.754714
2291 -0.847457
2292 -0.708955
2293 -0.651786
2294 -0.710191
2295 -0.80693
2296 -0.729282
2297 -0.672794
2298 -0.719008
2299 -0.806167
2300 -0.815789
2301 -0.7375
2302 -0.762136
2303 -0.833333
2304 0
2305 -0.705882
2306 -0.813433
2307 -0.92
2308 -0.627907
2309 -0.681818
2310 -0.779661
2311 -0.885236
2312 -0.761905
2313 -0.736842
2314 -0.8
2315 -0.888889
2316 -0.896
2317 -0.819588
2318 -0.847904
2319 -0.915662
2320 -0.5
2321 -0.670213
2322 -0.792683
2323 -0.910256
2324 -0.590909
2325 -0.664234
2326 -0.769231
2327 -0.881713
2328 -0.722222
2329 -0.722222
2330 -0.793651
2331 -0.888889
2332 -0.86
2333 -0.807175
2334 -0.844591
2335 -0.918699
2336 -0.673913
2337 -0.7
2338 -0.798966
2339 -0.910448
2340 -0.651685
2341 -0.682927
2342 -0.774059
2343 -0.882161
2344 -0.742424
2345 -0.730769
2346 -0.795771
2347 -0.888889
2348 -0.862857
2349 -0.809524
2350 -0.844983
2351 -0.918719
2352 -0.852941
2353 -0.760274
2354 -0.821427
2355 -0.917219
2356 -0.75
2357 -0.722513
2358 -0.788889
2359 -0.885384
2360 -0.794872
2361 -0.754237
2362 -0.803796
2363 -0.888889
2364 -0.89
2365 -0.822064
2366 -0.848065
2367 -0.91649
2368 -0.727273
2369 -0.709302
2370 -0.813664
2371 -0.923729
2372 -0.642857
2373 -0.681818
2374 -0.778846
2375 -0.887324
2376 -0.762376
2377 -0.735954
2378 -0.8
2379 -0.891561
2380 -0.89726
2381 -0.821427
2382 -0.850993
2383 -0.921053
2384 -0.558824
2385 -0.672566
2386 -0.791667
2387 -0.911439
2388 -0.6
2389 -0.6625
2390 -0.766664
2391 -0.88125
2392 -0.722222
2393 -0.719806
2394 -0.791667
2395 -0.888885
2396 -0.860465
2397 -0.807086
2398 -0.845234
2399 -0.921053
2400 -0.684211
2401 -0.7
2402 -0.798206
2403 -0.911765
2404 -0.653846
2405 -0.680851
2406 -0.772057
2407 -0.882023
2408 -0.741722
2409 -0.728813
2410 -0.794392
2411 -0.88916
2412 -0.863636
2413 -0.809859
2414 -0.845943
2415 -0.921053
2416 -0.85
2417 -0.760479
2418 -0.822835
2419 -0.920821
2420 -0.75
2421 -0.722222
2422 -0.789473
2423 -0.88775
2424 -0.795455
2425 -0.754717
2426 -0.805084
2427 -0.891646
2428 -0.892857
2429 -0.82484
2430 -0.851483
2431 -0.921053
2432 -1
2433 -0.730769
2434 -0.808511
2435 -0.911765
2436 -0.695652
2437 -0.681818
2438 -0.76569
2439 -0.87037
2440 -0.771186
2441 -0.72549
2442 -0.782757
2443 -0.872334
2444 -0.892216
2445 -0.807087
2446 -0.832845
2447 -0.901867
2448 -0.681818
2449 -0.681818
2450 -0.781818
2451 -0.896104
2452 -0.62766
2453 -0.655738
2454 -0.75
2455 -0.861496
2456 -0.722222
2457 -0.705128
2458 -0.771604
2459 -0.867145
2460 -0.850515
2461 -0.789474
2462 -0.824467
2463 -0.899356
2464 -0.735294
2465 -0.7
2466 -0.785714
2467 -0.895349
2468 -0.663866
2469 -0.669811
2470 -0.754098
2471 -0.861809
2472 -0.735294
2473 -0.712121
2474 -0.773742
2475 -0.867253
2476 -0.850679
2477 -0.791139
2478 -0.824817
2479 -0.899208
2480 -0.869565
2481 -0.755319
2482 -0.809859
2483 -0.905263
2484 -0.75
2485 -0.709544
2486 -0.772189
2487 -0.868964
2488 -0.785714
2489 -0.738095
2490 -0.785714
2491 -0.871426
2492 -0.879032
2493 -0.806916
2494 -0.831838
2495 -0.900916
2496 -1.27586
2497 -0.762295
2498 -0.8
2499 -0.889608
2500 -0.768293
2501 -0.681818
2502 -0.744444
2503 -0.840659
2504 -0.785185
2505 -0.708696
2506 -0.753846
2507 -0.838094
2508 -0.882979
2509 -0.78169
2510 -0.799999
2511 -0.865544
2512 -0.833333
2513 -0.695364
2514 -0.766129
2515 -0.869564
2516 -0.666667
2517 -0.645631
2518 -0.723684
2519 -0.828358
2520 -0.722222
2521 -0.681992
2522 -0.738889
2523 -0.830064
2524 -0.833333
2525 -0.759494
2526 -0.788461
2527 -0.860463
2528 -0.810127
2529 -0.7
2530 -0.765125
2531 -0.866491
2532 -0.679105
2533 -0.652542
2534 -0.724852
2535 -0.827273
2536 -0.724868
2537 -0.684932
2538 -0.739241
2539 -0.829317
2540 -0.827869
2541 -0.758621
2542 -0.78761
2543 -0.859711
2544 -0.903846
2545 -0.746412
2546 -0.786624
2547 -0.875894
2548 -0.75
2549 -0.68797
2550 -0.741935
2551 -0.834728
2552 -0.768519
2553 -0.708978
2554 -0.751163
2555 -0.834264
2556 -0.852941
2557 -0.773684
2558 -0.795082
2559 -0.862415
2560 -1
2561 -0.686047
2562 -0.785714
2563 -0.892
2564 -0.611111
2565 -0.649635
2566 -0.745454
2567 -0.851485
2568 -0.730769
2569 -0.702128
2570 -0.764706
2571 -0.853933
2572 -0.863636
2573 -0.786611
2574 -0.814815
2575 -0.882638
2576 -0.5
2577 -0.637931
2578 -0.757426
2579 -0.875
2580 -0.555556
2581 -0.625
2582 -0.729412
2583 -0.842105
2584 -0.681818
2585 -0.681818
2586 -0.753245
2587 -0.848478
2588 -0.819672
2589 -0.768382
2590 -0.806094
2591 -0.879998
2592 -0.642857
2593 -0.664384
2594 -0.762712
2595 -0.874233
2596 -0.611111
2597 -0.643216
2598 -0.734483
2599 -0.84252
2600 -0.7
2601 -0.690476
2602 -0.755813
2603 -0.848619
2604 -0.820755
2605 -0.770492
2606 -0.806532
2607 -0.879835
2608 -0.817073
2609 -0.727273
2610 -0.788887
2611 -0.884615
2612 -0.711111
2613 -0.686957
2614 -0.753846
2615 -0.85
2616 -0.755319
2617 -0.71831
2618 -0.76842
2619 -0.852938
2620 -0.850622
2621 -0.786982
2622 -0.813793
2623 -0.881578
2624 -0.785714
2625 -0.685714
2626 -0.785714
2627 -0.89547
2628 -0.617647
2629 -0.65
2630 -0.746031
2631 -0.854651
2632 -0.729508
2633 -0.702326
2634 -0.766233
2635 -0.857855
2636 -0.863636
2637 -0.788887
2638 -0.818681
2639 -0.88864
2640 -0.536585
2641 -0.639706
2642 -0.757576
2643 -0.877301
2644 -0.5625
2645 -0.625
2646 -0.729166
2647 -0.84375
2648 -0.682119
2649 -0.681452
2650 -0.753623
2651 -0.850679
2652 -0.820388
2653 -0.769736
2654 -0.808458
2655 -0.883995
2656 -0.647059
2657 -0.664671
2658 -0.763158
2659 -0.876712
2660 -0.612903
2661 -0.642857
2662 -0.734568
2663 -0.84434
2664 -0.7
2665 -0.690391
2666 -0.756544
2667 -0.850932
2668 -0.822034
2669 -0.772189
2670 -0.809091
2671 -0.88376
2672 -0.810526
2673 -0.727273
2674 -0.790698
2675 -0.888611
2676 -0.710526
2677 -0.6875
2678 -0.755555
2679 -0.853448
2680 -0.755981
2681 -0.719745
2682 -0.770883
2683 -0.856868
2684 -0.853383
2685 -0.790322
2686 -0.817992
2687 -0.886984
2688 -1
2689 -0.709677
2690 -0.785714
2691 -0.888888
2692 -0.670732
2693 -0.655738
2694 -0.739437
2695 -0.844153
2696 -0.742857
2697 -0.698347
2698 -0.755814
2699 -0.845291
2700 -0.863636
2701 -0.780731
2702 -0.80693
2703 -0.87574
2704 -0.653846
2705 -0.653846
2706 -0.753846
2707 -0.868131
2708 -0.594595
2709 -0.625
2710 -0.719626
2711 -0.830984
2712 -0.688235
2713 -0.673913
2714 -0.740838
2715 -0.836066
2716 -0.816594
2717 -0.758929
2718 -0.794582
2719 -0.869088
2720 -0.7
2721 -0.670213
2722 -0.756757
2723 -0.866336
2724 -0.628571
2725 -0.638554
2726 -0.723464
2727 -0.830834
2728 -0.7
2729 -0.680645
2730 -0.742857
2731 -0.835849
2732 -0.815385
2733 -0.760108
2734 -0.794605
2735 -0.868464
2736 -0.833333
2737 -0.727273
2738 -0.783133
2739 -0.878378
2740 -0.715976
2741 -0.680851
2742 -0.744304
2743 -0.84055
2744 -0.752174
2745 -0.709302
2746 -0.757642
2747 -0.842657
2748 -0.845361
2749 -0.778325
2750 -0.804222
2751 -0.87264
2752 -1.26471
2753 -0.748252
2754 -0.785714
2755 -0.875346
2756 -0.75
2757 -0.665049
2758 -0.727848
2759 -0.823944
2760 -0.765823
2761 -0.69145
2762 -0.736842
2763 -0.820773
2764 -0.863636
2765 -0.76506
2766 -0.783784
2767 -0.848921
2768 -0.809524
2769 -0.676136
2770 -0.747405
2771 -0.850746
2772 -0.642857
2773 -0.625
2774 -0.70339
2775 -0.807692
2776 -0.698413
2777 -0.661184
2778 -0.718377
2779 -0.808988
2780 -0.809524
2781 -0.73913
2782 -0.768595
2783 -0.84
2784 -0.782609
2785 -0.679426
2786 -0.745399
2787 -0.846501
2788 -0.653846
2789 -0.631387
2790 -0.704082
2791 -0.805882
2792 -0.7
2793 -0.663717
2794 -0.718341
2795 -0.807625
2796 -0.802817
2797 -0.737624
2798 -0.767176
2799 -0.838509
2800 -0.876033
2801 -0.727273
2802 -0.768595
2803 -0.857438
2804 -0.725806
2805 -0.668831
2806 -0.723256
2807 -0.815217
2808 -0.74502
2809 -0.68984
2810 -0.732394
2811 -0.814516
2812 -0.829114
2813 -0.754545
2814 -0.776596
2815 -0.843023
2816 -1.5
2817 -0.653846
2818 -0.737624
2819 -0.839999
2820 -0.584615
2821 -0.597561
2822 -0.688213
2823 -0.792815
2824 -0.677419
2825 -0.642857
2826 -0.703704
2827 -0.792453
2828 -0.803279
2829 -0.725352
2830 -0.753246
2831 -0.820988
2832 -0.5
2833 -0.586957
2834 -0.7
2835 -0.815789
2836 -0.5
2837 -0.562814
2838 -0.665563
2839 -0.777776
2840 -0.615385
2841 -0.615385
2842 -0.686813
2843 -0.782051
2844 -0.75
2845 -0.700935
2846 -0.739436
2847 -0.813558
2848 -0.590909
2849 -0.604651
2850 -0.701439
2851 -0.8125
2852 -0.543307
2853 -0.576923
2854 -0.668622
2855 -0.776785
2856 -0.62766
2857 -0.621622
2858 -0.688119
2859 -0.78125
2860 -0.746988
2861 -0.701117
2862 -0.738758
2863 -0.812499
2864 -0.75
2865 -0.665049
2866 -0.727848
2867 -0.823944
2868 -0.639241
2869 -0.620818
2870 -0.689474
2871 -0.78615
2872 -0.681818
2873 -0.650602
2874 -0.702703
2875 -0.78777
2876 -0.776596
2877 -0.718987
2878 -0.748031
2879 -0.816424
2880 -0.882353
2881 -0.645161
2882 -0.735931
2883 -0.843195
2884 -0.575
2885 -0.595745
2886 -0.689189
2887 -0.797029
2888 -0.671329
2889 -0.642857
2890 -0.706371
2891 -0.797871
2892 -0.800971
2893 -0.727848
2894 -0.758216
2895 -0.828358
2896 -0.5
2897 -0.584906
2898 -0.7
2899 -0.818898
2900 -0.5
2901 -0.5625
2902 -0.666667
2903 -0.78125
2904 -0.613636
2905 -0.615917
2906 -0.689055
2907 -0.786407
2908 -0.75
2909 -0.70339
2910 -0.74359
2911 -0.819587
2912 -0.582278
2913 -0.603093
2914 -0.702265
2915 -0.816038
2916 -0.541667
2917 -0.576923
2918 -0.670213
2919 -0.780488
2920 -0.626794
2921 -0.622699
2922 -0.690745
2923 -0.785714
2924 -0.748175
2925 -0.704082
2926 -0.743137
2927 -0.818471
2928 -0.736364
2929 -0.663755
2930 -0.729885
2931 -0.828694
2932 -0.636364
2933 -0.621622
2934 -0.692308
2935 -0.791045
2936 -0.681818
2937 -0.652893
2938 -0.706612
2939 -0.793388
2940 -0.779221
2941 -0.723256
2942 -0.753623
2943 -0.823442
2944 -1
2945 -0.666667
2946 -0.738462
2947 -0.840426
2948 -0.621053
2949 -0.603774
2950 -0.68693
2951 -0.79148
2952 -0.685185
2953 -0.642857
2954 -0.701005
2955 -0.790697
2956 -0.803493
2957 -0.724138
2958 -0.751605
2959 -0.820818
2960 -0.6
2961 -0.6
2962 -0.7
2963 -0.814286
2964 -0.53125
2965 -0.566265
2966 -0.662162
2967 -0.773931
2968 -0.622449
2969 -0.613208
2970 -0.681818
2971 -0.77758
2972 -0.75
2973 -0.697674
2974 -0.735293
2975 -0.810426
2976 -0.630435
2977 -0.611111
2978 -0.7
2979 -0.810345
2980 -0.559006
2981 -0.576923
2982 -0.664234
2983 -0.772388
2984 -0.630435
2985 -0.617977
2986 -0.682573
2987 -0.776316
2988 -0.745819
2989 -0.697183
2990 -0.734177
2991 -0.808823
2992 -0.758065
2993 -0.666667
2994 -0.726316
2995 -0.822835
2996 -0.64433
2997 -0.619195
2998 -0.685841
2999 -0.783133
3000 -0.681818
3001 -0.647208
3002 -0.698473
3003 -0.784404
3004 -0.775449
3005 -0.716129
3006 -0.744966
3007 -0.814305
3008 -1.23077
3009 -0.707317
3010 -0.743945
3011 -0.833333
3012 -0.7
3013 -0.618644
3014 -0.68232
3015 -0.778689
3016 -0.712707
3017 -0.642857
3018 -0.689655
3019 -0.774021
3020 -0.809524
3021 -0.715789
3022 -0.73622
3023 -0.801887
3024 -0.75
3025 -0.626866
3026 -0.7
3027 -0.803922
3028 -0.583333
3029 -0.572993
3030 -0.653465
3031 -0.758427
3032 -0.638889
3033 -0.608069
3034 -0.667364
3035 -0.758621
3036 -0.75
3037 -0.685714
3038 -0.717391
3039 -0.789474
3040 -0.714286
3041 -0.62605
3042 -0.695418
3043 -0.797619
3044 -0.589888
3045 -0.576923
3046 -0.652466
3047 -0.755172
3048 -0.63745
3049 -0.608808
3050 -0.666027
3051 -0.756098
3052 -0.740741
3053 -0.682609
3054 -0.714765
3055 -0.786885
3056 -0.804348
3057 -0.672727
3058 -0.718447
3059 -0.808743
3060 -0.660377
3061 -0.614286
3062 -0.672131
3063 -0.765176
3064 -0.681818
3065 -0.635294
3066 -0.680851
3067 -0.763869
3068 -0.766667
3069 -0.7
3070 -0.725
3071 -0.792308
3072 0
3073 -0.6
3074 -0.7
3075 -0.8
3076 -0.5
3077 -0.564516
3078 -0.659999
3079 -0.76087
3080 -0.625
3081 -0.612717
3082 -0.676
3083 -0.761465
3084 -0.75
3085 -0.689189
3086 -0.719998
3087 -0.785714
3088 -0.333333
3089 -0.54717
3090 -0.67027
3091 -0.784091
3092 -0.447368
3093 -0.538462
3094 -0.644067
3095 -0.753165
3096 -0.576
3097 -0.592233
3098 -0.665505
3099 -0.75815
3100 -0.706897
3101 -0.671875
3102 -0.713016
3103 -0.785714
3104 -0.5
3105 -0.569343
3106 -0.672727
3107 -0.782178
3108 -0.5
3109 -0.553191
3110 -0.647058
3111 -0.752806
3112 -0.590909
3113 -0.598326
3114 -0.666667
3115 -0.757945
3116 -0.705882
3117 -0.672414
3118 -0.712765
3119 -0.785714
3120 -0.666667
3121 -0.625
3122 -0.694118
3123 -0.789474
3124 -0.590909
3125 -0.590909
3126 -0.662337
3127 -0.757574
3128 -0.639344
3129 -0.621321
3130 -0.6759
3131 -0.759999
3132 -0.730769
3133 -0.685185
3134 -0.717391
3135 -0.785714
3136 -0.5
3137 -0.59375
3138 -0.7
3139 -0.806818
3140 -0.5
3141 -0.563758
3142 -0.662393
3143 -0.768025
3144 -0.62069
3145 -0.613861
3146 -0.680555
3147 -0.770049
3148 -0.75
3149 -0.694118
3150 -0.72807
3151 -0.797201
3152 -0.375
3153 -0.546875
3154 -0.671296
3155 -0.789474
3156 -0.451613
3157 -0.538462
3158 -0.645756
3159 -0.758333
3160 -0.575342
3161 -0.59322
3162 -0.668711
3163 -0.76442
3164 -0.708543
3165 -0.675862
3166 -0.71916
3167 -0.79449
3168 -0.5
3169 -0.56875
3170 -0.674603
3171 -0.787791
3172 -0.5
3173 -0.553488
3174 -0.649351
3175 -0.758104
3176 -0.590909
3177 -0.6
3178 -0.670329
3179 -0.76419
3180 -0.708696
3181 -0.676923
3182 -0.719047
3183 -0.794174
3184 -0.65625
3185 -0.625
3186 -0.697917
3187 -0.796875
3188 -0.589404
3189 -0.592742
3190 -0.666667
3191 -0.764705
3192 -0.640777
3193 -0.625
3194 -0.681592
3195 -0.767999
3196 -0.735632
3197 -0.691667
3198 -0.72549
3199 -0.795698
3200 -0.75
3201 -0.615385
3202 -0.7
3203 -0.801978
3204 -0.55
3205 -0.568965
3206 -0.656716
3207 -0.759668
3208 -0.632353
3209 -0.61039
3210 -0.671779
3211 -0.760094
3212 -0.75
3213 -0.6875
3214 -0.71875
3215 -0.787498
3216 -0.490566
3217 -0.56
3218 -0.668016
3219 -0.781975
3220 -0.481818
3221 -0.538462
3222 -0.637255
3223 -0.747525
3224 -0.580838
3225 -0.586466
3226 -0.657534
3227 -0.752154
3228 -0.705357
3229 -0.666667
3230 -0.707547
3231 -0.782441
3232 -0.548781
3233 -0.57377
3234 -0.669014
3235 -0.77922
3236 -0.514286
3237 -0.549587
3238 -0.639535
3239 -0.746637
3240 -0.590909
3241 -0.591362
3242 -0.658416
3243 -0.751479
3244 -0.703125
3245 -0.666667
3246 -0.706896
3247 -0.781689
3248 -0.675676
3249 -0.625
3250 -0.691589
3251 -0.788732
3252 -0.594118
3253 -0.586957
3254 -0.657068
3255 -0.754098
3256 -0.637555
3257 -0.616071
3258 -0.670429
3259 -0.756363
3260 -0.729167
3261 -0.681818
3262 -0.714286
3263 -0.784313
3264 -1
3265 -0.652174
3266 -0.7
3267 -0.789474
3268 -0.625
3269 -0.577889
3270 -0.645695
3271 -0.74074
3272 -0.653846
3273 -0.603846
3274 -0.653846
3275 -0.737179
3276 -0.75
3277 -0.672897
3278 -0.697183
3279 -0.762711
3280 -0.636364
3281 -0.581395
3282 -0.66187
3283 -0.765625
3284 -0.527559
3285 -0.538462
3286 -0.621701
3287 -0.725446
3288 -0.590426
3289 -0.574324
3290 -0.636136
3291 -0.726562
3292 -0.698795
3293 -0.648045
3294 -0.683084
3295 -0.755208
3296 -0.625
3297 -0.582524
3298 -0.658228
3299 -0.760563
3300 -0.537975
3301 -0.542751
3302 -0.621053
3303 -0.723014
3304 -0.590909
3305 -0.575301
3306 -0.635134
3307 -0.72482
3308 -0.691489
3309 -0.64557
3310 -0.681102
3311 -0.753623
3312 -0.714286
3313 -0.625
3314 -0.677966
3315 -0.769231
3316 -0.603175
3317 -0.575658
3318 -0.637232
3319 -0.730337
3320 -0.630952
3321 -0.597826
3322 -0.646693
3323 -0.73
3324 -0.714286
3325 -0.659722
3326 -0.688525
3327 -0.756757
3328 -4.57745e-13
3329 -0.606383
3330 -0.718919
3331 -0.826087
3332 -0.5
3333 -0.578947
3334 -0.680327
3335 -0.785714
3336 -0.641026
3337 -0.633333
3338 -0.699669
3339 -0.787879
3340 -0.775862
3341 -0.716416
3342 -0.748619
3343 -0.815784
3344 -0.323529
3345 -0.55814
3346 -0.6875
3347 -0.805643
3348 -0.456522
3349 -0.553191
3350 -0.661972
3351 -0.773684
3352 -0.593333
3353 -0.611336
3354 -0.686046
3355 -0.780045
3356 -0.730769
3357 -0.696077
3358 -0.737624
3359 -0.810753
3360 -0.507692
3361 -0.585366
3362 -0.692015
3363 -0.803867
3364 -0.516129
3365 -0.571429
3366 -0.666667
3367 -0.773585
3368 -0.612022
3369 -0.619718
3370 -0.688311
3371 -0.779835
3372 -0.731405
3373 -0.697674
3374 -0.737668
3375 -0.810216
3376 -0.6875
3377 -0.648241
3378 -0.718543
3379 -0.814813
3380 -0.615385
3381 -0.615385
3382 -0.686813
3383 -0.782051
3384 -0.666667
3385 -0.647975
3386 -0.701878
3387 -0.785309
3388 -0.76087
3389 -0.714659
3390 -0.745902
3391 -0.813129
3392 -0.4375
3393 -0.603448
3394 -0.717593
3395 -0.829114
3396 -0.506494
3397 -0.578652
3398 -0.681004
3399 -0.789474
3400 -0.637681
3401 -0.633333
3402 -0.701754
3403 -0.792793
3404 -0.773869
3405 -0.718543
3406 -0.753085
3407 -0.822835
3408 -0.375
3409 -0.559211
3410 -0.6875
3411 -0.808332
3412 -0.463636
3413 -0.553488
3414 -0.6625
3415 -0.776471
3416 -0.593023
3417 -0.611511
3418 -0.6875
3419 -0.783673
3420 -0.730769
3421 -0.697947
3422 -0.741071
3423 -0.816216
3424 -0.5125
3425 -0.585106
3426 -0.692568
3427 -0.80693
3428 -0.517483
3429 -0.571429
3430 -0.66759
3431 -0.776594
3432 -0.61165
3433 -0.620253
3434 -0.690141
3435 -0.783582
3436 -0.732342
3437 -0.7
3438 -0.741344
3439 -0.815612
3440 -0.678571
3441 -0.647321
3442 -0.720238
3443 -0.819196
3444 -0.613636
3445 -0.615917
3446 -0.689055
3447 -0.786407
3448 -0.666667
3449 -0.649718
3450 -0.705128
3451 -0.790378
3452 -0.763158
3453 -0.718377
3454 -0.750936
3455 -0.819721
3456 -0.724138
3457 -0.630435
3458 -0.720648
3459 -0.825843
3460 -0.56383
3461 -0.588235
3462 -0.678344
3463 -0.783018
3464 -0.654088
3465 -0.633333
3466 -0.695538
3467 -0.784551
3468 -0.776786
3469 -0.714286
3470 -0.745536
3471 -0.814286
3472 -0.5
3473 -0.577143
3474 -0.6875
3475 -0.802993
3476 -0.5
3477 -0.557851
3478 -0.657303
3479 -0.768085
3480 -0.603093
3481 -0.608414
3482 -0.679245
3483 -0.773654
3484 -0.730769
3485 -0.691489
3486 -0.731707
3487 -0.805921
3488 -0.568421
3489 -0.59434
3490 -0.68997
3491 -0.800448
3492 -0.537037
3493 -0.571429
3494 -0.660804
3495 -0.767442
3496 -0.615721
3497 -0.614943
3498 -0.680942
3499 -0.773037
3500 -0.72973
3501 -0.692308
3502 -0.731343
3503 -0.804878
3504 -0.703125
3505 -0.650602
3506 -0.716216
3507 -0.812627
3508 -0.622449
3509 -0.613208
3510 -0.681818
3511 -0.77758
3512 -0.666667
3513 -0.643411
3514 -0.696076
3515 -0.78041
3516 -0.759036
3517 -0.710526
3518 -0.741379
3519 -0.809659
3520 -1
3521 -0.675
3522 -0.726619
3523 -0.818182
3524 -0.648649
3525 -0.604348
3526 -0.673352
3527 -0.769231
3528 -0.683333
3529 -0.633333
3530 -0.683333
3531 -0.766666
3532 -0.783133
3533 -0.705405
3534 -0.729123
3535 -0.794117
3536 -0.657895
3537 -0.606061
3538 -0.6875
3539 -0.791855
3540 -0.554795
3541 -0.565056
3542 -0.647959
3543 -0.751456
3544 -0.62037
3545 -0.602941
3546 -0.663793
3547 -0.753401
3548 -0.730769
3549 -0.678832
3550 -0.712686
3551 -0.783661
3552 -0.654545
3553 -0.610169
3554 -0.685083
3555 -0.786885
3556 -0.569061
3557 -0.571429
3558 -0.648276
3559 -0.74911
3560 -0.623016
3561 -0.605263
3562 -0.663386
3563 -0.751572
3564 -0.724458
3565 -0.676991
3566 -0.710843
3567 -0.78169
3568 -0.75
3569 -0.656934
3570 -0.707921
3571 -0.797753
3572 -0.638889
3573 -0.608069
3574 -0.667364
3575 -0.758621
3576 -0.666667
3577 -0.630952
3578 -0.677536
3579 -0.758772
3580 -0.75
3581 -0.693712
3582 -0.720447
3583 -0.786561
3584 -0.5
3585 -0.60177
3586 -0.709091
3587 -0.816514
3588 -0.5
3589 -0.566667
3590 -0.666667
3591 -0.772725
3592 -0.630435
3593 -0.619433
3594 -0.685393
3595 -0.774194
3596 -0.764706
3597 -0.703822
3598 -0.735849
3599 -0.803371
3600 -0.341463
3601 -0.546053
3602 -0.673004
3603 -0.791444
3604 -0.444444
3605 -0.536364
3606 -0.644578
3607 -0.756756
3608 -0.577143
3609 -0.59375
3610 -0.668329
3611 -0.762646
3612 -0.714876
3613 -0.679775
3614 -0.721277
3615 -0.794521
3616 -0.5
3617 -0.570681
3618 -0.676471
3619 -0.788599
3620 -0.5
3621 -0.553846
3622 -0.648936
3623 -0.756097
3624 -0.59434
3625 -0.601824
3626 -0.670402
3627 -0.761988
3628 -0.714286
3629 -0.680905
3630 -0.72093
3631 -0.793375
3632 -0.675676
3633 -0.634783
3634 -0.704871
3635 -0.801282
3636 -0.6
3637 -0.6
3638 -0.671429
3639 -0.766666
3640 -0.650602
3641 -0.632432
3642 -0.686354
3643 -0.769607
3644 -0.745283
3645 -0.7
3646 -0.731317
3647 -0.798245
3648 -0.5
3649 -0.595588
3650 -0.706349
3651 -0.817935
3652 -0.5
3653 -0.565217
3654 -0.666667
3655 -0.77551
3656 -0.625
3657 -0.618705
3658 -0.686869
3659 -0.778209
3660 -0.76087
3661 -0.704871
3662 -0.739316
3663 -0.809199
3664 -0.375
3665 -0.545455
3666 -0.672297
3667 -0.793268
3668 -0.448819
3669 -0.53629
3670 -0.644986
3671 -0.759184
3672 -0.575758
3673 -0.59375
3674 -0.669683
3675 -0.765956
3676 -0.713755
3677 -0.681122
3678 -0.724272
3679 -0.799373
3680 -0.5
3681 -0.569444
3682 -0.676471
3683 -0.790948
3684 -0.5
3685 -0.553633
3686 -0.649758
3687 -0.758813
3688 -0.59322
3689 -0.60221
3690 -0.672131
3691 -0.765472
3692 -0.714286
3693 -0.682759
3694 -0.724199
3695 -0.798258
3696 -0.664062
3697 -0.632812
3698 -0.705729
3699 -0.804687
3700 -0.597015
3701 -0.6
3702 -0.673203
3703 -0.770408
3704 -0.649635
3705 -0.633663
3706 -0.689139
3707 -0.774096
3708 -0.746398
3709 -0.702929
3710 -0.735632
3711 -0.804054
3712 -0.735294
3713 -0.622642
3714 -0.711268
3715 -0.816626
3716 -0.555556
3717 -0.576923
3718 -0.666667
3719 -0.771604
3720 -0.642857
3721 -0.621359
3722 -0.683486
3723 -0.772646
3724 -0.765625
3725 -0.703125
3726 -0.734375
3727 -0.803124
3728 -0.492958
3729 -0.565
3730 -0.674772
3731 -0.790393
3732 -0.486301
3733 -0.543478
3734 -0.642857
3735 -0.753731
3736 -0.588235
3737 -0.59375
3738 -0.664596
3739 -0.758958
3740 -0.716216
3741 -0.67757
3742 -0.717857
3743 -0.791907
3744 -0.555556
3745 -0.580913
3746 -0.676471
3747 -0.786982
3748 -0.521739
3749 -0.556604
3750 -0.646018
3751 -0.752559
3752 -0.6
3753 -0.6
3754 -0.666038
3755 -0.757895
3756 -0.714286
3757 -0.677966
3758 -0.717105
3759 -0.790322
3760 -0.689655
3761 -0.638298
3762 -0.704057
3763 -0.80036
3764 -0.608108
3765 -0.6
3766 -0.668675
3767 -0.764151
3768 -0.652174
3769 -0.630137
3770 -0.682842
3771 -0.76676
3772 -0.744681
3773 -0.697674
3774 -0.728659
3775 -0.796482
3776 -1
3777 -0.67033
3778 -0.721519
3779 -0.813333
3780 -0.642857
3781 -0.597701
3782 -0.666667
3783 -0.762712
3784 -0.676471
3785 -0.626471
3786 -0.676471
3787 -0.759804
3788 -0.776596
3789 -0.699284
3790 -0.723022
3791 -0.787879
3792 -0.651163
3793 -0.598214
3794 -0.679558
3795 -0.784
3796 -0.545455
3797 -0.555921
3798 -0.638826
3799 -0.742268
3800 -0.610656
3801 -0.59375
3802 -0.65458
3803 -0.743976
3804 -0.721362
3805 -0.670259
3806 -0.704132
3807 -0.774799
3808 -0.645161
3809 -0.601504
3810 -0.676471
3811 -0.778182
3812 -0.558824
3813 -0.56196
3814 -0.638776
3815 -0.739336
3816 -0.612676
3817 -0.595794
3818 -0.653846
3819 -0.74162
3820 -0.714286
3821 -0.667976
3822 -0.701835
3823 -0.772215
3824 -0.740741
3825 -0.649351
3826 -0.700441
3827 -0.79
3828 -0.62963
3829 -0.6
3830 -0.659218
3831 -0.75
3832 -0.657407
3833 -0.622881
3834 -0.669355
3835 -0.75
3836 -0.740741
3837 -0.685921
3838 -0.71266
3839 -0.778169
3840 -1
3841 -0.590909
3842 -0.682353
3843 -0.785714
3844 -0.5
3845 -0.538462
3846 -0.63253
3847 -0.736842
3848 -0.603774
3849 -0.584507
3850 -0.647922
3851 -0.735955
3852 -0.730769
3853 -0.666667
3854 -0.697531
3855 -0.764705
3856 -0.375
3857 -0.52
3858 -0.639073
3859 -0.755245
3860 -0.419355
3861 -0.5
3862 -0.605263
3863 -0.716534
3864 -0.54
3865 -0.553191
3866 -0.626638
3867 -0.720613
3868 -0.673913
3869 -0.637931
3870 -0.679105
3871 -0.752252
3872 -0.482759
3873 -0.536697
3874 -0.638968
3875 -0.75
3876 -0.463415
3877 -0.513514
3878 -0.607477
3879 -0.714285
3880 -0.551867
3881 -0.558824
3882 -0.627219
3883 -0.71875
3884 -0.669811
3885 -0.637168
3886 -0.677474
3887 -0.75
3888 -0.642857
3889 -0.597701
3890 -0.666667
3891 -0.762712
3892 -0.558824
3893 -0.558824
3894 -0.630252
3895 -0.72549
3896 -0.606383
3897 -0.589499
3898 -0.643885
3899 -0.727273
3900 -0.7
3901 -0.656627
3902 -0.688679
3903 -0.755814
3904 -0.625
3905 -0.576923
3906 -0.677083
3907 -0.785714
3908 -0.485437
3909 -0.533898
3910 -0.631436
3911 -0.739044
3912 -0.593407
3913 -0.582278
3914 -0.648889
3915 -0.739726
3916 -0.724138
3917 -0.666667
3918 -0.700565
3919 -0.77027
3920 -0.375
3921 -0.515
3922 -0.636905
3923 -0.756356
3924 -0.416667
3925 -0.498221
3926 -0.605263
3927 -0.718919
3928 -0.535714
3929 -0.552486
3930 -0.628
3931 -0.724138
3932 -0.671053
3933 -0.638826
3934 -0.682131
3935 -0.757281
3936 -0.471154
3937 -0.532787
3938 -0.638021
3939 -0.751908
3940 -0.459459
3941 -0.51227
3942 -0.608137
3943 -0.717105
3944 -0.548872
3945 -0.558824
3946 -0.629091
3947 -0.722543
3948 -0.668588
3949 -0.638776
3950 -0.680885
3951 -0.755154
3952 -0.625
3953 -0.59375
3954 -0.666667
3955 -0.765625
3956 -0.553097
3957 -0.557952
3958 -0.631783
3959 -0.729198
3960 -0.603896
3961 -0.590308
3962 -0.646667
3963 -0.731903
3964 -0.7
3965 -0.659218
3966 -0.692982
3967 -0.761733
3968 -0.769231
3969 -0.6
3970 -0.682243
3971 -0.785714
3972 -0.532787
3973 -0.545455
3974 -0.633005
3975 -0.737226
3976 -0.609756
3977 -0.586207
3978 -0.647658
3979 -0.736593
3980 -0.729167
3981 -0.666667
3982 -0.697917
3983 -0.766667
3984 -0.475
3985 -0.533333
3986 -0.640541
3987 -0.75534
3988 -0.451219
3989 -0.506452
3990 -0.605263
3991 -0.715947
3992 -0.548387
3993 -0.55443
3994 -0.625461
3995 -0.719884
3996 -0.674699
3997 -0.6375
3998 -0.678344
3999 -0.752577
4000 -0.520661
4001 -0.544444
4002 -0.639618
4003 -0.75
4004 -0.480583
4005 -0.516854
4006 -0.606719
4007 -0.713415
4008 -0.556701
4009 -0.558824
4010 -0.625632
4011 -0.717742
4012 -0.670213
4013 -0.636364
4014 -0.676471
4015 -0.75
4016 -0.648148
4017 -0.6
4018 -0.666667
4019 -0.763285
4020 -0.564516
4021 -0.559702
4022 -0.629496
4023 -0.725352
4024 -0.607784
4025 -0.588957
4026 -0.642857
4027 -0.727159
4028 -0.7
4029 -0.65625
4030 -0.688525
4031 -0.756757
4032 -1
4033 -0.647059
4034 -0.694915
4035 -0.785714
4036 -0.617021
4037 -0.568493
4038 -0.636569
4039 -0.732323
4040 -0.644737
4041 -0.594737
4042 -0.644737
4043 -0.72807
4044 -0.742857
4045 -0.666667
4046 -0.690821
4047 -0.755812
4048 -0.625
4049 -0.568
4050 -0.648515
4051 -0.752688
4052 -0.51087
4053 -0.522124
4054 -0.605263
4055 -0.708783
4056 -0.573529
4057 -0.558411
4058 -0.619863
4059 -0.709459
4060 -0.683333
4061 -0.634429
4062 -0.669139
4063 -0.740071
4064 -0.608696
4065 -0.567568
4066 -0.643172
4067 -0.745098
4068 -0.519824
4069 -0.525907
4070 -0.60367
4071 -0.704545
4072 -0.572785
4073 -0.558824
4074 -0.617925
4075 -0.70603
4076 -0.674074
4077 -0.630742
4078 -0.66575
4079 -0.736486
4080 -0.7
4081 -0.614035
4082 -0.666667
4083 -0.756757
4084 -0.588889
4085 -0.56351
4086 -0.624161
4087 -0.715415
4088 -0.616667
4089 -0.585878
4090 -0.633721
4091 -0.714789
4092 -0.7
4093 -0.64878
4094 -0.676923
4095 -0.742856
