#CSC Slope LUT
#Structure is comparator code (iCC) -> Stub slope
#iCC bits: 12
#<header> v1.0 12 32 </header>
0 16
1 16
2 16
3 16
4 16
5 16
6 16
7 3
8 16
9 16
10 9
11 6
12 16
13 16
14 12
15 9
16 16
17 16
18 16
19 6
20 16
21 16
22 7
23 6
24 16
25 9
26 8
27 6
28 3
29 9
30 8
31 7
32 16
33 16
34 9
35 8
36 16
37 11
38 9
39 7
40 9
41 10
42 9
43 7
44 6
45 10
46 9
47 8
48 16
49 12
50 11
51 9
52 16
53 13
54 11
55 9
56 12
57 12
58 11
59 9
60 9
61 12
62 11
63 9
64 16
65 16
66 16
67 9
68 16
69 16
70 10
71 9
72 16
73 11
74 10
75 9
76 9
77 11
78 10
79 9
80 16
81 16
82 10
83 8
84 16
85 11
86 10
87 8
88 10
89 11
90 10
91 8
92 8
93 10
94 9
95 8
96 16
97 11
98 10
99 8
100 12
101 11
102 10
103 9
104 10
105 11
106 10
107 9
108 8
109 10
110 10
111 8
112 9
113 12
114 10
115 9
116 12
117 12
118 11
119 9
120 11
121 12
122 11
123 9
124 9
125 11
126 10
127 9
128 16
129 16
130 11
131 10
132 16
133 13
134 11
135 10
136 12
137 12
138 11
139 10
140 11
141 12
142 11
143 10
144 16
145 12
146 11
147 10
148 14
149 12
150 11
151 10
152 12
153 12
154 11
155 10
156 10
157 11
158 11
159 10
160 16
161 12
162 11
163 10
164 14
165 13
166 11
167 10
168 12
169 12
170 11
171 10
172 10
173 11
174 11
175 10
176 12
177 12
178 11
179 10
180 14
181 13
182 11
183 10
184 12
185 12
186 11
187 10
188 11
189 12
190 11
191 10
192 16
193 13
194 12
195 11
196 16
197 14
198 13
199 12
200 14
201 14
202 13
203 12
204 12
205 13
206 12
207 11
208 22
209 14
210 12
211 11
212 16
213 14
214 12
215 11
216 14
217 13
218 12
219 11
220 12
221 13
222 12
223 11
224 19
225 14
226 12
227 11
228 16
229 14
230 12
231 11
232 14
233 13
234 12
235 11
236 12
237 13
238 12
239 11
240 16
241 14
242 12
243 11
244 16
245 14
246 13
247 11
248 14
249 14
250 12
251 11
252 12
253 13
254 12
255 11
256 16
257 16
258 16
259 9
260 16
261 16
262 10
263 9
264 16
265 11
266 10
267 9
268 9
269 10
270 10
271 9
272 16
273 16
274 10
275 9
276 16
277 11
278 10
279 9
280 10
281 10
282 10
283 9
284 9
285 10
286 9
287 9
288 16
289 11
290 10
291 9
292 11
293 11
294 10
295 9
296 10
297 10
298 10
299 9
300 9
301 10
302 10
303 9
304 9
305 11
306 10
307 9
308 11
309 11
310 10
311 9
312 10
313 11
314 10
315 9
316 9
317 10
318 10
319 9
320 16
321 16
322 10
323 9
324 16
325 11
326 10
327 9
328 10
329 11
330 10
331 9
332 9
333 10
334 10
335 9
336 16
337 11
338 10
339 9
340 12
341 11
342 10
343 9
344 10
345 11
346 10
347 9
348 9
349 10
350 10
351 9
352 11
353 11
354 10
355 9
356 11
357 11
358 10
359 9
360 10
361 11
362 10
363 9
364 9
365 10
366 10
367 9
368 9
369 11
370 10
371 9
372 11
373 11
374 10
375 9
376 10
377 11
378 10
379 9
380 9
381 10
382 10
383 9
384 16
385 11
386 10
387 10
388 12
389 12
390 11
391 10
392 11
393 11
394 11
395 10
396 10
397 11
398 10
399 10
400 12
401 11
402 10
403 9
404 12
405 12
406 11
407 10
408 11
409 11
410 11
411 10
412 10
413 11
414 10
415 9
416 11
417 11
418 10
419 9
420 12
421 12
422 11
423 10
424 11
425 11
426 11
427 10
428 10
429 11
430 10
431 9
432 10
433 11
434 10
435 10
436 11
437 12
438 11
439 10
440 11
441 11
442 11
443 10
444 10
445 11
446 10
447 10
448 3
449 12
450 11
451 10
452 12
453 12
454 12
455 11
456 12
457 12
458 11
459 11
460 11
461 11
462 11
463 10
464 12
465 12
466 11
467 10
468 13
469 12
470 12
471 10
472 12
473 12
474 11
475 10
476 11
477 11
478 11
479 10
480 12
481 12
482 11
483 10
484 13
485 12
486 12
487 10
488 12
489 12
490 11
491 10
492 11
493 11
494 11
495 10
496 11
497 12
498 11
499 10
500 12
501 12
502 12
503 11
504 12
505 12
506 11
507 11
508 11
509 11
510 11
511 10
512 16
513 16
514 11
515 10
516 16
517 12
518 11
519 10
520 11
521 11
522 11
523 10
524 10
525 11
526 11
527 10
528 16
529 12
530 11
531 10
532 13
533 12
534 11
535 10
536 11
537 11
538 11
539 10
540 10
541 11
542 10
543 10
544 12
545 12
546 11
547 10
548 12
549 12
550 11
551 10
552 11
553 11
554 11
555 10
556 10
557 11
558 10
559 10
560 11
561 11
562 11
563 10
564 12
565 12
566 11
567 10
568 11
569 11
570 11
571 10
572 10
573 11
574 11
575 10
576 16
577 11
578 11
579 10
580 12
581 12
582 11
583 10
584 11
585 11
586 11
587 10
588 10
589 11
590 10
591 10
592 14
593 12
594 11
595 10
596 13
597 12
598 11
599 10
600 11
601 11
602 11
603 10
604 10
605 11
606 10
607 10
608 12
609 12
610 11
611 10
612 12
613 12
614 11
615 10
616 11
617 11
618 11
619 10
620 10
621 11
622 10
623 10
624 11
625 11
626 11
627 10
628 12
629 12
630 11
631 10
632 11
633 11
634 11
635 10
636 10
637 11
638 10
639 10
640 9
641 12
642 11
643 10
644 12
645 12
646 11
647 10
648 11
649 12
650 11
651 10
652 10
653 11
654 11
655 10
656 13
657 12
658 11
659 10
660 13
661 12
662 11
663 10
664 12
665 12
666 11
667 10
668 11
669 11
670 11
671 10
672 12
673 12
674 11
675 10
676 13
677 12
678 11
679 10
680 12
681 12
682 11
683 10
684 11
685 11
686 11
687 10
688 11
689 12
690 11
691 10
692 12
693 12
694 11
695 10
696 11
697 12
698 11
699 10
700 10
701 11
702 11
703 10
704 6
705 12
706 11
707 10
708 12
709 12
710 12
711 11
712 12
713 12
714 11
715 11
716 11
717 11
718 11
719 11
720 12
721 12
722 11
723 10
724 13
725 13
726 12
727 11
728 12
729 12
730 12
731 11
732 11
733 12
734 11
735 10
736 12
737 12
738 11
739 10
740 13
741 13
742 12
743 11
744 12
745 12
746 12
747 11
748 11
749 12
750 11
751 10
752 11
753 12
754 11
755 10
756 12
757 12
758 12
759 11
760 12
761 12
762 11
763 11
764 11
765 11
766 11
767 10
768 16
769 12
770 12
771 11
772 13
773 13
774 12
775 11
776 12
777 12
778 12
779 11
780 11
781 12
782 11
783 11
784 16
785 13
786 12
787 11
788 14
789 13
790 12
791 11
792 13
793 12
794 12
795 11
796 12
797 12
798 11
799 11
800 14
801 13
802 12
803 11
804 14
805 13
806 12
807 11
808 13
809 12
810 12
811 11
812 12
813 12
814 11
815 11
816 12
817 12
818 12
819 11
820 13
821 13
822 12
823 11
824 12
825 12
826 12
827 11
828 11
829 12
830 11
831 11
832 16
833 12
834 11
835 11
836 13
837 13
838 12
839 11
840 12
841 12
842 12
843 11
844 11
845 12
846 11
847 11
848 16
849 13
850 12
851 11
852 14
853 13
854 12
855 11
856 13
857 12
858 12
859 11
860 11
861 12
862 11
863 11
864 14
865 13
866 12
867 11
868 14
869 13
870 12
871 11
872 13
873 12
874 12
875 11
876 11
877 12
878 11
879 11
880 12
881 12
882 11
883 11
884 13
885 12
886 12
887 11
888 12
889 12
890 12
891 11
892 11
893 12
894 11
895 11
896 12
897 12
898 11
899 11
900 13
901 13
902 12
903 11
904 12
905 12
906 12
907 11
908 11
909 12
910 11
911 11
912 15
913 13
914 12
915 11
916 14
917 13
918 12
919 11
920 13
921 12
922 12
923 11
924 12
925 12
926 11
927 11
928 14
929 13
930 12
931 11
932 14
933 13
934 12
935 11
936 13
937 12
938 12
939 11
940 12
941 12
942 11
943 11
944 12
945 12
946 12
947 11
948 13
949 13
950 12
951 11
952 12
953 12
954 12
955 11
956 11
957 12
958 11
959 11
960 9
961 12
962 12
963 11
964 13
965 13
966 12
967 11
968 12
969 13
970 12
971 11
972 11
973 12
974 12
975 11
976 14
977 13
978 12
979 11
980 14
981 13
982 12
983 11
984 13
985 13
986 12
987 11
988 12
989 12
990 12
991 11
992 14
993 13
994 12
995 11
996 14
997 13
998 12
999 11
1000 13
1001 13
1002 12
1003 11
1004 12
1005 12
1006 12
1007 11
1008 12
1009 13
1010 12
1011 11
1012 13
1013 13
1014 12
1015 11
1016 13
1017 13
1018 12
1019 11
1020 12
1021 12
1022 12
1023 11
1024 16
1025 16
1026 16
1027 9
1028 16
1029 16
1030 10
1031 9
1032 16
1033 10
1034 10
1035 9
1036 9
1037 10
1038 10
1039 9
1040 16
1041 16
1042 10
1043 9
1044 16
1045 10
1046 10
1047 9
1048 10
1049 10
1050 10
1051 9
1052 9
1053 10
1054 9
1055 9
1056 16
1057 10
1058 10
1059 9
1060 11
1061 10
1062 10
1063 9
1064 10
1065 10
1066 10
1067 9
1068 9
1069 10
1070 9
1071 9
1072 9
1073 10
1074 10
1075 9
1076 10
1077 10
1078 10
1079 9
1080 10
1081 10
1082 10
1083 9
1084 9
1085 10
1086 10
1087 9
1088 16
1089 16
1090 10
1091 9
1092 16
1093 11
1094 10
1095 9
1096 10
1097 10
1098 10
1099 9
1100 9
1101 10
1102 10
1103 9
1104 16
1105 11
1106 10
1107 9
1108 11
1109 11
1110 10
1111 9
1112 10
1113 10
1114 10
1115 9
1116 9
1117 10
1118 10
1119 9
1120 10
1121 10
1122 10
1123 9
1124 11
1125 11
1126 10
1127 9
1128 10
1129 10
1130 10
1131 9
1132 9
1133 10
1134 10
1135 9
1136 9
1137 10
1138 10
1139 9
1140 10
1141 11
1142 10
1143 9
1144 10
1145 10
1146 10
1147 9
1148 9
1149 10
1150 10
1151 9
1152 16
1153 11
1154 10
1155 9
1156 11
1157 11
1158 10
1159 10
1160 10
1161 11
1162 10
1163 10
1164 9
1165 10
1166 10
1167 9
1168 10
1169 11
1170 10
1171 9
1172 11
1173 11
1174 10
1175 10
1176 10
1177 11
1178 10
1179 10
1180 10
1181 10
1182 10
1183 9
1184 10
1185 11
1186 10
1187 9
1188 11
1189 11
1190 10
1191 10
1192 10
1193 11
1194 10
1195 10
1196 10
1197 10
1198 10
1199 9
1200 9
1201 11
1202 10
1203 9
1204 10
1205 11
1206 10
1207 10
1208 10
1209 11
1210 10
1211 10
1212 9
1213 10
1214 10
1215 9
1216 6
1217 11
1218 11
1219 10
1220 11
1221 11
1222 11
1223 10
1224 11
1225 11
1226 11
1227 10
1228 10
1229 11
1230 11
1231 10
1232 10
1233 11
1234 11
1235 10
1236 11
1237 12
1238 11
1239 10
1240 11
1241 11
1242 11
1243 10
1244 10
1245 11
1246 11
1247 10
1248 10
1249 11
1250 11
1251 10
1252 11
1253 12
1254 11
1255 10
1256 11
1257 11
1258 11
1259 10
1260 10
1261 11
1262 11
1263 10
1264 10
1265 11
1266 11
1267 10
1268 11
1269 11
1270 11
1271 10
1272 11
1273 11
1274 11
1275 10
1276 10
1277 11
1278 11
1279 10
1280 16
1281 16
1282 10
1283 9
1284 16
1285 11
1286 10
1287 9
1288 10
1289 10
1290 10
1291 9
1292 9
1293 10
1294 10
1295 9
1296 16
1297 11
1298 10
1299 9
1300 11
1301 11
1302 10
1303 9
1304 10
1305 10
1306 10
1307 9
1308 9
1309 10
1310 10
1311 9
1312 10
1313 10
1314 10
1315 9
1316 11
1317 11
1318 10
1319 9
1320 10
1321 10
1322 10
1323 9
1324 9
1325 10
1326 10
1327 9
1328 9
1329 10
1330 10
1331 9
1332 10
1333 10
1334 10
1335 9
1336 10
1337 10
1338 10
1339 9
1340 9
1341 10
1342 10
1343 9
1344 16
1345 10
1346 10
1347 9
1348 11
1349 11
1350 10
1351 9
1352 10
1353 10
1354 10
1355 9
1356 9
1357 10
1358 10
1359 9
1360 11
1361 11
1362 10
1363 9
1364 11
1365 11
1366 10
1367 9
1368 10
1369 10
1370 10
1371 9
1372 9
1373 10
1374 10
1375 9
1376 10
1377 10
1378 10
1379 9
1380 11
1381 11
1382 10
1383 9
1384 10
1385 10
1386 10
1387 9
1388 9
1389 10
1390 10
1391 9
1392 9
1393 10
1394 10
1395 9
1396 10
1397 10
1398 10
1399 9
1400 10
1401 10
1402 10
1403 9
1404 9
1405 10
1406 10
1407 9
1408 7
1409 10
1410 10
1411 9
1412 11
1413 11
1414 10
1415 10
1416 10
1417 11
1418 10
1419 10
1420 9
1421 10
1422 10
1423 9
1424 10
1425 11
1426 10
1427 9
1428 11
1429 11
1430 10
1431 10
1432 10
1433 11
1434 10
1435 10
1436 10
1437 10
1438 10
1439 9
1440 10
1441 11
1442 10
1443 9
1444 11
1445 11
1446 10
1447 10
1448 10
1449 11
1450 10
1451 10
1452 9
1453 10
1454 10
1455 9
1456 9
1457 10
1458 10
1459 9
1460 10
1461 11
1462 10
1463 10
1464 10
1465 10
1466 10
1467 10
1468 9
1469 10
1470 10
1471 9
1472 6
1473 10
1474 10
1475 10
1476 10
1477 11
1478 11
1479 10
1480 10
1481 11
1482 11
1483 10
1484 10
1485 10
1486 10
1487 10
1488 10
1489 11
1490 10
1491 10
1492 11
1493 11
1494 11
1495 10
1496 11
1497 11
1498 11
1499 10
1500 10
1501 10
1502 10
1503 10
1504 10
1505 11
1506 10
1507 10
1508 11
1509 11
1510 11
1511 10
1512 11
1513 11
1514 11
1515 10
1516 10
1517 10
1518 10
1519 10
1520 9
1521 11
1522 10
1523 10
1524 10
1525 11
1526 11
1527 10
1528 10
1529 11
1530 11
1531 10
1532 10
1533 10
1534 10
1535 10
1536 16
1537 11
1538 10
1539 10
1540 11
1541 11
1542 10
1543 10
1544 10
1545 11
1546 10
1547 10
1548 10
1549 10
1550 10
1551 10
1552 12
1553 11
1554 10
1555 10
1556 12
1557 11
1558 11
1559 10
1560 11
1561 11
1562 10
1563 10
1564 10
1565 10
1566 10
1567 10
1568 11
1569 11
1570 10
1571 10
1572 11
1573 11
1574 10
1575 10
1576 11
1577 11
1578 10
1579 10
1580 10
1581 10
1582 10
1583 10
1584 10
1585 11
1586 10
1587 10
1588 11
1589 11
1590 10
1591 10
1592 10
1593 11
1594 10
1595 10
1596 10
1597 10
1598 10
1599 10
1600 9
1601 11
1602 10
1603 9
1604 11
1605 11
1606 10
1607 10
1608 10
1609 11
1610 10
1611 10
1612 10
1613 10
1614 10
1615 10
1616 12
1617 11
1618 10
1619 10
1620 12
1621 11
1622 11
1623 10
1624 11
1625 11
1626 10
1627 10
1628 10
1629 10
1630 10
1631 9
1632 11
1633 11
1634 10
1635 10
1636 11
1637 11
1638 10
1639 10
1640 11
1641 11
1642 10
1643 10
1644 10
1645 10
1646 10
1647 9
1648 10
1649 11
1650 10
1651 9
1652 11
1653 11
1654 10
1655 10
1656 10
1657 11
1658 10
1659 10
1660 10
1661 10
1662 10
1663 10
1664 8
1665 11
1666 10
1667 10
1668 11
1669 11
1670 11
1671 10
1672 10
1673 11
1674 10
1675 10
1676 10
1677 10
1678 10
1679 10
1680 11
1681 11
1682 10
1683 10
1684 11
1685 11
1686 11
1687 10
1688 11
1689 11
1690 11
1691 10
1692 10
1693 10
1694 10
1695 10
1696 11
1697 11
1698 10
1699 10
1700 11
1701 11
1702 11
1703 10
1704 11
1705 11
1706 11
1707 10
1708 10
1709 10
1710 10
1711 10
1712 10
1713 11
1714 10
1715 10
1716 11
1717 11
1718 11
1719 10
1720 10
1721 11
1722 10
1723 10
1724 10
1725 10
1726 10
1727 10
1728 6
1729 11
1730 10
1731 10
1732 11
1733 11
1734 11
1735 10
1736 10
1737 11
1738 11
1739 10
1740 10
1741 11
1742 10
1743 10
1744 10
1745 11
1746 11
1747 10
1748 11
1749 11
1750 11
1751 10
1752 11
1753 11
1754 11
1755 10
1756 10
1757 11
1758 10
1759 10
1760 10
1761 11
1762 11
1763 10
1764 11
1765 11
1766 11
1767 10
1768 11
1769 11
1770 11
1771 10
1772 10
1773 11
1774 10
1775 10
1776 10
1777 11
1778 10
1779 10
1780 11
1781 11
1782 11
1783 10
1784 11
1785 11
1786 11
1787 10
1788 10
1789 11
1790 10
1791 10
1792 3
1793 11
1794 11
1795 10
1796 12
1797 12
1798 11
1799 10
1800 11
1801 11
1802 11
1803 10
1804 10
1805 11
1806 11
1807 10
1808 12
1809 12
1810 11
1811 10
1812 12
1813 12
1814 11
1815 10
1816 12
1817 12
1818 11
1819 10
1820 11
1821 11
1822 11
1823 10
1824 12
1825 12
1826 11
1827 10
1828 12
1829 12
1830 11
1831 10
1832 11
1833 11
1834 11
1835 10
1836 11
1837 11
1838 11
1839 10
1840 11
1841 11
1842 11
1843 10
1844 11
1845 12
1846 11
1847 10
1848 11
1849 11
1850 11
1851 10
1852 10
1853 11
1854 11
1855 10
1856 9
1857 11
1858 11
1859 10
1860 12
1861 12
1862 11
1863 10
1864 11
1865 11
1866 11
1867 10
1868 10
1869 11
1870 11
1871 10
1872 12
1873 12
1874 11
1875 10
1876 12
1877 12
1878 11
1879 10
1880 12
1881 12
1882 11
1883 10
1884 11
1885 11
1886 11
1887 10
1888 12
1889 12
1890 11
1891 10
1892 12
1893 12
1894 11
1895 10
1896 11
1897 11
1898 11
1899 10
1900 11
1901 11
1902 11
1903 10
1904 11
1905 11
1906 11
1907 10
1908 11
1909 12
1910 11
1911 10
1912 11
1913 11
1914 11
1915 10
1916 10
1917 11
1918 11
1919 10
1920 8
1921 11
1922 11
1923 10
1924 12
1925 12
1926 11
1927 10
1928 11
1929 11
1930 11
1931 10
1932 10
1933 11
1934 11
1935 10
1936 12
1937 12
1938 11
1939 10
1940 12
1941 12
1942 11
1943 10
1944 12
1945 12
1946 11
1947 10
1948 11
1949 11
1950 11
1951 10
1952 11
1953 12
1954 11
1955 10
1956 12
1957 12
1958 11
1959 10
1960 11
1961 12
1962 11
1963 10
1964 11
1965 11
1966 11
1967 10
1968 11
1969 11
1970 11
1971 10
1972 11
1973 12
1974 11
1975 10
1976 11
1977 11
1978 11
1979 10
1980 10
1981 11
1982 11
1983 10
1984 7
1985 11
1986 11
1987 10
1988 11
1989 12
1990 11
1991 11
1992 11
1993 11
1994 11
1995 11
1996 10
1997 11
1998 11
1999 10
2000 11
2001 12
2002 11
2003 10
2004 12
2005 12
2006 11
2007 11
2008 12
2009 12
2010 11
2011 11
2012 11
2013 11
2014 11
2015 10
2016 11
2017 12
2018 11
2019 10
2020 12
2021 12
2022 11
2023 11
2024 12
2025 12
2026 11
2027 11
2028 11
2029 11
2030 11
2031 10
2032 10
2033 11
2034 11
2035 10
2036 11
2037 12
2038 11
2039 11
2040 11
2041 12
2042 11
2043 11
2044 11
2045 11
2046 11
2047 10
2048 16
2049 16
2050 10
2051 10
2052 16
2053 11
2054 11
2055 10
2056 11
2057 11
2058 10
2059 10
2060 10
2061 10
2062 10
2063 10
2064 16
2065 11
2066 10
2067 10
2068 12
2069 11
2070 11
2071 10
2072 11
2073 11
2074 10
2075 10
2076 10
2077 10
2078 10
2079 10
2080 11
2081 11
2082 10
2083 10
2084 11
2085 11
2086 11
2087 10
2088 11
2089 11
2090 10
2091 10
2092 10
2093 10
2094 10
2095 10
2096 10
2097 11
2098 10
2099 10
2100 11
2101 11
2102 11
2103 10
2104 11
2105 11
2106 10
2107 10
2108 10
2109 10
2110 10
2111 10
2112 16
2113 11
2114 10
2115 10
2116 11
2117 11
2118 11
2119 10
2120 11
2121 11
2122 10
2123 10
2124 10
2125 10
2126 10
2127 10
2128 12
2129 11
2130 10
2131 10
2132 12
2133 11
2134 11
2135 10
2136 11
2137 11
2138 10
2139 10
2140 10
2141 10
2142 10
2143 10
2144 11
2145 11
2146 10
2147 10
2148 11
2149 11
2150 11
2151 10
2152 11
2153 11
2154 10
2155 10
2156 10
2157 10
2158 10
2159 10
2160 10
2161 11
2162 10
2163 10
2164 11
2165 11
2166 11
2167 10
2168 11
2169 11
2170 10
2171 10
2172 10
2173 10
2174 10
2175 10
2176 9
2177 11
2178 10
2179 10
2180 11
2181 11
2182 11
2183 10
2184 11
2185 11
2186 11
2187 10
2188 10
2189 10
2190 10
2191 10
2192 11
2193 11
2194 11
2195 10
2196 12
2197 11
2198 11
2199 10
2200 11
2201 11
2202 11
2203 10
2204 10
2205 11
2206 10
2207 10
2208 11
2209 11
2210 11
2211 10
2212 11
2213 11
2214 11
2215 10
2216 11
2217 11
2218 11
2219 10
2220 10
2221 11
2222 10
2223 10
2224 10
2225 11
2226 10
2227 10
2228 11
2229 11
2230 11
2231 10
2232 11
2233 11
2234 11
2235 10
2236 10
2237 11
2238 10
2239 10
2240 8
2241 11
2242 11
2243 10
2244 11
2245 11
2246 11
2247 10
2248 11
2249 11
2250 11
2251 10
2252 10
2253 11
2254 11
2255 10
2256 10
2257 11
2258 11
2259 10
2260 11
2261 12
2262 11
2263 10
2264 11
2265 11
2266 11
2267 10
2268 10
2269 11
2270 11
2271 10
2272 11
2273 11
2274 11
2275 10
2276 11
2277 12
2278 11
2279 10
2280 11
2281 11
2282 11
2283 10
2284 10
2285 11
2286 11
2287 10
2288 10
2289 11
2290 11
2291 10
2292 11
2293 11
2294 11
2295 10
2296 11
2297 11
2298 11
2299 10
2300 10
2301 11
2302 11
2303 10
2304 16
2305 11
2306 10
2307 10
2308 11
2309 11
2310 11
2311 10
2312 11
2313 11
2314 10
2315 10
2316 10
2317 10
2318 10
2319 10
2320 12
2321 11
2322 10
2323 10
2324 12
2325 11
2326 11
2327 10
2328 11
2329 11
2330 10
2331 10
2332 10
2333 10
2334 10
2335 10
2336 11
2337 11
2338 10
2339 10
2340 11
2341 11
2342 11
2343 10
2344 11
2345 11
2346 10
2347 10
2348 10
2349 10
2350 10
2351 10
2352 10
2353 11
2354 10
2355 10
2356 11
2357 11
2358 10
2359 10
2360 10
2361 11
2362 10
2363 10
2364 10
2365 10
2366 10
2367 10
2368 11
2369 11
2370 10
2371 10
2372 11
2373 11
2374 11
2375 10
2376 11
2377 11
2378 10
2379 10
2380 10
2381 10
2382 10
2383 10
2384 12
2385 11
2386 10
2387 10
2388 12
2389 11
2390 11
2391 10
2392 11
2393 11
2394 10
2395 10
2396 10
2397 10
2398 10
2399 10
2400 11
2401 11
2402 10
2403 10
2404 11
2405 11
2406 11
2407 10
2408 11
2409 11
2410 10
2411 10
2412 10
2413 10
2414 10
2415 10
2416 10
2417 11
2418 10
2419 10
2420 11
2421 11
2422 10
2423 10
2424 10
2425 11
2426 10
2427 10
2428 10
2429 10
2430 10
2431 10
2432 9
2433 11
2434 10
2435 10
2436 11
2437 11
2438 11
2439 10
2440 11
2441 11
2442 10
2443 10
2444 10
2445 10
2446 10
2447 10
2448 11
2449 11
2450 10
2451 10
2452 11
2453 11
2454 11
2455 10
2456 11
2457 11
2458 11
2459 10
2460 10
2461 10
2462 10
2463 10
2464 11
2465 11
2466 10
2467 10
2468 11
2469 11
2470 11
2471 10
2472 11
2473 11
2474 11
2475 10
2476 10
2477 10
2478 10
2479 10
2480 10
2481 11
2482 10
2483 10
2484 11
2485 11
2486 11
2487 10
2488 10
2489 11
2490 10
2491 10
2492 10
2493 10
2494 10
2495 10
2496 7
2497 11
2498 10
2499 10
2500 11
2501 11
2502 11
2503 10
2504 10
2505 11
2506 11
2507 10
2508 10
2509 10
2510 10
2511 10
2512 10
2513 11
2514 11
2515 10
2516 11
2517 11
2518 11
2519 10
2520 11
2521 11
2522 11
2523 10
2524 10
2525 11
2526 10
2527 10
2528 10
2529 11
2530 11
2531 10
2532 11
2533 11
2534 11
2535 10
2536 11
2537 11
2538 11
2539 10
2540 10
2541 11
2542 10
2543 10
2544 10
2545 11
2546 10
2547 10
2548 11
2549 11
2550 11
2551 10
2552 11
2553 11
2554 11
2555 10
2556 10
2557 11
2558 10
2559 10
2560 9
2561 11
2562 10
2563 10
2564 12
2565 11
2566 11
2567 10
2568 11
2569 11
2570 11
2571 10
2572 10
2573 10
2574 10
2575 10
2576 12
2577 11
2578 11
2579 10
2580 12
2581 12
2582 11
2583 10
2584 11
2585 11
2586 11
2587 10
2588 10
2589 11
2590 10
2591 10
2592 11
2593 11
2594 11
2595 10
2596 12
2597 11
2598 11
2599 10
2600 11
2601 11
2602 11
2603 10
2604 10
2605 11
2606 10
2607 10
2608 10
2609 11
2610 10
2611 10
2612 11
2613 11
2614 11
2615 10
2616 11
2617 11
2618 11
2619 10
2620 10
2621 10
2622 10
2623 10
2624 10
2625 11
2626 10
2627 10
2628 12
2629 11
2630 11
2631 10
2632 11
2633 11
2634 11
2635 10
2636 10
2637 10
2638 10
2639 10
2640 12
2641 11
2642 11
2643 10
2644 12
2645 12
2646 11
2647 10
2648 11
2649 11
2650 11
2651 10
2652 10
2653 11
2654 10
2655 10
2656 11
2657 11
2658 11
2659 10
2660 12
2661 11
2662 11
2663 10
2664 11
2665 11
2666 11
2667 10
2668 10
2669 11
2670 10
2671 10
2672 10
2673 11
2674 10
2675 10
2676 11
2677 11
2678 11
2679 10
2680 11
2681 11
2682 11
2683 10
2684 10
2685 10
2686 10
2687 10
2688 9
2689 11
2690 10
2691 10
2692 11
2693 11
2694 11
2695 10
2696 11
2697 11
2698 11
2699 10
2700 10
2701 11
2702 10
2703 10
2704 11
2705 11
2706 11
2707 10
2708 12
2709 12
2710 11
2711 10
2712 11
2713 11
2714 11
2715 10
2716 10
2717 11
2718 10
2719 10
2720 11
2721 11
2722 11
2723 10
2724 11
2725 11
2726 11
2727 10
2728 11
2729 11
2730 11
2731 10
2732 10
2733 11
2734 10
2735 10
2736 10
2737 11
2738 10
2739 10
2740 11
2741 11
2742 11
2743 10
2744 11
2745 11
2746 11
2747 10
2748 10
2749 11
2750 10
2751 10
2752 7
2753 11
2754 10
2755 10
2756 11
2757 11
2758 11
2759 10
2760 11
2761 11
2762 11
2763 10
2764 10
2765 11
2766 10
2767 10
2768 10
2769 11
2770 11
2771 10
2772 11
2773 12
2774 11
2775 10
2776 11
2777 11
2778 11
2779 10
2780 10
2781 11
2782 11
2783 10
2784 10
2785 11
2786 11
2787 10
2788 11
2789 11
2790 11
2791 10
2792 11
2793 11
2794 11
2795 10
2796 10
2797 11
2798 11
2799 10
2800 10
2801 11
2802 11
2803 10
2804 11
2805 11
2806 11
2807 10
2808 11
2809 11
2810 11
2811 10
2812 10
2813 11
2814 11
2815 10
2816 6
2817 11
2818 11
2819 10
2820 12
2821 12
2822 11
2823 10
2824 11
2825 11
2826 11
2827 10
2828 10
2829 11
2830 11
2831 10
2832 12
2833 12
2834 11
2835 10
2836 12
2837 12
2838 11
2839 11
2840 12
2841 12
2842 11
2843 10
2844 11
2845 11
2846 11
2847 10
2848 12
2849 12
2850 11
2851 10
2852 12
2853 12
2854 11
2855 11
2856 11
2857 12
2858 11
2859 11
2860 11
2861 11
2862 11
2863 10
2864 11
2865 11
2866 11
2867 10
2868 11
2869 12
2870 11
2871 10
2872 11
2873 11
2874 11
2875 10
2876 11
2877 11
2878 11
2879 10
2880 10
2881 11
2882 11
2883 10
2884 12
2885 12
2886 11
2887 10
2888 11
2889 11
2890 11
2891 10
2892 10
2893 11
2894 11
2895 10
2896 12
2897 12
2898 11
2899 10
2900 12
2901 12
2902 11
2903 11
2904 12
2905 12
2906 11
2907 10
2908 11
2909 11
2910 11
2911 10
2912 12
2913 12
2914 11
2915 10
2916 12
2917 12
2918 11
2919 11
2920 11
2921 12
2922 11
2923 10
2924 11
2925 11
2926 11
2927 10
2928 11
2929 11
2930 11
2931 10
2932 11
2933 12
2934 11
2935 10
2936 11
2937 11
2938 11
2939 10
2940 11
2941 11
2942 11
2943 10
2944 9
2945 11
2946 11
2947 10
2948 12
2949 12
2950 11
2951 10
2952 11
2953 11
2954 11
2955 10
2956 10
2957 11
2958 11
2959 10
2960 12
2961 12
2962 11
2963 10
2964 12
2965 12
2966 11
2967 11
2968 12
2969 12
2970 11
2971 11
2972 11
2973 11
2974 11
2975 10
2976 11
2977 12
2978 11
2979 10
2980 12
2981 12
2982 11
2983 11
2984 11
2985 12
2986 11
2987 11
2988 11
2989 11
2990 11
2991 10
2992 11
2993 11
2994 11
2995 10
2996 11
2997 12
2998 11
2999 10
3000 11
3001 11
3002 11
3003 10
3004 11
3005 11
3006 11
3007 10
3008 8
3009 11
3010 11
3011 10
3012 11
3013 12
3014 11
3015 11
3016 11
3017 11
3018 11
3019 11
3020 10
3021 11
3022 11
3023 10
3024 11
3025 11
3026 11
3027 10
3028 12
3029 12
3030 11
3031 11
3032 11
3033 12
3034 11
3035 11
3036 11
3037 11
3038 11
3039 10
3040 11
3041 11
3042 11
3043 10
3044 12
3045 12
3046 11
3047 11
3048 11
3049 12
3050 11
3051 11
3052 11
3053 11
3054 11
3055 10
3056 10
3057 11
3058 11
3059 10
3060 11
3061 12
3062 11
3063 11
3064 11
3065 11
3066 11
3067 11
3068 11
3069 11
3070 11
3071 10
3072 16
3073 12
3074 11
3075 10
3076 12
3077 12
3078 11
3079 11
3080 12
3081 12
3082 11
3083 11
3084 11
3085 11
3086 11
3087 10
3088 13
3089 12
3090 11
3091 10
3092 13
3093 12
3094 11
3095 11
3096 12
3097 12
3098 11
3099 11
3100 11
3101 11
3102 11
3103 10
3104 12
3105 12
3106 11
3107 10
3108 12
3109 12
3110 11
3111 11
3112 12
3113 12
3114 11
3115 11
3116 11
3117 11
3118 11
3119 10
3120 11
3121 12
3122 11
3123 10
3124 12
3125 12
3126 11
3127 11
3128 11
3129 12
3130 11
3131 11
3132 11
3133 11
3134 11
3135 10
3136 12
3137 12
3138 11
3139 10
3140 12
3141 12
3142 11
3143 11
3144 12
3145 12
3146 11
3147 11
3148 11
3149 11
3150 11
3151 10
3152 13
3153 12
3154 11
3155 10
3156 13
3157 12
3158 11
3159 11
3160 12
3161 12
3162 11
3163 11
3164 11
3165 11
3166 11
3167 10
3168 12
3169 12
3170 11
3171 10
3172 12
3173 12
3174 11
3175 11
3176 12
3177 12
3178 11
3179 11
3180 11
3181 11
3182 11
3183 10
3184 11
3185 12
3186 11
3187 10
3188 12
3189 12
3190 11
3191 11
3192 11
3193 12
3194 11
3195 11
3196 11
3197 11
3198 11
3199 10
3200 11
3201 12
3202 11
3203 10
3204 12
3205 12
3206 11
3207 11
3208 11
3209 12
3210 11
3211 11
3212 11
3213 11
3214 11
3215 10
3216 12
3217 12
3218 11
3219 10
3220 12
3221 12
3222 11
3223 11
3224 12
3225 12
3226 11
3227 11
3228 11
3229 11
3230 11
3231 10
3232 12
3233 12
3234 11
3235 11
3236 12
3237 12
3238 11
3239 11
3240 12
3241 12
3242 11
3243 11
3244 11
3245 11
3246 11
3247 10
3248 11
3249 12
3250 11
3251 10
3252 12
3253 12
3254 11
3255 11
3256 11
3257 12
3258 11
3259 11
3260 11
3261 11
3262 11
3263 10
3264 9
3265 11
3266 11
3267 10
3268 12
3269 12
3270 11
3271 11
3272 11
3273 12
3274 11
3275 11
3276 11
3277 11
3278 11
3279 11
3280 11
3281 12
3282 11
3283 11
3284 12
3285 12
3286 12
3287 11
3288 12
3289 12
3290 11
3291 11
3292 11
3293 11
3294 11
3295 11
3296 12
3297 12
3298 11
3299 11
3300 12
3301 12
3302 12
3303 11
3304 12
3305 12
3306 11
3307 11
3308 11
3309 11
3310 11
3311 11
3312 11
3313 12
3314 11
3315 11
3316 12
3317 12
3318 11
3319 11
3320 11
3321 12
3322 11
3323 11
3324 11
3325 11
3326 11
3327 11
3328 16
3329 12
3330 11
3331 10
3332 12
3333 12
3334 11
3335 10
3336 11
3337 11
3338 11
3339 10
3340 11
3341 11
3342 11
3343 10
3344 13
3345 12
3346 11
3347 10
3348 13
3349 12
3350 11
3351 11
3352 12
3353 12
3354 11
3355 11
3356 11
3357 11
3358 11
3359 10
3360 12
3361 12
3362 11
3363 10
3364 12
3365 12
3366 11
3367 11
3368 12
3369 12
3370 11
3371 11
3372 11
3373 11
3374 11
3375 10
3376 11
3377 11
3378 11
3379 10
3380 12
3381 12
3382 11
3383 10
3384 11
3385 11
3386 11
3387 10
3388 11
3389 11
3390 11
3391 10
3392 13
3393 12
3394 11
3395 10
3396 12
3397 12
3398 11
3399 10
3400 11
3401 11
3402 11
3403 10
3404 11
3405 11
3406 11
3407 10
3408 13
3409 12
3410 11
3411 10
3412 13
3413 12
3414 11
3415 11
3416 12
3417 12
3418 11
3419 10
3420 11
3421 11
3422 11
3423 10
3424 12
3425 12
3426 11
3427 10
3428 12
3429 12
3430 11
3431 11
3432 12
3433 12
3434 11
3435 10
3436 11
3437 11
3438 11
3439 10
3440 11
3441 11
3442 11
3443 10
3444 12
3445 12
3446 11
3447 10
3448 11
3449 11
3450 11
3451 10
3452 11
3453 11
3454 11
3455 10
3456 11
3457 11
3458 11
3459 10
3460 12
3461 12
3462 11
3463 10
3464 11
3465 11
3466 11
3467 10
3468 11
3469 11
3470 11
3471 10
3472 12
3473 12
3474 11
3475 10
3476 12
3477 12
3478 11
3479 11
3480 12
3481 12
3482 11
3483 11
3484 11
3485 11
3486 11
3487 10
3488 12
3489 12
3490 11
3491 10
3492 12
3493 12
3494 11
3495 11
3496 12
3497 12
3498 11
3499 11
3500 11
3501 11
3502 11
3503 10
3504 11
3505 11
3506 11
3507 10
3508 12
3509 12
3510 11
3511 11
3512 11
3513 11
3514 11
3515 11
3516 11
3517 11
3518 11
3519 10
3520 9
3521 11
3522 11
3523 10
3524 11
3525 12
3526 11
3527 11
3528 11
3529 11
3530 11
3531 11
3532 10
3533 11
3534 11
3535 10
3536 11
3537 12
3538 11
3539 10
3540 12
3541 12
3542 11
3543 11
3544 12
3545 12
3546 11
3547 11
3548 11
3549 11
3550 11
3551 10
3552 11
3553 12
3554 11
3555 10
3556 12
3557 12
3558 11
3559 11
3560 12
3561 12
3562 11
3563 11
3564 11
3565 11
3566 11
3567 10
3568 11
3569 11
3570 11
3571 10
3572 11
3573 12
3574 11
3575 11
3576 11
3577 11
3578 11
3579 11
3580 11
3581 11
3582 11
3583 10
3584 12
3585 12
3586 11
3587 10
3588 12
3589 12
3590 11
3591 11
3592 11
3593 12
3594 11
3595 11
3596 11
3597 11
3598 11
3599 10
3600 13
3601 12
3602 11
3603 10
3604 13
3605 12
3606 11
3607 11
3608 12
3609 12
3610 11
3611 11
3612 11
3613 11
3614 11
3615 10
3616 12
3617 12
3618 11
3619 10
3620 12
3621 12
3622 11
3623 11
3624 12
3625 12
3626 11
3627 11
3628 11
3629 11
3630 11
3631 10
3632 11
3633 11
3634 11
3635 10
3636 12
3637 12
3638 11
3639 11
3640 11
3641 11
3642 11
3643 11
3644 11
3645 11
3646 11
3647 10
3648 12
3649 12
3650 11
3651 10
3652 12
3653 12
3654 11
3655 11
3656 12
3657 12
3658 11
3659 11
3660 11
3661 11
3662 11
3663 10
3664 13
3665 12
3666 11
3667 10
3668 13
3669 12
3670 11
3671 11
3672 12
3673 12
3674 11
3675 11
3676 11
3677 11
3678 11
3679 10
3680 12
3681 12
3682 11
3683 10
3684 12
3685 12
3686 11
3687 11
3688 12
3689 12
3690 11
3691 11
3692 11
3693 11
3694 11
3695 10
3696 11
3697 11
3698 11
3699 10
3700 12
3701 12
3702 11
3703 11
3704 11
3705 11
3706 11
3707 11
3708 11
3709 11
3710 11
3711 10
3712 11
3713 12
3714 11
3715 10
3716 12
3717 12
3718 11
3719 11
3720 11
3721 12
3722 11
3723 11
3724 11
3725 11
3726 11
3727 10
3728 12
3729 12
3730 11
3731 10
3732 12
3733 12
3734 11
3735 11
3736 12
3737 12
3738 11
3739 11
3740 11
3741 11
3742 11
3743 10
3744 12
3745 12
3746 11
3747 10
3748 12
3749 12
3750 11
3751 11
3752 12
3753 12
3754 11
3755 11
3756 11
3757 11
3758 11
3759 10
3760 11
3761 11
3762 11
3763 10
3764 12
3765 12
3766 11
3767 11
3768 11
3769 11
3770 11
3771 11
3772 11
3773 11
3774 11
3775 10
3776 9
3777 11
3778 11
3779 10
3780 11
3781 12
3782 11
3783 11
3784 11
3785 11
3786 11
3787 11
3788 11
3789 11
3790 11
3791 10
3792 11
3793 12
3794 11
3795 10
3796 12
3797 12
3798 11
3799 11
3800 12
3801 12
3802 11
3803 11
3804 11
3805 11
3806 11
3807 11
3808 11
3809 12
3810 11
3811 11
3812 12
3813 12
3814 11
3815 11
3816 12
3817 12
3818 11
3819 11
3820 11
3821 11
3822 11
3823 11
3824 11
3825 11
3826 11
3827 10
3828 11
3829 12
3830 11
3831 11
3832 11
3833 12
3834 11
3835 11
3836 11
3837 11
3838 11
3839 11
3840 9
3841 12
3842 11
3843 10
3844 12
3845 12
3846 11
3847 11
3848 12
3849 12
3850 11
3851 11
3852 11
3853 11
3854 11
3855 11
3856 13
3857 12
3858 11
3859 11
3860 13
3861 12
3862 12
3863 11
3864 12
3865 12
3866 11
3867 11
3868 11
3869 11
3870 11
3871 11
3872 12
3873 12
3874 11
3875 11
3876 13
3877 12
3878 12
3879 11
3880 12
3881 12
3882 11
3883 11
3884 11
3885 11
3886 11
3887 11
3888 11
3889 12
3890 11
3891 11
3892 12
3893 12
3894 11
3895 11
3896 12
3897 12
3898 11
3899 11
3900 11
3901 11
3902 11
3903 11
3904 12
3905 12
3906 11
3907 10
3908 12
3909 12
3910 11
3911 11
3912 12
3913 12
3914 11
3915 11
3916 11
3917 11
3918 11
3919 11
3920 13
3921 12
3922 11
3923 11
3924 13
3925 12
3926 12
3927 11
3928 12
3929 12
3930 11
3931 11
3932 11
3933 11
3934 11
3935 11
3936 12
3937 12
3938 11
3939 11
3940 13
3941 12
3942 12
3943 11
3944 12
3945 12
3946 11
3947 11
3948 11
3949 11
3950 11
3951 11
3952 12
3953 12
3954 11
3955 11
3956 12
3957 12
3958 11
3959 11
3960 12
3961 12
3962 11
3963 11
3964 11
3965 11
3966 11
3967 11
3968 11
3969 12
3970 11
3971 10
3972 12
3973 12
3974 11
3975 11
3976 12
3977 12
3978 11
3979 11
3980 11
3981 11
3982 11
3983 11
3984 12
3985 12
3986 11
3987 11
3988 13
3989 12
3990 12
3991 11
3992 12
3993 12
3994 11
3995 11
3996 11
3997 11
3998 11
3999 11
4000 12
4001 12
4002 11
4003 11
4004 12
4005 12
4006 12
4007 11
4008 12
4009 12
4010 11
4011 11
4012 11
4013 11
4014 11
4015 11
4016 11
4017 12
4018 11
4019 11
4020 12
4021 12
4022 11
4023 11
4024 12
4025 12
4026 11
4027 11
4028 11
4029 11
4030 11
4031 11
4032 9
4033 11
4034 11
4035 10
4036 12
4037 12
4038 11
4039 11
4040 11
4041 12
4042 11
4043 11
4044 11
4045 11
4046 11
4047 11
4048 12
4049 12
4050 11
4051 11
4052 12
4053 12
4054 12
4055 11
4056 12
4057 12
4058 12
4059 11
4060 11
4061 11
4062 11
4063 11
4064 12
4065 12
4066 11
4067 11
4068 12
4069 12
4070 12
4071 11
4072 12
4073 12
4074 12
4075 11
4076 11
4077 11
4078 11
4079 11
4080 11
4081 12
4082 11
4083 11
4084 12
4085 12
4086 12
4087 11
4088 12
4089 12
4090 11
4091 11
4092 11
4093 11
4094 11
4095 11
