#CSC Slope LUT
#Structure is comparator code (iCC) -> Stub slope
#iCC bits: 12
#<header> v1.0 12 32 </header>
0 0
1 0
2 0
3 0
4 0
5 0
6 0
7 -2.62512e-13
8 0
9 0
10 1
11 0.5
12 0
13 2
14 1.5
15 1
16 0
17 0
18 0
19 1
20 0
21 0
22 1.18182
23 0.875
24 0
25 1.5
26 1.21429
27 0.9
28 1
29 1.5
30 1.29412
31 1
32 0
33 0
34 1.5
35 1.25
36 0
37 1.81818
38 1.5
39 1.2069
40 2
41 1.78571
42 1.5
43 1.20588
44 1.5
45 1.70588
46 1.5
47 1.23077
48 0
49 2
50 1.75
51 1.5
52 3
53 2.125
54 1.7931
55 1.5
56 2.5
57 2.1
58 1.79412
59 1.5
60 2
61 2
62 1.76923
63 1.5
64 0
65 0
66 0
67 1.33333
68 0
69 0
70 1.5
71 1.29412
72 0
73 1.68421
74 1.5
75 1.29268
76 1.5
77 1.625
78 1.5
79 1.3125
80 0
81 0
82 1.44444
83 1.25
84 0
85 1.7
86 1.47059
87 1.25
88 1.72727
89 1.65385
90 1.46341
91 1.25
92 1.4375
93 1.5625
94 1.4375
95 1.25
96 0
97 1.68421
98 1.5
99 1.30189
100 2
101 1.76923
102 1.54545
103 1.32258
104 1.78571
105 1.72727
106 1.53846
107 1.32394
108 1.5
109 1.625
110 1.5
111 1.3125
112 1
113 1.75
114 1.6
115 1.40909
116 2
117 1.875
118 1.66667
119 1.44737
120 1.88235
121 1.85
122 1.66667
123 1.45349
124 1.625
125 1.75
126 1.625
127 1.4375
128 0
129 0
130 1.66667
131 1.5
132 0
133 1.92593
134 1.71739
135 1.52308
136 2
137 1.88889
138 1.71429
139 1.52632
140 1.75
141 1.8
142 1.68182
143 1.51724
144 0
145 1.83333
146 1.63043
147 1.44118
148 2.27273
149 1.91176
150 1.68421
151 1.475
152 2
153 1.86364
154 1.67647
155 1.47826
156 1.72414
157 1.75926
158 1.63291
159 1.46154
160 2
161 1.83333
162 1.64286
163 1.45122
164 2.21429
165 1.92683
166 1.70588
167 1.49474
168 2
169 1.88462
170 1.7
171 1.5
172 1.73529
173 1.77778
174 1.65217
175 1.47934
176 1.5
177 1.83333
178 1.68182
179 1.5
180 2.11765
181 1.95833
182 1.75949
183 1.55455
184 2
185 1.93333
186 1.76087
187 1.56452
188 1.76923
189 1.83333
190 1.71429
191 1.54348
192 0
193 2
194 1.83333
195 1.66667
196 2.5
197 2.125
198 1.91176
199 1.71875
200 2.25
201 2.09434
202 1.91463
203 1.72973
204 2
205 2
206 1.875
207 1.71429
208 3
209 2.02941
210 1.81538
211 1.625
212 2.5625
213 2.125
214 1.8875
215 1.67857
216 2.27586
217 2.08065
218 1.88421
219 1.6875
220 2
221 1.97368
222 1.83636
223 1.66667
224 2.5
225 2.02439
226 1.81579
227 1.62162
228 2.5
229 2.125
230 1.8913
231 1.67969
232 2.26471
233 2.08451
234 1.88889
235 1.68966
236 2
237 1.97674
238 1.83871
239 1.66667
240 2
241 2
242 1.82759
243 1.64286
244 2.375
245 2.125
246 1.91346
247 1.70833
248 2.23077
249 2.1
250 1.91736
251 1.72222
252 2
253 2
254 1.86957
255 1.7
256 0
257 0
258 0
259 1.5
260 0
261 0
262 1.65116
263 1.5
264 0
265 1.77778
266 1.64815
267 1.5
268 1.66667
269 1.71739
270 1.63077
271 1.5
272 0
273 0
274 1.59091
275 1.4375
276 0
277 1.8
278 1.625
279 1.45455
280 1.83333
281 1.76087
282 1.61765
283 1.45556
284 1.64706
285 1.68421
286 1.5875
287 1.4466
288 0
289 1.75
290 1.60714
291 1.45
292 1.94737
293 1.81818
294 1.65217
295 1.47872
296 1.83333
297 1.78571
298 1.64634
299 1.48148
300 1.65854
301 1.70588
302 1.61053
303 1.46721
304 1.5
305 1.75
306 1.64706
307 1.5
308 1.875
309 1.84906
310 1.70732
311 1.54054
312 1.83333
313 1.83333
314 1.70833
315 1.54762
316 1.6875
317 1.75949
318 1.67273
319 1.53191
320 0
321 0
322 1.58824
323 1.44737
324 0
325 1.8
326 1.63636
327 1.47826
328 1.81481
329 1.75926
330 1.62963
331 1.48148
332 1.625
333 1.67647
334 1.59375
335 1.46774
336 0
337 1.74286
338 1.57812
339 1.41935
340 2
341 1.8
342 1.625
343 1.45455
344 1.82353
345 1.75385
346 1.61458
347 1.45669
348 1.625
349 1.6625
350 1.57143
351 1.4375
352 1.72727
353 1.72727
354 1.58442
355 1.42727
356 1.92308
357 1.8
358 1.6383
359 1.46875
360 1.80488
361 1.76316
362 1.63063
363 1.4726
364 1.625
365 1.67391
366 1.58594
367 1.45122
368 1.4375
369 1.69811
370 1.6
371 1.45669
372 1.8125
373 1.8
374 1.66667
375 1.50685
376 1.77083
377 1.78161
378 1.66667
379 1.51515
380 1.625
381 1.70192
382 1.625
383 1.49457
384 0
385 1.77778
386 1.64286
387 1.5
388 2.05263
389 1.87037
390 1.70787
391 1.54839
392 1.88889
393 1.83333
394 1.7037
395 1.55556
396 1.69811
397 1.74444
398 1.66142
399 1.53659
400 2
401 1.80435
402 1.64286
403 1.48361
404 2.07692
405 1.87692
406 1.70192
407 1.53147
408 1.90909
409 1.83333
410 1.69355
411 1.53659
412 1.70968
413 1.73786
414 1.64583
415 1.51351
416 1.78571
417 1.78571
418 1.64286
419 1.48571
420 2
421 1.86842
422 1.70588
423 1.53704
424 1.88462
425 1.83333
426 1.7
427 1.54348
428 1.70423
429 1.74138
430 1.65217
431 1.51942
432 1.5
433 1.74242
434 1.64286
435 1.5
436 1.875
437 1.85057
438 1.71642
439 1.55801
440 1.83333
441 1.83333
442 1.71795
443 1.56863
444 1.6875
445 1.75194
446 1.67416
447 1.54626
448 1
449 1.84783
450 1.73034
451 1.59091
452 2.125
453 1.97059
454 1.8125
455 1.65385
456 2
457 1.94444
458 1.81481
459 1.66667
460 1.81818
461 1.85714
462 1.77215
463 1.64706
464 2
465 1.89474
466 1.74038
467 1.58278
468 2.1875
469 1.9875
470 1.8125
471 1.64205
472 2.03704
473 1.95146
474 1.80921
475 1.65174
476 1.84211
477 1.85714
478 1.76136
479 1.62832
480 1.88235
481 1.88235
482 1.7395
483 1.58235
484 2.125
485 1.97826
486 1.8125
487 1.64286
488 2.01587
489 1.94828
490 1.81065
491 1.65315
492 1.83721
493 1.85714
494 1.76289
495 1.62903
496 1.625
497 1.83544
498 1.73134
499 1.5873
500 2
501 1.95192
502 1.8125
503 1.65278
504 1.95833
505 1.93798
506 1.8172
507 1.66667
508 1.8125
509 1.85714
510 1.77358
511 1.64444
512 0
513 0
514 1.75
515 1.625
516 0
517 1.96078
518 1.80952
519 1.66667
520 2
521 1.92857
522 1.80769
523 1.67391
524 1.83333
525 1.85393
526 1.77419
527 1.66038
528 0
529 1.90909
530 1.75
531 1.60345
532 2.18519
533 1.96875
534 1.80198
535 1.64493
536 2.02174
537 1.92857
538 1.79508
539 1.65
540 1.84615
541 1.84615
542 1.75524
543 1.63187
544 2
545 1.89286
546 1.75
547 1.60294
548 2.11111
549 1.96104
550 1.80508
551 1.6478
552 2
553 1.92857
554 1.8
555 1.65385
556 1.84211
557 1.84874
558 1.75926
559 1.63415
560 1.75
561 1.85294
562 1.75
563 1.61538
564 2
565 1.94444
566 1.81481
567 1.66667
568 1.95455
569 1.92857
570 1.81646
571 1.67647
572 1.82759
573 1.85821
574 1.77901
575 1.65789
576 0
577 1.86047
578 1.71429
579 1.576
580 2.16667
581 1.93939
582 1.77778
583 1.62667
584 1.97826
585 1.89888
586 1.77273
587 1.63429
588 1.79412
589 1.8125
590 1.73077
591 1.615
592 2.27273
593 1.89286
594 1.72277
595 1.56849
596 2.17647
597 1.95
598 1.77778
599 1.61628
600 2
601 1.90385
602 1.76821
603 1.62121
604 1.8125
605 1.8125
606 1.72159
607 1.59821
608 2
609 1.86957
610 1.72034
611 1.56886
612 2.09091
613 1.93617
614 1.77778
615 1.61856
616 1.97059
617 1.89916
618 1.77059
619 1.62443
620 1.80435
621 1.8125
622 1.72449
623 1.60081
624 1.72414
625 1.81707
626 1.71111
627 1.57447
628 1.96296
629 1.90741
630 1.77778
631 1.62963
632 1.91139
633 1.88806
634 1.77778
635 1.63934
636 1.77885
637 1.8125
638 1.73611
639 1.61765
640 2
641 1.87037
642 1.73077
643 1.59091
644 2.16667
645 1.96296
646 1.80303
647 1.65027
648 2
649 1.92593
650 1.8
651 1.66038
652 1.81707
653 1.83704
654 1.75532
655 1.639
656 2.21429
657 1.91176
658 1.7459
659 1.59091
660 2.19512
661 1.97917
662 1.80795
663 1.64563
664 2.02941
665 1.93548
666 1.8
667 1.65254
668 1.84211
669 1.84211
670 1.7512
671 1.62782
672 2
673 1.89024
674 1.74286
675 1.59091
676 2.11538
677 1.96396
678 1.80588
679 1.64629
680 2
681 1.92857
682 1.8
683 1.65385
684 1.83333
685 1.84024
686 1.75217
687 1.62887
688 1.73529
689 1.83333
690 1.72785
691 1.59091
692 1.98413
693 1.92857
694 1.79894
695 1.65079
696 1.93478
697 1.91026
698 1.8
699 1.66197
700 1.80165
701 1.83333
702 1.75697
703 1.63924
704 1.5
705 1.89231
706 1.77419
707 1.63934
708 2.16667
709 2.01042
710 1.85897
711 1.70833
712 2.04545
713 1.98425
714 1.8617
715 1.72289
716 1.875
717 1.89873
718 1.81818
719 1.70213
720 2.11765
721 1.95
722 1.7972
723 1.64563
724 2.22917
725 2.03571
726 1.86932
727 1.70833
728 2.08861
729 2
730 1.86603
731 1.71898
732 1.90909
733 1.90909
734 1.81818
735 1.69481
736 2
737 1.93684
738 1.7963
739 1.64629
740 2.16667
741 2.02344
742 1.86735
743 1.70833
744 2.06522
745 1.99379
746 1.86522
747 1.71906
748 1.90323
749 1.90722
750 1.81818
751 1.69461
752 1.76923
753 1.88182
754 1.77901
755 1.64286
756 2.04167
757 1.98611
758 1.85648
759 1.70833
760 2
761 1.97191
762 1.86056
763 1.72222
764 1.86957
765 1.89623
766 1.81818
767 1.7
768 0
769 2
770 1.875
771 1.75
772 2.33333
773 2.10526
774 1.952
775 1.81034
776 2.16667
777 2.07692
778 1.95455
779 1.82353
780 2
781 2
782 1.91803
783 1.80769
784 2.5
785 2.0625
786 1.89655
787 1.75
788 2.375
789 2.12903
790 1.9589
791 1.80402
792 2.20588
793 2.09016
794 1.95455
795 1.81304
796 2.03125
797 2.00662
798 1.91262
799 1.7931
800 2.25
801 2.05
802 1.89706
803 1.75
804 2.30189
805 2.11818
806 1.95808
807 1.80357
808 2.18293
809 2.08571
810 1.95455
811 1.8125
812 2.02703
813 2.00588
814 1.91266
815 1.79167
816 2
817 2
818 1.88462
819 1.75
820 2.18182
821 2.08661
822 1.95213
823 1.80723
824 2.125
825 2.06962
826 1.95455
827 1.81915
828 2
829 2
830 1.91667
831 1.8
832 3
833 2
834 1.84615
835 1.7069
836 2.35294
837 2.08696
838 1.92
839 1.76923
840 2.15385
841 2.04839
842 1.91803
843 1.78099
844 1.96875
845 1.96154
846 1.875
847 1.76087
848 2.5625
849 2.05195
850 1.86957
851 1.71357
852 2.375
853 2.10909
854 1.93023
855 1.76923
856 2.1875
857 2.06294
858 1.92233
859 1.77695
860 2
861 1.97159
862 1.875
863 1.75329
864 2.27586
865 2.03191
866 1.86792
867 1.71429
868 2.29032
869 2.09375
870 1.92784
871 1.76923
872 2.15789
873 2.05556
874 1.9214
875 1.77703
876 1.99219
877 1.96939
878 1.875
879 1.75301
880 2
881 1.97297
882 1.85
883 1.71084
884 2.15789
885 2.05479
886 1.91667
887 1.76923
888 2.09091
889 2.03315
890 1.91667
891 1.78019
892 1.95833
893 1.95833
894 1.875
895 1.75833
896 2.5
897 2
898 1.84783
899 1.70588
900 2.34146
901 2.09259
902 1.92571
903 1.77273
904 2.15789
905 2.05556
906 1.92453
907 1.78571
908 1.97297
909 1.96667
910 1.87952
911 1.76415
912 2.5
913 2.05556
914 1.875
915 1.71739
916 2.375
917 2.11811
918 1.93939
919 1.77695
920 2.19565
921 2.07317
922 1.9322
923 1.78571
924 2.00781
925 1.9801
926 1.88321
927 1.76081
928 2.26471
929 2.03704
930 1.87363
931 1.71875
932 2.29577
933 2.10274
934 1.93665
935 1.77703
936 2.16667
937 2.06522
938 1.93077
939 1.78571
940 2
941 1.97748
942 1.88294
943 1.76064
944 2
945 1.97619
946 1.85294
947 1.71277
948 2.16279
949 2.06061
950 1.92213
951 1.77399
952 2.09677
953 2.03922
954 1.92254
955 1.78571
956 1.96296
957 1.96296
958 1.87963
959 1.76296
960 2
961 2
962 1.86792
963 1.73077
964 2.3125
965 2.1129
966 1.955
967 1.80435
968 2.17241
969 2.08537
970 1.95851
971 1.82075
972 2
973 2
974 1.91489
975 1.8
976 2.375
977 2.06796
978 1.9011
979 1.74713
980 2.375
981 2.14583
982 1.97321
983 1.8125
984 2.22115
985 2.10811
986 1.96992
987 1.82421
988 2.04167
989 2.0177
990 1.92208
991 1.8
992 2.23077
993 2.05738
994 1.90244
995 1.75
996 2.3125
997 2.13415
998 1.97177
999 1.81325
1000 2.19835
1001 2.10194
1002 1.96907
1003 1.82447
1004 2.03704
1005 2.01613
1006 1.92216
1007 1.8
1008 2
1009 2
1010 1.88158
1011 1.74286
1012 2.1875
1013 2.09239
1014 1.95588
1015 1.80833
1016 2.13043
1017 2.07489
1018 1.95886
1019 1.82222
1020 2
1021 2
1022 1.91667
1023 1.8
1024 0
1025 0
1026 0
1027 1.4
1028 0
1029 0
1030 1.52941
1031 1.41489
1032 0
1033 1.61017
1034 1.52326
1035 1.41593
1036 1.5
1037 1.55263
1038 1.5
1039 1.40909
1040 0
1041 0
1042 1.49254
1043 1.375
1044 0
1045 1.64286
1046 1.52326
1047 1.39655
1048 1.62791
1049 1.60811
1050 1.51429
1051 1.39706
1052 1.5
1053 1.54348
1054 1.48387
1055 1.38462
1056 0
1057 1.58824
1058 1.5
1059 1.38462
1060 1.66667
1061 1.64286
1062 1.53846
1063 1.41304
1064 1.61111
1065 1.61798
1066 1.53226
1067 1.41509
1068 1.5
1069 1.55556
1070 1.5
1071 1.4
1072 1.33333
1073 1.5625
1074 1.51485
1075 1.41304
1076 1.58696
1077 1.64286
1078 1.56557
1079 1.45
1080 1.58462
1081 1.63462
1082 1.56643
1083 1.45604
1084 1.5
1085 1.58065
1086 1.53659
1087 1.44118
1088 0
1089 0
1090 1.5
1091 1.38679
1092 0
1093 1.66102
1094 1.54255
1095 1.4186
1096 1.63636
1097 1.625
1098 1.53448
1099 1.42105
1100 1.5
1101 1.55446
1102 1.5
1103 1.40571
1104 0
1105 1.61538
1106 1.5
1107 1.375
1108 1.74286
1109 1.66216
1110 1.53982
1111 1.40789
1112 1.64286
1113 1.625
1114 1.52941
1115 1.40909
1116 1.50649
1117 1.55085
1118 1.49057
1119 1.39
1120 1.5
1121 1.59091
1122 1.5
1123 1.38
1124 1.67391
1125 1.65169
1126 1.54545
1127 1.41714
1128 1.61765
1129 1.625
1130 1.53846
1131 1.42
1132 1.5
1133 1.55556
1134 1.5
1135 1.4
1136 1.32353
1137 1.55
1138 1.5
1139 1.39535
1140 1.57895
1141 1.63462
1142 1.55629
1143 1.43939
1144 1.575
1145 1.625
1146 1.55682
1147 1.44643
1148 1.48544
1149 1.56579
1150 1.52239
1151 1.428
1152 0
1153 1.62745
1154 1.54255
1155 1.43066
1156 1.75
1157 1.71053
1158 1.6
1159 1.47561
1160 1.67857
1161 1.68317
1162 1.59589
1163 1.48168
1164 1.55
1165 1.61111
1166 1.55814
1167 1.4633
1168 1.57895
1169 1.65152
1170 1.54867
1171 1.425
1172 1.77273
1173 1.71739
1174 1.6
1175 1.46809
1176 1.69565
1177 1.68644
1178 1.59281
1179 1.47222
1180 1.56383
1181 1.61111
1182 1.55155
1183 1.45082
1184 1.5
1185 1.62963
1186 1.54545
1187 1.42623
1188 1.71429
1189 1.7037
1190 1.6
1191 1.4717
1192 1.67073
1193 1.68148
1194 1.59574
1195 1.47718
1196 1.55556
1197 1.61111
1198 1.55556
1199 1.45556
1200 1.34146
1201 1.58333
1202 1.53642
1203 1.43204
1204 1.61765
1205 1.67742
1206 1.6
1207 1.48305
1208 1.62105
1209 1.67105
1210 1.60287
1211 1.49248
1212 1.53279
1213 1.61111
1214 1.56723
1215 1.47297
1216 1
1217 1.65625
1218 1.60345
1219 1.5
1220 1.75
1221 1.77419
1222 1.67808
1223 1.55779
1224 1.73529
1225 1.7623
1226 1.68182
1227 1.56957
1228 1.625
1229 1.69536
1230 1.64563
1231 1.55172
1232 1.5
1233 1.7
1234 1.61765
1235 1.5
1236 1.81132
1237 1.79091
1238 1.68263
1239 1.55357
1240 1.76829
1241 1.77143
1242 1.68182
1243 1.5625
1244 1.64865
1245 1.7
1246 1.64192
1247 1.54167
1248 1.5
1249 1.6875
1250 1.61538
1251 1.5
1252 1.77273
1253 1.77953
1254 1.68085
1255 1.55422
1256 1.75
1257 1.76582
1258 1.68182
1259 1.56383
1260 1.64286
1261 1.69841
1262 1.64286
1263 1.54286
1264 1.375
1265 1.64286
1266 1.60227
1267 1.5
1268 1.68354
1269 1.75
1270 1.67464
1271 1.55839
1272 1.7
1273 1.75
1274 1.68182
1275 1.57143
1276 1.61702
1277 1.69231
1278 1.64727
1279 1.55263
1280 0
1281 0
1282 1.54217
1283 1.43548
1284 0
1285 1.70588
1286 1.59091
1287 1.47368
1288 1.68627
1289 1.67021
1290 1.58394
1291 1.47778
1292 1.55263
1293 1.6
1294 1.54878
1295 1.46154
1296 0
1297 1.66102
1298 1.54808
1299 1.42953
1300 1.8
1301 1.7093
1302 1.59091
1303 1.46629
1304 1.69697
1305 1.67257
1306 1.58125
1307 1.4686
1308 1.56522
1309 1.6
1310 1.54255
1311 1.44915
1312 1.55556
1313 1.63158
1314 1.544
1315 1.43103
1316 1.72222
1317 1.69231
1318 1.59091
1319 1.47059
1320 1.66667
1321 1.66667
1322 1.5847
1323 1.47436
1324 1.55556
1325 1.6
1326 1.54717
1327 1.45455
1328 1.375
1329 1.58065
1330 1.53425
1331 1.43719
1332 1.61765
1333 1.66393
1334 1.59091
1335 1.48261
1336 1.61458
1337 1.65563
1338 1.59223
1339 1.49042
1340 1.53226
1341 1.6
1342 1.55932
1343 1.4726
1344 0
1345 1.64286
1346 1.53774
1347 1.42308
1348 1.8
1349 1.7093
1350 1.59124
1351 1.46809
1352 1.6875
1353 1.67241
1354 1.58333
1355 1.47273
1356 1.54839
1357 1.59589
1358 1.54271
1359 1.45238
1360 1.70004
1361 1.66216
1362 1.54688
1363 1.42308
1364 1.8
1365 1.71429
1366 1.59375
1367 1.46512
1368 1.7
1369 1.67647
1370 1.58333
1371 1.46774
1372 1.56364
1373 1.5988
1374 1.54018
1375 1.44484
1376 1.55882
1377 1.63043
1378 1.54
1379 1.42308
1380 1.72308
1381 1.69355
1382 1.59016
1383 1.46694
1384 1.66667
1385 1.66667
1386 1.58333
1387 1.47101
1388 1.55118
1389 1.59574
1390 1.54217
1391 1.44839
1392 1.375
1393 1.57273
1394 1.52326
1395 1.42308
1396 1.6125
1397 1.65734
1398 1.58252
1399 1.47212
1400 1.60714
1401 1.64773
1402 1.58333
1403 1.48026
1404 1.52083
1405 1.58852
1406 1.54745
1407 1.46018
1408 1.27273
1409 1.64286
1410 1.55814
1411 1.44681
1412 1.77273
1413 1.73077
1414 1.62195
1415 1.5
1416 1.7013
1417 1.7029
1418 1.61809
1419 1.50769
1420 1.57273
1421 1.62791
1422 1.57692
1423 1.48649
1424 1.61538
1425 1.67416
1426 1.57237
1427 1.45116
1428 1.8
1429 1.74194
1430 1.62766
1431 1.5
1432 1.7234
1433 1.71069
1434 1.62054
1435 1.50519
1436 1.59375
1437 1.63402
1438 1.57692
1439 1.4816
1440 1.53659
1441 1.64815
1442 1.56571
1443 1.45041
1444 1.73684
1445 1.72222
1446 1.62264
1447 1.5
1448 1.69369
1449 1.7
1450 1.61847
1451 1.50629
1452 1.58219
1453 1.62963
1454 1.57692
1455 1.48315
1456 1.375
1457 1.59055
1458 1.54545
1459 1.4461
1460 1.63043
1461 1.68293
1462 1.61017
1463 1.5
1464 1.63281
1465 1.67662
1466 1.61314
1467 1.51009
1468 1.54878
1469 1.61765
1470 1.57692
1471 1.48964
1472 1
1473 1.64286
1474 1.59211
1475 1.49091
1476 1.73585
1477 1.7623
1478 1.67016
1479 1.55385
1480 1.72222
1481 1.75
1482 1.67391
1483 1.56667
1484 1.61417
1485 1.68182
1486 1.63569
1487 1.54706
1488 1.5
1489 1.69231
1490 1.61364
1491 1.5
1492 1.8
1493 1.78322
1494 1.68056
1495 1.55709
1496 1.75926
1497 1.76374
1498 1.67969
1499 1.56667
1500 1.64384
1501 1.69231
1502 1.63851
1503 1.54447
1504 1.5
1505 1.67742
1506 1.61
1507 1.5
1508 1.75862
1509 1.76829
1510 1.67635
1511 1.5566
1512 1.7381
1513 1.7549
1514 1.6773
1515 1.56667
1516 1.63636
1517 1.68852
1518 1.63777
1519 1.54478
1520 1.375
1521 1.625
1522 1.58929
1523 1.49342
1524 1.66346
1525 1.72973
1526 1.66165
1527 1.55331
1528 1.68056
1529 1.73009
1530 1.66883
1531 1.56667
1532 1.60326
1533 1.67416
1534 1.63429
1535 1.54734
1536 0
1537 1.71186
1538 1.62069
1539 1.51445
1540 1.88889
1541 1.79787
1542 1.68421
1543 1.56667
1544 1.78571
1545 1.76744
1546 1.68085
1547 1.5749
1548 1.65385
1549 1.69512
1550 1.64286
1551 1.55634
1552 1.78947
1553 1.75
1554 1.6383
1555 1.5198
1556 1.90741
1557 1.81034
1558 1.69101
1559 1.56667
1560 1.80899
1561 1.77632
1562 1.68372
1563 1.57194
1564 1.67742
1565 1.70213
1566 1.64286
1567 1.55063
1568 1.66667
1569 1.72277
1570 1.63253
1571 1.51948
1572 1.83333
1573 1.78986
1574 1.68627
1575 1.56667
1576 1.77778
1577 1.76571
1578 1.68182
1579 1.57282
1580 1.66667
1581 1.69811
1582 1.64286
1583 1.55172
1584 1.49057
1585 1.66393
1586 1.61257
1587 1.51538
1588 1.72222
1589 1.75
1590 1.67391
1591 1.56667
1592 1.71654
1593 1.74242
1594 1.67658
1595 1.57647
1596 1.63415
1597 1.68644
1598 1.64286
1599 1.55789
1600 1.5
1601 1.71622
1602 1.61429
1603 1.5
1604 1.8913
1605 1.79646
1606 1.67778
1607 1.55466
1608 1.78571
1609 1.76316
1610 1.67273
1611 1.5625
1612 1.64754
1613 1.68586
1614 1.63077
1615 1.54103
1616 1.80769
1617 1.75
1618 1.63253
1619 1.50847
1620 1.90769
1621 1.80882
1622 1.68599
1623 1.55755
1624 1.80769
1625 1.77273
1626 1.67742
1627 1.5625
1628 1.67133
1629 1.69444
1630 1.63322
1631 1.53867
1632 1.68182
1633 1.72034
1634 1.625
1635 1.50752
1636 1.83333
1637 1.78616
1638 1.67949
1639 1.55663
1640 1.77419
1641 1.76
1642 1.67391
1643 1.5625
1644 1.65854
1645 1.6888
1646 1.63208
1647 1.53924
1648 1.5
1649 1.65714
1650 1.60092
1651 1.5
1652 1.71845
1653 1.74176
1654 1.66284
1655 1.55294
1656 1.70833
1657 1.73214
1658 1.66447
1659 1.5625
1660 1.62162
1661 1.67293
1662 1.62824
1663 1.54206
1664 1.35714
1665 1.70787
1666 1.62195
1667 1.51046
1668 1.85714
1669 1.80303
1670 1.69231
1671 1.57042
1672 1.78571
1673 1.77714
1674 1.69048
1675 1.58055
1676 1.65714
1677 1.70183
1678 1.64865
1679 1.55882
1680 1.72727
1681 1.75
1682 1.64398
1683 1.52222
1684 1.89474
1685 1.82051
1686 1.70339
1687 1.57595
1688 1.81513
1689 1.79
1690 1.69751
1691 1.58287
1692 1.68519
1693 1.71311
1694 1.65337
1695 1.55882
1696 1.65385
1697 1.72593
1698 1.63761
1699 1.52159
1700 1.83333
1701 1.8
1702 1.69697
1703 1.57471
1704 1.78571
1705 1.77778
1706 1.69355
1707 1.58228
1708 1.67391
1709 1.70741
1710 1.65169
1711 1.55882
1712 1.49296
1713 1.66456
1714 1.61224
1715 1.51205
1716 1.72414
1717 1.7549
1718 1.67808
1719 1.56842
1720 1.7205
1721 1.748
1722 1.68142
1723 1.57944
1724 1.63592
1725 1.68919
1726 1.64508
1727 1.55882
1728 1.1
1729 1.69231
1730 1.6383
1731 1.53676
1732 1.80303
1733 1.81457
1734 1.72034
1735 1.60436
1736 1.78571
1737 1.80303
1738 1.72535
1739 1.61892
1740 1.67722
1741 1.73469
1742 1.68675
1743 1.59905
1744 1.6
1745 1.75
1746 1.66667
1747 1.55263
1748 1.87356
1749 1.84091
1750 1.73585
1751 1.61299
1752 1.82836
1753 1.82143
1754 1.73567
1755 1.62376
1756 1.71271
1757 1.75
1758 1.69421
1759 1.60132
1760 1.6
1761 1.73684
1762 1.66393
1763 1.55357
1764 1.83333
1765 1.82587
1766 1.73129
1767 1.6124
1768 1.80769
1769 1.812
1770 1.73256
1771 1.62329
1772 1.70588
1773 1.74582
1774 1.69289
1775 1.60123
1776 1.475
1777 1.68182
1778 1.63971
1779 1.54348
1780 1.73643
1781 1.78319
1782 1.71207
1783 1.60476
1784 1.74719
1785 1.78261
1786 1.71925
1787 1.61864
1788 1.6696
1789 1.72699
1790 1.68471
1791 1.59924
1792 -1.19282e-12
1793 1.78947
1794 1.71141
1795 1.60811
1796 1.97826
1797 1.9
1798 1.78866
1799 1.67164
1800 1.89888
1801 1.87805
1802 1.79079
1803 1.68471
1804 1.77273
1805 1.80769
1806 1.75352
1807 1.66667
1808 1.875
1809 1.85149
1810 1.74157
1811 1.62353
1812 2.02941
1813 1.92466
1814 1.80357
1815 1.67881
1816 1.9375
1817 1.89529
1818 1.8
1819 1.68767
1820 1.80769
1821 1.82203
1822 1.75949
1823 1.66667
1824 1.8
1825 1.83333
1826 1.73913
1827 1.625
1828 1.96667
1829 1.90698
1830 1.79921
1831 1.67857
1832 1.91111
1833 1.88532
1834 1.79734
1835 1.6875
1836 1.8
1837 1.81818
1838 1.75862
1839 1.66667
1840 1.63636
1841 1.77483
1842 1.7161
1843 1.61682
1844 1.85714
1845 1.86364
1846 1.78169
1847 1.67297
1848 1.8481
1849 1.85714
1850 1.78614
1851 1.68496
1852 1.76471
1853 1.80137
1854 1.75263
1855 1.66667
1856 1.5
1857 1.80435
1858 1.7069
1859 1.59375
1860 2
1861 1.9
1862 1.78027
1863 1.65686
1864 1.90385
1865 1.87234
1866 1.77941
1867 1.66854
1868 1.76821
1869 1.79661
1870 1.73832
1871 1.64778
1872 1.9375
1873 1.85593
1874 1.73529
1875 1.61034
1876 2.0375
1877 1.92216
1878 1.79528
1879 1.66569
1880 1.9375
1881 1.88889
1882 1.78947
1883 1.67347
1884 1.80114
1885 1.81132
1886 1.74576
1887 1.65011
1888 1.83333
1889 1.83333
1890 1.73077
1891 1.61111
1892 1.97087
1893 1.90206
1894 1.78947
1895 1.66489
1896 1.90789
1897 1.87705
1898 1.78571
1899 1.6729
1900 1.79104
1901 1.80612
1902 1.74419
1903 1.65
1904 1.65789
1905 1.77059
1906 1.70455
1907 1.60056
1908 1.85714
1909 1.8552
1910 1.76899
1911 1.65693
1912 1.84091
1913 1.84559
1914 1.77174
1915 1.6681
1916 1.75221
1917 1.78638
1918 1.73571
1919 1.64797
1920 1.47059
1921 1.7963
1922 1.70854
1923 1.59655
1924 1.97059
1925 1.9
1926 1.78571
1927 1.66279
1928 1.89916
1929 1.87736
1930 1.78689
1931 1.67588
1932 1.77059
1933 1.80303
1934 1.74581
1935 1.65487
1936 1.875
1937 1.85185
1938 1.73913
1939 1.61538
1940 2.02174
1941 1.92553
1942 1.80282
1943 1.67368
1944 1.9375
1945 1.89627
1946 1.79882
1947 1.68276
1948 1.80612
1949 1.81973
1950 1.7551
1951 1.65918
1952 1.80952
1953 1.83333
1954 1.73563
1955 1.61667
1956 1.96552
1957 1.90741
1958 1.79747
1959 1.67308
1960 1.91124
1961 1.88519
1962 1.79515
1963 1.6822
1964 1.7973
1965 1.81481
1966 1.75352
1967 1.65909
1968 1.65116
1969 1.77249
1970 1.7089
1971 1.60506
1972 1.85714
1973 1.86066
1974 1.77586
1975 1.66372
1976 1.84536
1977 1.85284
1978 1.7797
1979 1.67584
1980 1.75806
1981 1.79379
1982 1.74348
1983 1.65548
1984 1.25
1985 1.77419
1986 1.71429
1987 1.61111
1988 1.91139
1989 1.9
1990 1.80071
1991 1.68325
1992 1.88806
1993 1.88983
1994 1.80769
1995 1.7
1996 1.77778
1997 1.82192
1998 1.76962
1999 1.68072
2000 1.75
2001 1.84211
2002 1.75
2003 1.63333
2004 1.99038
2005 1.93301
2006 1.82166
2007 1.6969
2008 1.9375
2009 1.91353
2010 1.82258
2011 1.70921
2012 1.81944
2013 1.84211
2014 1.7814
2015 1.68715
2016 1.75
2017 1.83333
2018 1.75
2019 1.63636
2020 1.95349
2021 1.92017
2022 1.81844
2023 1.69737
2024 1.91935
2025 1.90541
2026 1.8202
2027 1.7093
2028 1.81481
2029 1.83898
2030 1.78065
2031 1.6875
2032 1.625
2033 1.77885
2034 1.725
2035 1.625
2036 1.85714
2037 1.8764
2038 1.79737
2039 1.68763
2040 1.85849
2041 1.87423
2042 1.80455
2043 1.70217
2044 1.77778
2045 1.81818
2046 1.77
2047 1.68293
2048 0
2049 0
2050 1.6
2051 1.5
2052 0
2053 1.75904
2054 1.64925
2055 1.54054
2056 1.75
2057 1.72414
2058 1.64286
2059 1.54545
2060 1.625
2061 1.65772
2062 1.60891
2063 1.52941
2064 0
2065 1.72222
2066 1.61111
2067 1.5
2068 1.86275
2069 1.76415
2070 1.65217
2071 1.53704
2072 1.7619
2073 1.72857
2074 1.64286
2075 1.53968
2076 1.64103
2077 1.66092
2078 1.60606
2079 1.52083
2080 1.66667
2081 1.69149
2082 1.60526
2083 1.5
2084 1.78571
2085 1.74419
2086 1.64894
2087 1.53846
2088 1.73077
2089 1.71951
2090 1.64286
2091 1.54225
2092 1.63043
2093 1.65829
2094 1.60769
2095 1.52336
2096 1.5
2097 1.63793
2098 1.58989
2099 1.5
2100 1.68539
2101 1.71053
2102 1.64186
2103 1.54317
2104 1.67742
2105 1.70213
2106 1.64286
2107 1.55063
2108 1.60377
2109 1.65179
2110 1.61246
2111 1.5339
2112 0
2113 1.70149
2114 1.59524
2115 1.48649
2116 1.86364
2117 1.75962
2118 1.64634
2119 1.53125
2120 1.75
2121 1.7234
2122 1.63861
2123 1.53612
2124 1.62069
2125 1.65169
2126 1.6
2127 1.51656
2128 1.81481
2129 1.72222
2130 1.60784
2131 1.49074
2132 1.85938
2133 1.76562
2134 1.65104
2135 1.53125
2136 1.76238
2137 1.72892
2138 1.64069
2139 1.53378
2140 1.63768
2141 1.65686
2142 1.6
2143 1.5119
2144 1.67391
2145 1.69027
2146 1.6
2147 1.48988
2148 1.78571
2149 1.74342
2150 1.64545
2151 1.53125
2152 1.72951
2153 1.71728
2154 1.63846
2155 1.53495
2156 1.625
2157 1.65217
2158 1.6
2159 1.51351
2160 1.50769
2161 1.63235
2162 1.57971
2163 1.48561
2164 1.68269
2165 1.70455
2166 1.63306
2167 1.53125
2168 1.67133
2169 1.69444
2170 1.63322
2171 1.53867
2172 1.59341
2173 1.64062
2174 1.6
2175 1.5198
2176 1.5
2177 1.69048
2178 1.60526
2179 1.5
2180 1.82143
2181 1.768
2182 1.66495
2183 1.55133
2184 1.75
2185 1.74096
2186 1.66102
2187 1.55882
2188 1.63235
2189 1.6715
2190 1.6223
2191 1.53868
2192 1.72222
2193 1.72222
2194 1.62222
2195 1.50794
2196 1.84416
2197 1.78
2198 1.67265
2199 1.55405
2200 1.77119
2201 1.75
2202 1.66541
2203 1.55882
2204 1.65409
2205 1.67949
2206 1.6246
2207 1.53646
2208 1.64286
2209 1.69697
2210 1.61538
2211 1.50704
2212 1.78571
2213 1.76
2214 1.66667
2215 1.55319
2216 1.74286
2217 1.73853
2218 1.66216
2219 1.55882
2220 1.64286
2221 1.67433
2222 1.62353
2223 1.53699
2224 1.5
2225 1.64103
2226 1.59322
2227 1.5
2228 1.68908
2229 1.72
2230 1.65125
2231 1.54972
2232 1.68519
2233 1.71311
2234 1.65337
2235 1.55882
2236 1.60976
2237 1.65972
2238 1.61995
2239 1.53965
2240 1.25
2241 1.67327
2242 1.6236
2243 1.52941
2244 1.76471
2245 1.78082
2246 1.69643
2247 1.5894
2248 1.75
2249 1.76963
2250 1.7
2251 1.60172
2252 1.65385
2253 1.70763
2254 1.66456
2255 1.58333
2256 1.6
2257 1.72222
2258 1.64734
2259 1.54167
2260 1.82222
2261 1.80233
2262 1.70866
2263 1.59524
2264 1.78519
2265 1.7844
2266 1.70764
2267 1.60417
2268 1.68333
2269 1.7197
2270 1.66954
2271 1.58333
2272 1.59091
2273 1.70861
2274 1.64407
2275 1.54206
2276 1.78571
2277 1.78788
2278 1.70423
2279 1.59459
2280 1.76582
2281 1.77551
2282 1.70482
2283 1.60382
2284 1.67647
2285 1.71575
2286 1.66842
2287 1.58333
2288 1.48276
2289 1.65909
2290 1.62264
2291 1.5339
2292 1.70149
2293 1.75
2294 1.6879
2295 1.58911
2296 1.71271
2297 1.75
2298 1.69421
2299 1.60132
2300 1.64474
2301 1.7
2302 1.66262
2303 1.58333
2304 0
2305 1.70588
2306 1.60448
2307 1.5
2308 1.88372
2309 1.77273
2310 1.66102
2311 1.54918
2312 1.7619
2313 1.73684
2314 1.65455
2315 1.55556
2316 1.632
2317 1.66495
2318 1.61597
2319 1.53614
2320 1.83333
2321 1.73404
2322 1.62195
2323 1.50855
2324 1.87879
2325 1.78102
2326 1.66827
2327 1.55197
2328 1.77778
2329 1.74444
2330 1.65873
2331 1.55556
2332 1.65333
2333 1.67265
2334 1.61824
2335 1.53388
2336 1.67391
2337 1.7
2338 1.6134
2339 1.50746
2340 1.79775
2341 1.7561
2342 1.66109
2343 1.55096
2344 1.74242
2345 1.73077
2346 1.65493
2347 1.55556
2348 1.64
2349 1.66667
2350 1.61702
2351 1.53448
2352 1.5
2353 1.63699
2354 1.58929
2355 1.5
2356 1.6875
2357 1.71204
2358 1.64444
2359 1.54728
2360 1.67949
2361 1.70339
2362 1.64557
2363 1.55556
2364 1.605
2365 1.65125
2366 1.61326
2367 1.53725
2368 1.72727
2369 1.7093
2370 1.60248
2371 1.49153
2372 1.875
2373 1.77273
2374 1.65865
2375 1.54225
2376 1.76238
2377 1.73595
2378 1.65098
2379 1.54819
2380 1.63014
2381 1.66071
2382 1.60927
2383 1.52632
2384 1.82353
2385 1.73451
2386 1.61979
2387 1.50185
2388 1.875
2389 1.78125
2390 1.66667
2391 1.54688
2392 1.77778
2393 1.74396
2394 1.65625
2395 1.55013
2396 1.65116
2397 1.66929
2398 1.6131
2399 1.52632
2400 1.68421
2401 1.7
2402 1.60987
2403 1.5
2404 1.79808
2405 1.75532
2406 1.65809
2407 1.54494
2408 1.74172
2409 1.72881
2410 1.65109
2411 1.54926
2412 1.63636
2413 1.66197
2414 1.61081
2415 1.52632
2416 1.5125
2417 1.63473
2418 1.58268
2419 1.48974
2420 1.6875
2421 1.70833
2422 1.63816
2423 1.53827
2424 1.67614
2425 1.69811
2426 1.63842
2427 1.54628
2428 1.59821
2429 1.64331
2430 1.60396
2431 1.52632
2432 1.5
2433 1.69231
2434 1.60638
2435 1.5
2436 1.82609
2437 1.77273
2438 1.66946
2439 1.55556
2440 1.75424
2441 1.7451
2442 1.66552
2443 1.56383
2444 1.63473
2445 1.67323
2446 1.62463
2447 1.54206
2448 1.72727
2449 1.72727
2450 1.62727
2451 1.51299
2452 1.85106
2453 1.78689
2454 1.68015
2455 1.56233
2456 1.77778
2457 1.75641
2458 1.67284
2459 1.56763
2460 1.65979
2461 1.68421
2462 1.63032
2463 1.5439
2464 1.64706
2465 1.7
2466 1.61905
2467 1.51163
2468 1.78992
2469 1.76415
2470 1.67213
2471 1.5603
2472 1.74706
2473 1.74242
2474 1.6676
2475 1.56637
2476 1.64706
2477 1.67722
2478 1.62774
2479 1.54348
2480 1.5
2481 1.6383
2482 1.59155
2483 1.5
2484 1.6875
2485 1.71784
2486 1.65089
2487 1.55172
2488 1.68367
2489 1.71088
2490 1.65306
2491 1.56122
2492 1.60887
2493 1.65706
2494 1.61883
2495 1.54128
2496 1.24138
2497 1.66393
2498 1.61395
2499 1.51948
2500 1.7561
2501 1.77273
2502 1.68889
2503 1.58242
2504 1.74074
2505 1.76087
2506 1.69231
2507 1.59524
2508 1.64362
2509 1.69718
2510 1.65526
2511 1.57563
2512 1.59259
2513 1.71523
2514 1.64113
2515 1.53623
2516 1.81481
2517 1.79612
2518 1.70395
2519 1.59204
2520 1.77778
2521 1.77778
2522 1.70278
2523 1.60131
2524 1.67593
2525 1.71203
2526 1.66346
2527 1.57946
2528 1.58228
2529 1.7
2530 1.63701
2531 1.53665
2532 1.77612
2533 1.77966
2534 1.69822
2535 1.59091
2536 1.75661
2537 1.76712
2538 1.69873
2539 1.6004
2540 1.66803
2541 1.7069
2542 1.6615
2543 1.57914
2544 1.47115
2545 1.64593
2546 1.61146
2547 1.52506
2548 1.6875
2549 1.73684
2550 1.67742
2551 1.58159
2552 1.69907
2553 1.73684
2554 1.68372
2555 1.59404
2556 1.63235
2557 1.68684
2558 1.65164
2559 1.5755
2560 1
2561 1.73256
2562 1.64286
2563 1.54
2564 1.90741
2565 1.81752
2566 1.70909
2567 1.59736
2568 1.80769
2569 1.78723
2570 1.70588
2571 1.60674
2572 1.68182
2573 1.71548
2574 1.66667
2575 1.5868
2576 1.83333
2577 1.77586
2578 1.66832
2579 1.55556
2580 1.92593
2581 1.83333
2582 1.72157
2583 1.60526
2584 1.83333
2585 1.8
2586 1.71429
2587 1.61111
2588 1.71038
2589 1.72794
2590 1.67313
2591 1.58889
2592 1.71434
2593 1.74658
2594 1.66102
2595 1.55521
2596 1.85185
2597 1.80905
2598 1.71379
2599 1.60367
2600 1.8
2601 1.78571
2602 1.7093
2603 1.61009
2604 1.69811
2605 1.72131
2606 1.67085
2607 1.58859
2608 1.54878
2609 1.68182
2610 1.63333
2611 1.54396
2612 1.74074
2613 1.76087
2614 1.69231
2615 1.59524
2616 1.73404
2617 1.75352
2618 1.69474
2619 1.60504
2620 1.65975
2621 1.70118
2622 1.66207
2623 1.58647
2624 1.64286
2625 1.74286
2626 1.64286
2627 1.5331
2628 1.91176
2629 1.81875
2630 1.70635
2631 1.59012
2632 1.81148
2633 1.78605
2634 1.7013
2635 1.5985
2636 1.68182
2637 1.71111
2638 1.65934
2639 1.57642
2640 1.85366
2641 1.77941
2642 1.66667
2643 1.54908
2644 1.92708
2645 1.83333
2646 1.71875
2647 1.59896
2648 1.83444
2649 1.79839
2650 1.71014
2651 1.60407
2652 1.70874
2653 1.72368
2654 1.66667
2655 1.58
2656 1.73532
2657 1.7485
2658 1.65789
2659 1.54795
2660 1.85484
2661 1.80804
2662 1.70988
2663 1.5967
2664 1.8
2665 1.78292
2666 1.70419
2667 1.60248
2668 1.69492
2669 1.71598
2670 1.66364
2671 1.57934
2672 1.56842
2673 1.68182
2674 1.62791
2675 1.53465
2676 1.74342
2677 1.75781
2678 1.68611
2679 1.58621
2680 1.73206
2681 1.74841
2682 1.68735
2683 1.59542
2684 1.65414
2685 1.69355
2686 1.65272
2687 1.57534
2688 1.5
2689 1.72581
2690 1.64286
2691 1.53704
2692 1.86585
2693 1.81421
2694 1.71127
2695 1.5974
2696 1.8
2697 1.78926
2698 1.7093
2699 1.60762
2700 1.68182
2701 1.71761
2702 1.66832
2703 1.5858
2704 1.76923
2705 1.76923
2706 1.66923
2707 1.55495
2708 1.9009
2709 1.83333
2710 1.72586
2711 1.60798
2712 1.82941
2713 1.80435
2714 1.7199
2715 1.61475
2716 1.71179
2717 1.73214
2718 1.6772
2719 1.59091
2720 1.7
2721 1.74468
2722 1.66216
2723 1.55446
2724 1.84286
2725 1.81124
2726 1.71788
2727 1.606
2728 1.8
2729 1.79032
2730 1.71429
2731 1.61321
2732 1.7
2733 1.72507
2734 1.67427
2735 1.59022
2736 1.55556
2737 1.68182
2738 1.63253
2739 1.54054
2740 1.73965
2741 1.76241
2742 1.69367
2743 1.59449
2744 1.73478
2745 1.75581
2746 1.69651
2747 1.6049
2748 1.65979
2749 1.70197
2750 1.66219
2751 1.58491
2752 1.26471
2753 1.69231
2754 1.64286
2755 1.54848
2756 1.79167
2757 1.80583
2758 1.72152
2759 1.61502
2760 1.77848
2761 1.79554
2762 1.72632
2763 1.62933
2764 1.68182
2765 1.73193
2766 1.68919
2767 1.60971
2768 1.63492
2769 1.75
2770 1.67474
2771 1.56965
2772 1.85714
2773 1.83333
2774 1.74011
2775 1.62821
2776 1.82011
2777 1.81579
2778 1.73986
2779 1.63858
2780 1.71825
2781 1.75
2782 1.70041
2783 1.61667
2784 1.63043
2785 1.73684
2786 1.67178
2787 1.57111
2788 1.82051
2789 1.81752
2790 1.73469
2791 1.62745
2792 1.8
2793 1.80531
2794 1.73581
2795 1.63778
2796 1.71127
2797 1.74505
2798 1.69847
2799 1.61646
2800 1.52066
2801 1.68182
2802 1.64463
2803 1.55785
2804 1.73118
2805 1.77273
2806 1.71163
2807 1.61594
2808 1.74104
2809 1.77273
2810 1.71831
2811 1.62903
2812 1.67405
2813 1.72273
2814 1.68617
2815 1.61047
2816 0.5
2817 1.76923
2818 1.69802
2819 1.6
2820 1.93846
2821 1.87805
2822 1.77567
2823 1.66575
2824 1.87097
2825 1.85714
2826 1.77778
2827 1.67925
2828 1.7541
2829 1.78873
2830 1.74026
2831 1.66049
2832 1.83333
2833 1.83333
2834 1.73333
2835 1.62281
2836 1.98958
2837 1.90452
2838 1.7947
2839 1.67901
2840 1.91026
2841 1.87692
2842 1.79121
2843 1.68803
2844 1.79167
2845 1.80685
2846 1.75117
2847 1.66667
2848 1.77273
2849 1.81395
2850 1.73022
2851 1.625
2852 1.92913
2853 1.88462
2854 1.78886
2855 1.67857
2856 1.88298
2857 1.86486
2858 1.78713
2859 1.6875
2860 1.78313
2861 1.80168
2862 1.74946
2863 1.66667
2864 1.625
2865 1.75243
2866 1.70253
2867 1.61268
2868 1.82278
2869 1.83643
2870 1.76579
2871 1.66802
2872 1.81818
2873 1.83133
2874 1.77027
2875 1.67986
2876 1.74468
2877 1.77975
2878 1.73819
2879 1.66184
2880 1.52941
2881 1.79032
2882 1.7013
2883 1.59467
2884 1.9625
2885 1.88298
2886 1.77365
2887 1.65842
2888 1.88112
2889 1.85714
2890 1.77285
2891 1.67021
2892 1.75728
2893 1.78481
2894 1.73239
2895 1.64925
2896 1.89583
2897 1.84277
2898 1.73333
2899 1.6168
2900 2
2901 1.90625
2902 1.79167
2903 1.67188
2904 1.91477
2905 1.87543
2906 1.78607
2907 1.67961
2908 1.79167
2909 1.80226
2910 1.74359
2911 1.65636
2912 1.81013
2913 1.81959
2914 1.72816
2915 1.61792
2916 1.9375
2917 1.88462
2918 1.78457
2919 1.67073
2920 1.88517
2921 1.86196
2922 1.78104
2923 1.67857
2924 1.78102
2925 1.79592
2926 1.74118
2927 1.65605
2928 1.65455
2929 1.75546
2930 1.69828
2931 1.60385
2932 1.82955
2933 1.83446
2934 1.75962
2935 1.65858
2936 1.81818
2937 1.82645
2938 1.7624
2939 1.66942
2940 1.74026
2941 1.77209
2942 1.72826
2943 1.64985
2944 1.5
2945 1.77778
2946 1.7
2947 1.59574
2948 1.92627
2949 1.87736
2950 1.77508
2951 1.66144
2952 1.87037
2953 1.85714
2954 1.77638
2955 1.67442
2956 1.75546
2957 1.78736
2958 1.73662
2959 1.65358
2960 1.83333
2961 1.83333
2962 1.73333
2963 1.61905
2964 1.97656
2965 1.90361
2966 1.79459
2967 1.67617
2968 1.90816
2969 1.87736
2970 1.79091
2971 1.68505
2972 1.79167
2973 1.8062
2974 1.74902
2975 1.66193
2976 1.78261
2977 1.81481
2978 1.72941
2979 1.62069
2980 1.92547
2981 1.88462
2982 1.78832
2983 1.67537
2984 1.88261
2985 1.86517
2986 1.78631
2987 1.68421
2988 1.78261
2989 1.80047
2990 1.74684
2991 1.66176
2992 1.64516
2993 1.75397
2994 1.7
2995 1.6063
2996 1.82474
2997 1.83591
2998 1.76327
2999 1.66265
3000 1.81818
3001 1.82995
3002 1.76718
3003 1.67431
3004 1.74251
3005 1.77634
3006 1.73322
3007 1.65475
3008 1.30769
3009 1.7439
3010 1.6955
3011 1.60145
3012 1.85461
3013 1.86441
3014 1.77901
3015 1.67213
3016 1.8453
3017 1.85714
3018 1.78621
3019 1.68861
3020 1.75
3021 1.79474
3022 1.75
3023 1.66981
3024 1.70833
3025 1.81095
3026 1.73333
3027 1.62745
3028 1.93056
3029 1.89781
3030 1.80198
3031 1.68914
3032 1.89352
3033 1.88184
3034 1.80335
3035 1.70115
3036 1.79167
3037 1.81667
3038 1.76449
3039 1.67982
3040 1.71429
3041 1.80252
3042 1.73315
3043 1.63095
3044 1.89888
3045 1.88462
3046 1.79821
3047 1.68966
3048 1.87649
3049 1.87306
3050 1.80038
3051 1.70122
3052 1.78704
3053 1.81304
3054 1.76342
3055 1.68033
3056 1.6087
3057 1.74909
3058 1.70631
3059 1.61749
3060 1.81132
3061 1.84
3062 1.77459
3063 1.67732
3064 1.81818
3065 1.84
3066 1.78191
3067 1.69132
3068 1.75
3069 1.79
3070 1.75
3071 1.67308
3072 0
3073 1.8
3074 1.7
3075 1.6
3076 2
3077 1.87097
3078 1.76
3079 1.65217
3080 1.875
3081 1.83815
3082 1.756
3083 1.66055
3084 1.75
3085 1.77027
3086 1.72
3087 1.64286
3088 2
3089 1.83962
3090 1.72432
3091 1.61364
3092 2
3093 1.88462
3094 1.77119
3095 1.65823
3096 1.896
3097 1.84951
3098 1.76307
3099 1.66304
3100 1.77586
3101 1.78125
3102 1.72485
3103 1.64286
3104 1.83333
3105 1.81022
3106 1.71818
3107 1.61386
3108 1.92308
3109 1.8617
3110 1.76471
3111 1.6573
3112 1.86364
3113 1.83682
3114 1.75926
3115 1.66259
3116 1.76471
3117 1.77586
3118 1.7234
3119 1.64286
3120 1.66667
3121 1.75
3122 1.69412
3123 1.60526
3124 1.81818
3125 1.81818
3126 1.74675
3127 1.65152
3128 1.80328
3129 1.80882
3130 1.74792
3131 1.66
3132 1.73077
3133 1.75926
3134 1.71739
3135 1.64286
3136 2
3137 1.8125
3138 1.7
3139 1.59091
3140 2
3141 1.87248
3142 1.75641
3143 1.64263
3144 1.87931
3145 1.83663
3146 1.75
3147 1.64973
3148 1.75
3149 1.76471
3150 1.71053
3151 1.62937
3152 2
3153 1.84375
3154 1.72222
3155 1.60526
3156 2
3157 1.88462
3158 1.76753
3159 1.65
3160 1.89726
3161 1.84746
3162 1.75767
3163 1.65385
3164 1.77387
3165 1.77586
3166 1.71654
3167 1.63136
3168 1.85294
3169 1.8125
3170 1.71429
3171 1.60465
3172 1.92623
3173 1.86047
3174 1.75974
3175 1.64838
3176 1.86364
3177 1.83333
3178 1.75275
3179 1.65284
3180 1.76087
3181 1.76923
3182 1.71429
3183 1.63107
3184 1.6875
3185 1.75
3186 1.6875
3187 1.59375
3188 1.82119
3189 1.81452
3190 1.73913
3191 1.64027
3192 1.80097
3193 1.80263
3194 1.73881
3195 1.648
3196 1.72414
3197 1.75
3198 1.70588
3199 1.62903
3200 1.75
3201 1.79487
3202 1.7
3203 1.59406
3204 1.95
3205 1.86782
3206 1.76119
3207 1.64917
3208 1.86765
3209 1.83983
3210 1.75767
3211 1.65796
3212 1.75
3213 1.77083
3214 1.71875
3215 1.6375
3216 1.90566
3217 1.83333
3218 1.7247
3219 1.61047
3220 1.97273
3221 1.88462
3222 1.77451
3223 1.65842
3224 1.89222
3225 1.85338
3226 1.76712
3227 1.66379
3228 1.77679
3229 1.78395
3230 1.72642
3231 1.64122
3232 1.81707
3233 1.80874
3234 1.71831
3235 1.61039
3236 1.91429
3237 1.86364
3238 1.76744
3239 1.65695
3240 1.86364
3241 1.84053
3242 1.76238
3243 1.66272
3244 1.76562
3245 1.77778
3246 1.72414
3247 1.64085
3248 1.67568
3249 1.75
3250 1.69159
3251 1.59859
3252 1.81765
3253 1.81884
3254 1.74607
3255 1.64754
3256 1.80349
3257 1.80952
3258 1.74718
3259 1.65636
3260 1.72917
3261 1.75758
3262 1.71429
3263 1.63725
3264 1.5
3265 1.76087
3266 1.7
3267 1.60526
3268 1.875
3269 1.8593
3270 1.77152
3271 1.66667
3272 1.84615
3273 1.84615
3274 1.77473
3275 1.67949
3276 1.75
3277 1.78505
3278 1.73944
3279 1.66102
3280 1.77273
3281 1.81395
3282 1.73022
3283 1.625
3284 1.92913
3285 1.88462
3286 1.78886
3287 1.67857
3288 1.88298
3289 1.86486
3290 1.78713
3291 1.6875
3292 1.78313
3293 1.80168
3294 1.74946
3295 1.66667
3296 1.75
3297 1.80097
3298 1.72785
3299 1.62676
3300 1.89241
3301 1.86989
3302 1.78421
3303 1.67821
3304 1.86364
3305 1.85542
3306 1.78378
3307 1.68705
3308 1.7766
3309 1.79747
3310 1.74803
3311 1.66667
3312 1.64286
3313 1.75
3314 1.70339
3315 1.61538
3316 1.80952
3317 1.82895
3318 1.76372
3319 1.66854
3320 1.80952
3321 1.82609
3322 1.7686
3323 1.68
3324 1.74286
3325 1.77778
3326 1.7377
3327 1.66216
3328 2
3329 1.79787
3330 1.69189
3331 1.58696
3332 2
3333 1.86842
3334 1.7541
3335 1.64286
3336 1.87179
3337 1.83333
3338 1.74917
3339 1.65152
3340 1.74138
3341 1.76119
3342 1.70994
3343 1.63158
3344 2
3345 1.83721
3346 1.71875
3347 1.60502
3348 2
3349 1.88298
3350 1.76761
3351 1.65263
3352 1.89333
3353 1.84615
3354 1.75872
3355 1.6576
3356 1.76923
3357 1.77451
3358 1.71782
3359 1.63546
3360 1.83077
3361 1.80488
3362 1.71103
3363 1.60497
3364 1.91935
3365 1.85714
3366 1.75926
3367 1.65094
3368 1.85792
3369 1.83099
3370 1.75325
3371 1.65638
3372 1.7562
3373 1.76744
3374 1.71525
3375 1.63504
3376 1.65625
3377 1.73869
3378 1.68212
3379 1.59259
3380 1.80769
3381 1.80769
3382 1.73626
3383 1.64103
3384 1.79167
3385 1.79751
3386 1.73709
3387 1.64972
3388 1.71739
3389 1.74607
3390 1.70492
3391 1.63131
3392 2
3393 1.81034
3394 1.69444
3395 1.58228
3396 2
3397 1.87079
3398 1.75269
3399 1.63684
3400 1.87681
3401 1.83333
3402 1.74561
3403 1.64414
3404 1.74372
3405 1.75828
3406 1.7037
3407 1.62205
3408 2
3409 1.84211
3410 1.71875
3411 1.6
3412 2
3413 1.88372
3414 1.76562
3415 1.64706
3416 1.89535
3417 1.84532
3418 1.75521
3419 1.65102
3420 1.76923
3421 1.77126
3422 1.71205
3423 1.62703
3424 1.85
3425 1.80851
3426 1.70946
3427 1.59901
3428 1.92308
3429 1.85714
3430 1.75623
3431 1.64468
3432 1.85922
3433 1.82911
3434 1.74883
3435 1.64925
3436 1.75465
3437 1.76316
3438 1.70876
3439 1.62625
3440 1.67857
3441 1.74107
3442 1.67857
3443 1.58482
3444 1.8125
3445 1.80623
3446 1.73134
3447 1.63301
3448 1.79167
3449 1.79379
3450 1.73077
3451 1.64089
3452 1.71382
3453 1.73986
3454 1.69663
3455 1.62096
3456 1.75862
3457 1.78986
3458 1.69231
3459 1.58427
3460 1.94681
3461 1.86275
3462 1.75478
3463 1.64151
3464 1.86164
3465 1.83333
3466 1.75066
3467 1.65041
3468 1.74107
3469 1.7619
3470 1.70982
3471 1.62857
3472 1.90323
3473 1.82857
3474 1.71875
3475 1.60349
3476 1.96875
3477 1.88017
3478 1.76966
3479 1.65319
3480 1.8866
3481 1.8479
3482 1.76179
3483 1.65863
3484 1.76923
3485 1.7766
3486 1.71951
3487 1.63487
3488 1.81051
3489 1.80189
3490 1.71125
3491 1.60314
3492 1.90741
3493 1.85714
3494 1.76131
3495 1.65116
3496 1.8559
3497 1.83333
3498 1.75589
3499 1.657
3500 1.75676
3501 1.76923
3502 1.71642
3503 1.63415
3504 1.66406
3505 1.73896
3506 1.68108
3507 1.58859
3508 1.80612
3509 1.80818
3510 1.73636
3511 1.63879
3512 1.79167
3513 1.79845
3514 1.73725
3515 1.64771
3516 1.71687
3517 1.74561
3518 1.70345
3519 1.62784
3520 1.5
3521 1.75
3522 1.68705
3523 1.59091
3524 1.86486
3525 1.84783
3526 1.75931
3527 1.65385
3528 1.83333
3529 1.83333
3530 1.7619
3531 1.66667
3532 1.73494
3533 1.77027
3534 1.72505
3535 1.64706
3536 1.76316
3537 1.80303
3538 1.71875
3539 1.61312
3540 1.91781
3541 1.87361
3542 1.77806
3543 1.66796
3544 1.87037
3545 1.85294
3546 1.77586
3547 1.67687
3548 1.76923
3549 1.78832
3550 1.73694
3551 1.65507
3552 1.73636
3553 1.78814
3554 1.71547
3555 1.61475
3556 1.87845
3557 1.85714
3558 1.77241
3559 1.66726
3560 1.84921
3561 1.84211
3562 1.77165
3563 1.6761
3564 1.76161
3565 1.78319
3566 1.73494
3567 1.65493
3568 1.625
3569 1.73358
3570 1.68812
3571 1.60112
3572 1.79167
3573 1.81268
3574 1.74895
3575 1.65517
3576 1.79167
3577 1.80952
3578 1.75362
3579 1.66667
3580 1.725
3581 1.76065
3582 1.72204
3583 1.64822
3584 1.5
3585 1.80531
3586 1.70909
3587 1.6055
3588 2
3589 1.88889
3590 1.77778
3591 1.66667
3592 1.8913
3593 1.8583
3594 1.77528
3595 1.67742
3596 1.76471
3597 1.78662
3598 1.73585
3599 1.6573
3600 1.97561
3601 1.85526
3602 1.74144
3603 1.62834
3604 2.01852
3605 1.90909
3606 1.79518
3607 1.68018
3608 1.92
3609 1.875
3610 1.78803
3611 1.68677
3612 1.79752
3613 1.80337
3614 1.74681
3615 1.66438
3616 1.84211
3617 1.82723
3618 1.73529
3619 1.62945
3620 1.94444
3621 1.88462
3622 1.78723
3623 1.67886
3624 1.88679
3625 1.86018
3626 1.78251
3627 1.68561
3628 1.78571
3629 1.79648
3630 1.74419
3631 1.66404
3632 1.67568
3633 1.76087
3634 1.70487
3635 1.61538
3636 1.83333
3637 1.83333
3638 1.7619
3639 1.66667
3640 1.81928
3641 1.82432
3642 1.76375
3643 1.67647
3644 1.74528
3645 1.77273
3646 1.73132
3647 1.65789
3648 1.9
3649 1.82353
3650 1.71429
3651 1.60326
3652 2.01111
3653 1.89372
3654 1.77778
3655 1.66213
3656 1.9
3657 1.85971
3658 1.77273
3659 1.67121
3660 1.76957
3661 1.7851
3662 1.73077
3663 1.64906
3664 2
3665 1.86364
3666 1.74324
3667 1.625
3668 2.02362
3669 1.91129
3670 1.79404
3671 1.67551
3672 1.92424
3673 1.875
3674 1.78507
3675 1.68085
3676 1.79926
3677 1.80102
3678 1.74175
3679 1.65674
3680 1.86957
3681 1.83333
3682 1.73529
3683 1.625
3684 1.95122
3685 1.88581
3686 1.78502
3687 1.67347
3688 1.88983
3689 1.85912
3690 1.77869
3691 1.67915
3692 1.78571
3693 1.7931
3694 1.73843
3695 1.65602
3696 1.70312
3697 1.76562
3698 1.70312
3699 1.60938
3700 1.8408
3701 1.83333
3702 1.75817
3703 1.65986
3704 1.82117
3705 1.82178
3706 1.75843
3707 1.66867
3708 1.74352
3709 1.76778
3710 1.72414
3711 1.64865
3712 1.73529
3713 1.80503
3714 1.71127
3715 1.60391
3716 1.96296
3717 1.88462
3718 1.77778
3719 1.66461
3720 1.88462
3721 1.85761
3722 1.77523
3723 1.67496
3724 1.76562
3725 1.78646
3726 1.73438
3727 1.65313
3728 1.91549
3729 1.85
3730 1.74164
3731 1.62664
3732 1.99315
3733 1.9058
3734 1.79557
3735 1.6791
3736 1.91403
3737 1.875
3738 1.78882
3739 1.68567
3740 1.7973
3741 1.80374
3742 1.74643
3743 1.66185
3744 1.83333
3745 1.82573
3746 1.73529
3747 1.62722
3748 1.93478
3749 1.88365
3750 1.78761
3751 1.67747
3752 1.88462
3753 1.86076
3754 1.78302
3755 1.68421
3756 1.78571
3757 1.79661
3758 1.74342
3759 1.66129
3760 1.68966
3761 1.76241
3762 1.70406
3763 1.61151
3764 1.83333
3765 1.83333
3766 1.76104
3767 1.66352
3768 1.8194
3769 1.8242
3770 1.76257
3771 1.67318
3772 1.74468
3773 1.77132
3774 1.72866
3775 1.65327
3776 1.5
3777 1.76374
3778 1.70253
3779 1.60667
3780 1.88095
3781 1.8659
3782 1.77778
3783 1.67232
3784 1.85294
3785 1.85294
3786 1.78151
3787 1.68627
3788 1.75532
3789 1.78998
3790 1.7446
3791 1.66667
3792 1.77907
3793 1.82143
3794 1.73757
3795 1.632
3796 1.93939
3797 1.89474
3798 1.7991
3799 1.689
3800 1.89344
3801 1.875
3802 1.79771
3803 1.6988
3804 1.79257
3805 1.81034
3806 1.75868
3807 1.67694
3808 1.75806
3809 1.80827
3810 1.73529
3811 1.63455
3812 1.90196
3813 1.87896
3814 1.79388
3815 1.68878
3816 1.87324
3817 1.86449
3818 1.79371
3819 1.69832
3820 1.78571
3821 1.8055
3822 1.75688
3823 1.6771
3824 1.64815
3825 1.75325
3826 1.70705
3827 1.62
3828 1.81481
3829 1.83333
3830 1.76909
3831 1.67544
3832 1.81481
3833 1.83051
3834 1.77419
3835 1.6875
3836 1.74815
3837 1.78159
3838 1.74253
3839 1.66901
3840 1
3841 1.81818
3842 1.74118
3843 1.64286
3844 2
3845 1.92308
3846 1.81928
3847 1.71053
3848 1.92453
3849 1.90141
3850 1.82152
3851 1.72472
3852 1.80769
3853 1.83333
3854 1.78395
3855 1.70588
3856 1.9375
3857 1.88571
3858 1.78146
3859 1.67133
3860 2.04839
3861 1.95238
3862 1.84211
3863 1.72835
3864 1.965
3865 1.92401
3866 1.83843
3867 1.73765
3868 1.84783
3869 1.85468
3870 1.79851
3871 1.71622
3872 1.86207
3873 1.86697
3874 1.77937
3875 1.675
3876 1.9878
3877 1.93243
3878 1.83645
3879 1.72857
3880 1.93776
3881 1.91176
3882 1.83432
3883 1.7375
3884 1.83962
3885 1.84956
3886 1.79693
3887 1.71667
3888 1.71429
3889 1.8046
3890 1.75
3891 1.66102
3892 1.88235
3893 1.88235
3894 1.81092
3895 1.71569
3896 1.87234
3897 1.8759
3898 1.81475
3899 1.72727
3900 1.8
3901 1.8253
3902 1.78302
3903 1.7093
3904 1.75
3905 1.84615
3906 1.75
3907 1.64286
3908 2.02913
3909 1.9322
3910 1.82114
3911 1.70717
3912 1.93956
3913 1.90506
3914 1.82
3915 1.71918
3916 1.81609
3917 1.83333
3918 1.77966
3919 1.6982
3920 2
3921 1.9
3922 1.78571
3923 1.66949
3924 2.0625
3925 1.9573
3926 1.84211
3927 1.72432
3928 1.97321
3929 1.92541
3930 1.836
3931 1.73197
3932 1.85197
3933 1.85327
3934 1.79381
3935 1.70874
3936 1.90385
3937 1.87705
3938 1.78125
3939 1.67176
3940 2
3941 1.93558
3942 1.83512
3943 1.72368
3944 1.94361
3945 1.91176
3946 1.83091
3947 1.73121
3948 1.8415
3949 1.84694
3950 1.79147
3951 1.70876
3952 1.75
3953 1.8125
3954 1.75
3955 1.65625
3956 1.89381
3957 1.8841
3958 1.80814
3959 1.70953
3960 1.87662
3961 1.87445
3962 1.81
3963 1.71984
3964 1.8
3965 1.82123
3966 1.77632
3967 1.70036
3968 1.69231
3969 1.83333
3970 1.74766
3971 1.64286
3972 1.9918
3973 1.92424
3974 1.8202
3975 1.70803
3976 1.92683
3977 1.9023
3978 1.82077
3979 1.72082
3980 1.8125
3981 1.83333
3982 1.78125
3983 1.7
3984 1.9375
3985 1.88889
3986 1.78378
3987 1.6699
3988 2.03659
3989 1.95161
3990 1.84211
3991 1.72591
3992 1.96371
3993 1.92405
3994 1.83764
3995 1.7344
3996 1.8494
3997 1.85417
3998 1.79618
3999 1.71134
4000 1.87603
4001 1.87037
4002 1.78043
4003 1.67254
4004 1.98544
4005 1.93258
4006 1.83597
4007 1.72561
4008 1.93814
4009 1.91176
4010 1.83305
4011 1.73387
4012 1.84043
4013 1.84848
4014 1.79412
4015 1.71154
4016 1.74074
4017 1.80952
4018 1.75
4019 1.657
4020 1.8871
4021 1.88308
4022 1.80935
4023 1.71127
4024 1.87425
4025 1.87526
4026 1.81211
4027 1.72215
4028 1.8
4029 1.82292
4030 1.77869
4031 1.7027
4032 1.5
4033 1.79412
4034 1.73729
4035 1.64286
4036 1.91489
4037 1.90411
4038 1.81716
4039 1.71212
4040 1.89474
4041 1.89474
4042 1.82331
4043 1.72807
4044 1.8
4045 1.83333
4046 1.78744
4047 1.7093
4048 1.8125
4049 1.86
4050 1.77723
4051 1.67204
4052 1.9837
4053 1.93805
4054 1.84211
4055 1.7319
4056 1.94118
4057 1.92056
4058 1.84247
4059 1.74324
4060 1.84167
4061 1.85687
4062 1.80415
4063 1.72202
4064 1.80435
4065 1.85135
4066 1.77753
4067 1.67647
4068 1.95154
4069 1.92487
4070 1.83853
4071 1.73295
4072 1.92405
4073 1.91176
4074 1.83962
4075 1.74372
4076 1.83704
4077 1.85336
4078 1.8033
4079 1.72297
4080 1.7
4081 1.79825
4082 1.75
4083 1.66216
4084 1.86667
4085 1.87991
4086 1.81376
4087 1.71937
4088 1.86667
4089 1.87786
4090 1.81977
4091 1.73239
4092 1.8
4093 1.82927
4094 1.78846
4095 1.71429
