#CSC Position Offset LUT
#Structure is comparator code (iCC) -> Stub position offset
#iCC bits: 12
#<header> v1.0 12 32 </header>
0 0
1 0
2 0
3 0
4 0
5 -0.500000
6 -1.000000
7 -1.500000
8 0
9 0.500000
10 -0.000000
11 -0.500000
12 0
13 1.500000
14 1.000000
15 0.500000
16 0
17 -0.500000
18 -0.500000
19 -0.500000
20 -0.500000
21 -0.500000
22 -0.583333
23 -0.666667
24 -0.500000
25 -0.333333
26 -0.416667
27 -0.500000
28 -0.500000
29 -0.166667
30 -0.250000
31 -0.333333
32 0
33 0.000000
34 0.000000
35 0.000000
36 -0.000000
37 -0.083333
38 -0.166667
39 -0.250000
40 -0.000000
41 0.083333
42 -0.000000
43 -0.083333
44 0.000000
45 0.250000
46 0.166667
47 0.083333
48 0
49 0.500000
50 0.500000
51 0.500000
52 0.500000
53 0.333333
54 0.250000
55 0.166667
56 0.500000
57 0.500000
58 0.416667
59 0.333333
60 0.500000
61 0.666667
62 0.583333
63 0.500000
64 0
65 -0.833333
66 -0.666667
67 -0.500000
68 -0.750000
69 -0.785714
70 -0.714286
71 -0.642857
72 -0.500000
73 -0.642857
74 -0.571429
75 -0.500000
76 -0.250000
77 -0.500000
78 -0.428571
79 -0.357143
80 -0.500000
81 -0.714286
82 -0.607143
83 -0.500000
84 -0.666667
85 -0.700000
86 -0.650000
87 -0.600000
88 -0.500000
89 -0.600000
90 -0.550000
91 -0.500000
92 -0.333333
93 -0.500000
94 -0.450000
95 -0.400000
96 -0.000000
97 -0.535714
98 -0.428571
99 -0.321429
100 -0.500000
101 -0.550000
102 -0.500000
103 -0.450000
104 -0.333333
105 -0.450000
106 -0.400000
107 -0.350000
108 -0.166667
109 -0.350000
110 -0.300000
111 -0.250000
112 0.500000
113 -0.357143
114 -0.250000
115 -0.142857
116 -0.333333
117 -0.400000
118 -0.350000
119 -0.300000
120 -0.166667
121 -0.300000
122 -0.250000
123 -0.200000
124 0.000000
125 -0.200000
126 -0.150000
127 -0.100000
128 0
129 -0.500000
130 -0.333333
131 -0.166667
132 -0.500000
133 -0.500000
134 -0.428571
135 -0.357143
136 -0.250000
137 -0.357143
138 -0.285714
139 -0.214286
140 0.000000
141 -0.214286
142 -0.142857
143 -0.071429
144 -0.500000
145 -0.500000
146 -0.392857
147 -0.285714
148 -0.500000
149 -0.500000
150 -0.450000
151 -0.400000
152 -0.333333
153 -0.400000
154 -0.350000
155 -0.300000
156 -0.166667
157 -0.300000
158 -0.250000
159 -0.200000
160 0.000000
161 -0.321429
162 -0.214286
163 -0.107143
164 -0.333333
165 -0.350000
166 -0.300000
167 -0.250000
168 -0.166667
169 -0.250000
170 -0.200000
171 -0.150000
172 0.000000
173 -0.150000
174 -0.100000
175 -0.050000
176 0.500000
177 -0.142857
178 -0.035714
179 0.071429
180 -0.166667
181 -0.200000
182 -0.150000
183 -0.100000
184 0.000000
185 -0.100000
186 -0.050000
187 -0.000000
188 0.166667
189 0.000000
190 0.050000
191 0.100000
192 0
193 -0.166667
194 0.000000
195 0.166667
196 -0.250000
197 -0.214286
198 -0.142857
199 -0.071429
200 0.000000
201 -0.071429
202 -0.000000
203 0.071429
204 0.250000
205 0.071429
206 0.142857
207 0.214286
208 -0.500000
209 -0.285714
210 -0.178571
211 -0.071429
212 -0.333333
213 -0.300000
214 -0.250000
215 -0.200000
216 -0.166667
217 -0.200000
218 -0.150000
219 -0.100000
220 0.000000
221 -0.100000
222 -0.050000
223 0.000000
224 0.000000
225 -0.107143
226 -0.000000
227 0.107143
228 -0.166667
229 -0.150000
230 -0.100000
231 -0.050000
232 0.000000
233 -0.050000
234 -0.000000
235 0.050000
236 0.166667
237 0.050000
238 0.100000
239 0.150000
240 0.500000
241 0.071429
242 0.178571
243 0.285714
244 0.000000
245 -0.000000
246 0.050000
247 0.100000
248 0.166667
249 0.100000
250 0.150000
251 0.200000
252 0.333333
253 0.200000
254 0.250000
255 0.300000
256 0
257 -0.750000
258 -0.500000
259 -0.250000
260 -0.666667
261 -0.711538
262 -0.576923
263 -0.442308
264 -0.333333
265 -0.557692
266 -0.423077
267 -0.288462
268 0.000000
269 -0.403846
270 -0.269231
271 -0.134615
272 -0.500000
273 -0.666667
274 -0.500000
275 -0.333333
276 -0.607143
277 -0.657143
278 -0.557143
279 -0.457143
280 -0.392857
281 -0.542857
282 -0.442857
283 -0.342857
284 -0.178571
285 -0.428571
286 -0.328571
287 -0.228571
288 0.000000
289 -0.500000
290 -0.333333
291 -0.166667
292 -0.428571
293 -0.528571
294 -0.428571
295 -0.328571
296 -0.214286
297 -0.414286
298 -0.314286
299 -0.214286
300 0.000000
301 -0.300000
302 -0.200000
303 -0.100000
304 0.500000
305 -0.333333
306 -0.166667
307 0.000000
308 -0.250000
309 -0.400000
310 -0.300000
311 -0.200000
312 -0.035714
313 -0.285714
314 -0.185714
315 -0.085714
316 0.178571
317 -0.171429
318 -0.071429
319 0.028571
320 -1.000000
321 -0.788462
322 -0.576923
323 -0.365385
324 -0.714286
325 -0.750000
326 -0.625000
327 -0.500000
328 -0.428571
329 -0.625000
330 -0.500000
331 -0.375000
332 -0.142857
333 -0.500000
334 -0.375000
335 -0.250000
336 -0.583333
337 -0.714286
338 -0.557143
339 -0.400000
340 -0.650000
341 -0.700000
342 -0.600000
343 -0.500000
344 -0.450000
345 -0.600000
346 -0.500000
347 -0.400000
348 -0.250000
349 -0.500000
350 -0.400000
351 -0.300000
352 -0.166667
353 -0.585714
354 -0.428571
355 -0.271429
356 -0.500000
357 -0.600000
358 -0.500000
359 -0.400000
360 -0.300000
361 -0.500000
362 -0.400000
363 -0.300000
364 -0.100000
365 -0.400000
366 -0.300000
367 -0.200000
368 0.250000
369 -0.457143
370 -0.300000
371 -0.142857
372 -0.350000
373 -0.500000
374 -0.400000
375 -0.300000
376 -0.150000
377 -0.400000
378 -0.300000
379 -0.200000
380 0.050000
381 -0.300000
382 -0.200000
383 -0.100000
384 0.000000
385 -0.634615
386 -0.423077
387 -0.211538
388 -0.571429
389 -0.625000
390 -0.500000
391 -0.375000
392 -0.285714
393 -0.500000
394 -0.375000
395 -0.250000
396 0.000000
397 -0.375000
398 -0.250000
399 -0.125000
400 -0.416667
401 -0.600000
402 -0.442857
403 -0.285714
404 -0.550000
405 -0.600000
406 -0.500000
407 -0.400000
408 -0.350000
409 -0.500000
410 -0.400000
411 -0.300000
412 -0.150000
413 -0.400000
414 -0.300000
415 -0.200000
416 0.000000
417 -0.471429
418 -0.314286
419 -0.157143
420 -0.400000
421 -0.500000
422 -0.400000
423 -0.300000
424 -0.200000
425 -0.400000
426 -0.300000
427 -0.200000
428 0.000000
429 -0.300000
430 -0.200000
431 -0.100000
432 0.416667
433 -0.342857
434 -0.185714
435 -0.028571
436 -0.250000
437 -0.400000
438 -0.300000
439 -0.200000
440 -0.050000
441 -0.300000
442 -0.200000
443 -0.100000
444 0.150000
445 -0.200000
446 -0.100000
447 0.000000
448 1.000000
449 -0.480769
450 -0.269231
451 -0.057692
452 -0.428571
453 -0.500000
454 -0.375000
455 -0.250000
456 -0.142857
457 -0.375000
458 -0.250000
459 -0.125000
460 0.142857
461 -0.250000
462 -0.125000
463 0.000000
464 -0.250000
465 -0.485714
466 -0.328571
467 -0.171429
468 -0.450000
469 -0.500000
470 -0.400000
471 -0.300000
472 -0.250000
473 -0.400000
474 -0.300000
475 -0.200000
476 -0.050000
477 -0.300000
478 -0.200000
479 -0.100000
480 0.166667
481 -0.357143
482 -0.200000
483 -0.042857
484 -0.300000
485 -0.400000
486 -0.300000
487 -0.200000
488 -0.100000
489 -0.300000
490 -0.200000
491 -0.100000
492 0.100000
493 -0.200000
494 -0.100000
495 0.000000
496 0.583333
497 -0.228571
498 -0.071429
499 0.085714
500 -0.150000
501 -0.300000
502 -0.200000
503 -0.100000
504 0.050000
505 -0.200000
506 -0.100000
507 0.000000
508 0.250000
509 -0.100000
510 0.000000
511 0.100000
512 0
513 -0.500000
514 -0.250000
515 0.000000
516 -0.500000
517 -0.500000
518 -0.365385
519 -0.230769
520 -0.166667
521 -0.346154
522 -0.211538
523 -0.076923
524 0.166667
525 -0.192308
526 -0.057692
527 0.076923
528 -0.500000
529 -0.500000
530 -0.333333
531 -0.166667
532 -0.500000
533 -0.500000
534 -0.400000
535 -0.300000
536 -0.285714
537 -0.385714
538 -0.285714
539 -0.185714
540 -0.071429
541 -0.271429
542 -0.171429
543 -0.071429
544 -0.000000
545 -0.333333
546 -0.166667
547 0.000000
548 -0.321429
549 -0.371429
550 -0.271429
551 -0.171429
552 -0.107143
553 -0.257143
554 -0.157143
555 -0.057143
556 0.107143
557 -0.142857
558 -0.042857
559 0.057143
560 0.500000
561 -0.166667
562 0.000000
563 0.166667
564 -0.142857
565 -0.242857
566 -0.142857
567 -0.042857
568 0.071429
569 -0.128571
570 -0.028571
571 0.071429
572 0.285714
573 -0.014286
574 0.085714
575 0.185714
576 -1.500000
577 -0.653846
578 -0.442308
579 -0.230769
580 -0.642857
581 -0.625000
582 -0.500000
583 -0.375000
584 -0.357143
585 -0.500000
586 -0.375000
587 -0.250000
588 -0.071429
589 -0.375000
590 -0.250000
591 -0.125000
592 -0.666667
593 -0.614286
594 -0.457143
595 -0.300000
596 -0.600000
597 -0.600000
598 -0.500000
599 -0.400000
600 -0.400000
601 -0.500000
602 -0.400000
603 -0.300000
604 -0.200000
605 -0.400000
606 -0.300000
607 -0.200000
608 -0.250000
609 -0.485714
610 -0.328571
611 -0.171429
612 -0.450000
613 -0.500000
614 -0.400000
615 -0.300000
616 -0.250000
617 -0.400000
618 -0.300000
619 -0.200000
620 -0.050000
621 -0.300000
622 -0.200000
623 -0.100000
624 0.166667
625 -0.357143
626 -0.200000
627 -0.042857
628 -0.300000
629 -0.400000
630 -0.300000
631 -0.200000
632 -0.100000
633 -0.300000
634 -0.200000
635 -0.100000
636 0.100000
637 -0.200000
638 -0.100000
639 0.000000
640 -0.500000
641 -0.500000
642 -0.288462
643 -0.076923
644 -0.500000
645 -0.500000
646 -0.375000
647 -0.250000
648 -0.214286
649 -0.375000
650 -0.250000
651 -0.125000
652 0.071429
653 -0.250000
654 -0.125000
655 0.000000
656 -0.500000
657 -0.500000
658 -0.342857
659 -0.185714
660 -0.500000
661 -0.500000
662 -0.400000
663 -0.300000
664 -0.300000
665 -0.400000
666 -0.300000
667 -0.200000
668 -0.100000
669 -0.300000
670 -0.200000
671 -0.100000
672 -0.083333
673 -0.371429
674 -0.214286
675 -0.057143
676 -0.350000
677 -0.400000
678 -0.300000
679 -0.200000
680 -0.150000
681 -0.300000
682 -0.200000
683 -0.100000
684 0.050000
685 -0.200000
686 -0.100000
687 0.000000
688 0.333333
689 -0.242857
690 -0.085714
691 0.071429
692 -0.200000
693 -0.300000
694 -0.200000
695 -0.100000
696 0.000000
697 -0.200000
698 -0.100000
699 0.000000
700 0.200000
701 -0.100000
702 0.000000
703 0.100000
704 0.500000
705 -0.346154
706 -0.134615
707 0.076923
708 -0.357143
709 -0.375000
710 -0.250000
711 -0.125000
712 -0.071429
713 -0.250000
714 -0.125000
715 0.000000
716 0.214286
717 -0.125000
718 0.000000
719 0.125000
720 -0.333333
721 -0.385714
722 -0.228571
723 -0.071429
724 -0.400000
725 -0.400000
726 -0.300000
727 -0.200000
728 -0.200000
729 -0.300000
730 -0.200000
731 -0.100000
732 -0.000000
733 -0.200000
734 -0.100000
735 0.000000
736 0.083333
737 -0.257143
738 -0.100000
739 0.057143
740 -0.250000
741 -0.300000
742 -0.200000
743 -0.100000
744 -0.050000
745 -0.200000
746 -0.100000
747 0.000000
748 0.150000
749 -0.100000
750 0.000000
751 0.100000
752 0.500000
753 -0.128571
754 0.028571
755 0.185714
756 -0.100000
757 -0.200000
758 -0.100000
759 0.000000
760 0.100000
761 -0.100000
762 0.000000
763 0.100000
764 0.300000
765 -0.000000
766 0.100000
767 0.200000
768 0
769 -0.250000
770 0.000000
771 0.250000
772 -0.333333
773 -0.288462
774 -0.153846
775 -0.019231
776 -0.000000
777 -0.134615
778 -0.000000
779 0.134615
780 0.333333
781 0.019231
782 0.153846
783 0.288462
784 -0.500000
785 -0.333333
786 -0.166667
787 0.000000
788 -0.392857
789 -0.342857
790 -0.242857
791 -0.142857
792 -0.178571
793 -0.228571
794 -0.128571
795 -0.028571
796 0.035714
797 -0.114286
798 -0.014286
799 0.085714
800 -0.000000
801 -0.166667
802 0.000000
803 0.166667
804 -0.214286
805 -0.214286
806 -0.114286
807 -0.014286
808 0.000000
809 -0.100000
810 -0.000000
811 0.100000
812 0.214286
813 0.014279
814 0.114286
815 0.214286
816 0.500000
817 0.000000
818 0.166667
819 0.333333
820 -0.035714
821 -0.085714
822 0.014279
823 0.114286
824 0.178571
825 0.028567
826 0.128571
827 0.228571
828 0.392857
829 0.142857
830 0.242857
831 0.342857
832 -2.000000
833 -0.519231
834 -0.307692
835 -0.096154
836 -0.571429
837 -0.500000
838 -0.375000
839 -0.250000
840 -0.285714
841 -0.375000
842 -0.250000
843 -0.125000
844 0.000000
845 -0.250000
846 -0.125000
847 0.000000
848 -0.750000
849 -0.514286
850 -0.357143
851 -0.200000
852 -0.550000
853 -0.500000
854 -0.400000
855 -0.300000
856 -0.350000
857 -0.400000
858 -0.300000
859 -0.200000
860 -0.150000
861 -0.300000
862 -0.200000
863 -0.100000
864 -0.333333
865 -0.385714
866 -0.228571
867 -0.071429
868 -0.400000
869 -0.400000
870 -0.300000
871 -0.200000
872 -0.200000
873 -0.300000
874 -0.200000
875 -0.100000
876 -0.000000
877 -0.200000
878 -0.100000
879 0.000000
880 0.083333
881 -0.257143
882 -0.100000
883 0.057143
884 -0.250000
885 -0.300000
886 -0.200000
887 -0.100000
888 -0.050000
889 -0.200000
890 -0.100000
891 0.000000
892 0.150000
893 -0.100000
894 0.000000
895 0.100000
896 -1.000000
897 -0.365385
898 -0.153846
899 0.057692
900 -0.428571
901 -0.375000
902 -0.250000
903 -0.125000
904 -0.142857
905 -0.250000
906 -0.125000
907 0.000000
908 0.142857
909 -0.125000
910 0.000000
911 0.125000
912 -0.583333
913 -0.400000
914 -0.242857
915 -0.085714
916 -0.450000
917 -0.400000
918 -0.300000
919 -0.200000
920 -0.250000
921 -0.300000
922 -0.200000
923 -0.100000
924 -0.050000
925 -0.200000
926 -0.100000
927 0.000000
928 -0.166667
929 -0.271429
930 -0.114286
931 0.042857
932 -0.300000
933 -0.300000
934 -0.200000
935 -0.100000
936 -0.100000
937 -0.200000
938 -0.100000
939 0.000000
940 0.100000
941 -0.100000
942 -0.000000
943 0.100000
944 0.250000
945 -0.142857
946 0.014286
947 0.171429
948 -0.150000
949 -0.200000
950 -0.100000
951 0.000000
952 0.050000
953 -0.100000
954 0.000000
955 0.100000
956 0.250000
957 0.000000
958 0.100000
959 0.200000
960 0.000000
961 -0.211538
962 0.000000
963 0.211538
964 -0.285714
965 -0.250000
966 -0.125000
967 0.000000
968 -0.000000
969 -0.125000
970 0.000000
971 0.125000
972 0.285714
973 0.000000
974 0.125000
975 0.250000
976 -0.416667
977 -0.285714
978 -0.128571
979 0.028571
980 -0.350000
981 -0.300000
982 -0.200000
983 -0.100000
984 -0.150000
985 -0.200000
986 -0.100000
987 0.000000
988 0.050000
989 -0.100000
990 0.000000
991 0.100000
992 0.000000
993 -0.157143
994 0.000000
995 0.157143
996 -0.200000
997 -0.200000
998 -0.100000
999 0.000000
1000 0.000000
1001 -0.100000
1002 0.000000
1003 0.100000
1004 0.200000
1005 0.000000
1006 0.100000
1007 0.200000
1008 0.416667
1009 -0.028567
1010 0.128571
1011 0.285714
1012 -0.050000
1013 -0.100000
1014 0.000000
1015 0.100000
1016 0.150000
1017 -0.000000
1018 0.100000
1019 0.200000
1020 0.350000
1021 0.100000
1022 0.200000
1023 0.300000
1024 0
1025 -0.700000
1026 -0.400000
1027 -0.100000
1028 -0.625000
1029 -0.666667
1030 -0.500000
1031 -0.333333
1032 -0.250000
1033 -0.500000
1034 -0.333333
1035 -0.166667
1036 0.125000
1037 -0.333333
1038 -0.166667
1039 0.000000
1040 -0.500000
1041 -0.631579
1042 -0.434211
1043 -0.236842
1044 -0.576923
1045 -0.625000
1046 -0.500000
1047 -0.375000
1048 -0.346154
1049 -0.500000
1050 -0.375000
1051 -0.250000
1052 -0.115385
1053 -0.375000
1054 -0.250000
1055 -0.125000
1056 -0.000000
1057 -0.460526
1058 -0.263158
1059 -0.065790
1060 -0.384615
1061 -0.500000
1062 -0.375000
1063 -0.250000
1064 -0.153846
1065 -0.375000
1066 -0.250000
1067 -0.125000
1068 0.076923
1069 -0.250000
1070 -0.125000
1071 0.000000
1072 0.500000
1073 -0.289474
1074 -0.092105
1075 0.105263
1076 -0.192308
1077 -0.375000
1078 -0.250000
1079 -0.125000
1080 0.038462
1081 -0.250000
1082 -0.125000
1083 0.000000
1084 0.269231
1085 -0.125000
1086 0.000000
1087 0.125000
1088 -1.000000
1089 -0.763158
1090 -0.526316
1091 -0.289474
1092 -0.708333
1093 -0.720339
1094 -0.576271
1095 -0.432203
1096 -0.416667
1097 -0.584746
1098 -0.440678
1099 -0.296610
1100 -0.125000
1101 -0.449153
1102 -0.305085
1103 -0.161017
1104 -0.642857
1105 -0.692308
1106 -0.519231
1107 -0.346154
1108 -0.642857
1109 -0.675676
1110 -0.560811
1111 -0.445946
1112 -0.442857
1113 -0.567568
1114 -0.452703
1115 -0.337838
1116 -0.242857
1117 -0.459459
1118 -0.344595
1119 -0.229730
1120 -0.285714
1121 -0.557692
1122 -0.384615
1123 -0.211538
1124 -0.485714
1125 -0.574324
1126 -0.459459
1127 -0.344595
1128 -0.285714
1129 -0.466216
1130 -0.351351
1131 -0.236486
1132 -0.085714
1133 -0.358108
1134 -0.243243
1135 -0.128378
1136 0.071429
1137 -0.423077
1138 -0.250000
1139 -0.076923
1140 -0.328571
1141 -0.472973
1142 -0.358108
1143 -0.243243
1144 -0.128571
1145 -0.364865
1146 -0.250000
1147 -0.135135
1148 0.071429
1149 -0.256757
1150 -0.141892
1151 -0.027027
1152 -0.250000
1153 -0.605263
1154 -0.368421
1155 -0.131579
1156 -0.541667
1157 -0.601695
1158 -0.457627
1159 -0.313559
1160 -0.250000
1161 -0.466102
1162 -0.322034
1163 -0.177966
1164 0.041667
1165 -0.330508
1166 -0.186441
1167 -0.042373
1168 -0.428571
1169 -0.576923
1170 -0.403846
1171 -0.230769
1172 -0.528571
1173 -0.581081
1174 -0.466216
1175 -0.351351
1176 -0.328571
1177 -0.472973
1178 -0.358108
1179 -0.243243
1180 -0.128571
1181 -0.364865
1182 -0.250000
1183 -0.135135
1184 -0.071429
1185 -0.442308
1186 -0.269231
1187 -0.096154
1188 -0.371429
1189 -0.479730
1190 -0.364865
1191 -0.250000
1192 -0.171429
1193 -0.371622
1194 -0.256757
1195 -0.141892
1196 0.028571
1197 -0.263514
1198 -0.148649
1199 -0.033784
1200 0.285714
1201 -0.307692
1202 -0.134615
1203 0.038462
1204 -0.214286
1205 -0.378378
1206 -0.263514
1207 -0.148649
1208 -0.014286
1209 -0.270270
1210 -0.155405
1211 -0.040541
1212 0.185714
1213 -0.162162
1214 -0.047297
1215 0.067568
1216 0.500000
1217 -0.447368
1218 -0.210526
1219 0.026316
1220 -0.375000
1221 -0.483051
1222 -0.338983
1223 -0.194915
1224 -0.083333
1225 -0.347458
1226 -0.203390
1227 -0.059322
1228 0.208333
1229 -0.211864
1230 -0.067797
1231 0.076271
1232 -0.214286
1233 -0.461538
1234 -0.288462
1235 -0.115385
1236 -0.414286
1237 -0.486486
1238 -0.371622
1239 -0.256757
1240 -0.214286
1241 -0.378378
1242 -0.263514
1243 -0.148649
1244 -0.014286
1245 -0.270270
1246 -0.155405
1247 -0.040541
1248 0.142857
1249 -0.326923
1250 -0.153846
1251 0.019231
1252 -0.257143
1253 -0.385135
1254 -0.270270
1255 -0.155405
1256 -0.057143
1257 -0.277027
1258 -0.162162
1259 -0.047297
1260 0.142857
1261 -0.168919
1262 -0.054054
1263 0.060811
1264 0.500000
1265 -0.192308
1266 -0.019231
1267 0.153846
1268 -0.100000
1269 -0.283784
1270 -0.168919
1271 -0.054054
1272 0.100000
1273 -0.175676
1274 -0.060811
1275 0.054054
1276 0.300000
1277 -0.067568
1278 0.047302
1279 0.162162
1280 -1.000000
1281 -0.726190
1282 -0.452381
1283 -0.178571
1284 -0.653846
1285 -0.691176
1286 -0.529412
1287 -0.367647
1288 -0.307692
1289 -0.544118
1290 -0.382353
1291 -0.220588
1292 0.038462
1293 -0.397059
1294 -0.235294
1295 -0.073529
1296 -0.535714
1297 -0.661017
1298 -0.466102
1299 -0.271186
1300 -0.600000
1301 -0.651163
1302 -0.523256
1303 -0.395349
1304 -0.375000
1305 -0.534884
1306 -0.406977
1307 -0.279070
1308 -0.150000
1309 -0.418605
1310 -0.290698
1311 -0.162791
1312 -0.071429
1313 -0.516949
1314 -0.322034
1315 -0.127119
1316 -0.425000
1317 -0.546512
1318 -0.418605
1319 -0.290698
1320 -0.200000
1321 -0.430233
1322 -0.302326
1323 -0.174419
1324 0.025000
1325 -0.313953
1326 -0.186047
1327 -0.058139
1328 0.392732
1329 -0.372881
1330 -0.177966
1331 0.016949
1332 -0.250000
1333 -0.441860
1334 -0.313953
1335 -0.186047
1336 -0.025000
1337 -0.325581
1338 -0.197674
1339 -0.069767
1340 0.200000
1341 -0.209302
1342 -0.081395
1343 0.046512
1344 -1.000000
1345 -0.767857
1346 -0.535714
1347 -0.303571
1348 -0.714286
1349 -0.726744
1350 -0.581395
1351 -0.436047
1352 -0.428571
1353 -0.598837
1354 -0.453488
1355 -0.308140
1356 -0.142857
1357 -0.470930
1358 -0.325581
1359 -0.180233
1360 -0.650000
1361 -0.702703
1362 -0.527027
1363 -0.351351
1364 -0.650000
1365 -0.685714
1366 -0.566667
1367 -0.447619
1368 -0.450000
1369 -0.580952
1370 -0.461905
1371 -0.342857
1372 -0.250000
1373 -0.476190
1374 -0.357143
1375 -0.238095
1376 -0.300000
1377 -0.581081
1378 -0.405405
1379 -0.229730
1380 -0.500000
1381 -0.595238
1382 -0.476190
1383 -0.357143
1384 -0.300000
1385 -0.490476
1386 -0.371429
1387 -0.252381
1388 -0.100000
1389 -0.385714
1390 -0.266667
1391 -0.147619
1392 0.050171
1393 -0.459459
1394 -0.283784
1395 -0.108108
1396 -0.350000
1397 -0.504762
1398 -0.385714
1399 -0.266667
1400 -0.150000
1401 -0.400000
1402 -0.280952
1403 -0.161905
1404 0.050000
1405 -0.295238
1406 -0.176190
1407 -0.057143
1408 -0.333333
1409 -0.642857
1410 -0.410714
1411 -0.178571
1412 -0.571429
1413 -0.633721
1414 -0.488372
1415 -0.343023
1416 -0.285714
1417 -0.505814
1418 -0.360465
1419 -0.215116
1420 0.000000
1421 -0.377907
1422 -0.232558
1423 -0.087209
1424 -0.450000
1425 -0.608108
1426 -0.432432
1427 -0.256757
1428 -0.550000
1429 -0.609524
1430 -0.490476
1431 -0.371429
1432 -0.350000
1433 -0.504762
1434 -0.385714
1435 -0.266667
1436 -0.150000
1437 -0.400000
1438 -0.280952
1439 -0.161905
1440 -0.100000
1441 -0.486486
1442 -0.310811
1443 -0.135135
1444 -0.400000
1445 -0.519048
1446 -0.400000
1447 -0.280952
1448 -0.200000
1449 -0.414286
1450 -0.295238
1451 -0.176190
1452 0.000000
1453 -0.309524
1454 -0.190476
1455 -0.071429
1456 0.250000
1457 -0.364865
1458 -0.189189
1459 -0.013513
1460 -0.250000
1461 -0.428571
1462 -0.309524
1463 -0.190476
1464 -0.050000
1465 -0.323810
1466 -0.204762
1467 -0.085714
1468 0.150000
1469 -0.219048
1470 -0.100000
1471 0.019048
1472 0.333333
1473 -0.517857
1474 -0.285714
1475 -0.053571
1476 -0.428571
1477 -0.540698
1478 -0.395349
1479 -0.250000
1480 -0.142857
1481 -0.412791
1482 -0.267442
1483 -0.122093
1484 0.142857
1485 -0.284884
1486 -0.139535
1487 0.005814
1488 -0.250000
1489 -0.513514
1490 -0.337838
1491 -0.162162
1492 -0.450000
1493 -0.533333
1494 -0.414286
1495 -0.295238
1496 -0.250000
1497 -0.428571
1498 -0.309524
1499 -0.190476
1500 -0.050000
1501 -0.323810
1502 -0.204762
1503 -0.085714
1504 0.100343
1505 -0.391892
1506 -0.216216
1507 -0.040541
1508 -0.300000
1509 -0.442857
1510 -0.323810
1511 -0.204762
1512 -0.100000
1513 -0.338095
1514 -0.219048
1515 -0.100000
1516 0.100000
1517 -0.233333
1518 -0.114286
1519 0.004762
1520 0.450000
1521 -0.270270
1522 -0.094595
1523 0.081081
1524 -0.150000
1525 -0.352381
1526 -0.233333
1527 -0.114286
1528 0.050000
1529 -0.247619
1530 -0.128571
1531 -0.009524
1532 0.250000
1533 -0.142857
1534 -0.023810
1535 0.095238
1536 0.500000
1537 -0.595238
1538 -0.321429
1539 -0.047619
1540 -0.538462
1541 -0.588235
1542 -0.426471
1543 -0.264706
1544 -0.192308
1545 -0.441176
1546 -0.279412
1547 -0.117647
1548 0.153846
1549 -0.294118
1550 -0.132353
1551 0.029412
1552 -0.428571
1553 -0.567797
1554 -0.372881
1555 -0.177966
1556 -0.525000
1557 -0.569767
1558 -0.441860
1559 -0.313953
1560 -0.300000
1561 -0.453488
1562 -0.325581
1563 -0.197674
1564 -0.075000
1565 -0.337209
1566 -0.209302
1567 -0.081395
1568 0.036074
1569 -0.423729
1570 -0.228814
1571 -0.033898
1572 -0.350000
1573 -0.465116
1574 -0.337209
1575 -0.209302
1576 -0.125000
1577 -0.348837
1578 -0.220930
1579 -0.093023
1580 0.100000
1581 -0.232558
1582 -0.104651
1583 0.023256
1584 0.499561
1585 -0.279661
1586 -0.084746
1587 0.110169
1588 -0.175000
1589 -0.360465
1590 -0.232558
1591 -0.104651
1592 0.050000
1593 -0.244186
1594 -0.116279
1595 0.011628
1596 0.275000
1597 -0.127907
1598 0.000000
1599 0.127907
1600 -0.833333
1601 -0.678571
1602 -0.446429
1603 -0.214286
1604 -0.642857
1605 -0.651163
1606 -0.505814
1607 -0.360465
1608 -0.357143
1609 -0.523256
1610 -0.377907
1611 -0.232558
1612 -0.071429
1613 -0.395349
1614 -0.250000
1615 -0.104651
1616 -0.600000
1617 -0.635135
1618 -0.459459
1619 -0.283784
1620 -0.600000
1621 -0.623810
1622 -0.504762
1623 -0.385714
1624 -0.400000
1625 -0.519048
1626 -0.400000
1627 -0.280952
1628 -0.200000
1629 -0.414286
1630 -0.295238
1631 -0.176190
1632 -0.250000
1633 -0.513514
1634 -0.337838
1635 -0.162162
1636 -0.450000
1637 -0.533333
1638 -0.414286
1639 -0.295238
1640 -0.250000
1641 -0.428571
1642 -0.309524
1643 -0.190476
1644 -0.050000
1645 -0.323810
1646 -0.204762
1647 -0.085714
1648 0.100343
1649 -0.391892
1650 -0.216216
1651 -0.040541
1652 -0.300000
1653 -0.442857
1654 -0.323810
1655 -0.204762
1656 -0.100000
1657 -0.338095
1658 -0.219048
1659 -0.100000
1660 0.100000
1661 -0.233333
1662 -0.114286
1663 0.004762
1664 -0.166667
1665 -0.553571
1666 -0.321429
1667 -0.089286
1668 -0.500000
1669 -0.558140
1670 -0.412791
1671 -0.267442
1672 -0.214286
1673 -0.430233
1674 -0.284884
1675 -0.139535
1676 0.071429
1677 -0.302326
1678 -0.156977
1679 -0.011628
1680 -0.400000
1681 -0.540541
1682 -0.364865
1683 -0.189189
1684 -0.500000
1685 -0.547619
1686 -0.428571
1687 -0.309524
1688 -0.300000
1689 -0.442857
1690 -0.323810
1691 -0.204762
1692 -0.100000
1693 -0.338095
1694 -0.219048
1695 -0.100000
1696 -0.050000
1697 -0.418919
1698 -0.243243
1699 -0.067568
1700 -0.350000
1701 -0.457143
1702 -0.338095
1703 -0.219048
1704 -0.150000
1705 -0.352381
1706 -0.233333
1707 -0.114286
1708 0.050000
1709 -0.247619
1710 -0.128571
1711 -0.009524
1712 0.300000
1713 -0.297297
1714 -0.121622
1715 0.054054
1716 -0.200000
1717 -0.366667
1718 -0.247619
1719 -0.128571
1720 -0.000000
1721 -0.261905
1722 -0.142857
1723 -0.023810
1724 0.200000
1725 -0.157143
1726 -0.038095
1727 0.080952
1728 0.500000
1729 -0.428571
1730 -0.196429
1731 0.035714
1732 -0.357143
1733 -0.465116
1734 -0.319767
1735 -0.174419
1736 -0.071429
1737 -0.337209
1738 -0.191860
1739 -0.046512
1740 0.214286
1741 -0.209302
1742 -0.063953
1743 0.081395
1744 -0.200000
1745 -0.445946
1746 -0.270270
1747 -0.094595
1748 -0.400000
1749 -0.471429
1750 -0.352381
1751 -0.233333
1752 -0.200000
1753 -0.366667
1754 -0.247619
1755 -0.128571
1756 -0.000000
1757 -0.261905
1758 -0.142857
1759 -0.023810
1760 0.150514
1761 -0.324324
1762 -0.148649
1763 0.027027
1764 -0.250000
1765 -0.380952
1766 -0.261905
1767 -0.142857
1768 -0.050000
1769 -0.276190
1770 -0.157143
1771 -0.038095
1772 0.150000
1773 -0.171429
1774 -0.052381
1775 0.066667
1776 0.500000
1777 -0.202703
1778 -0.027027
1779 0.148649
1780 -0.100000
1781 -0.290476
1782 -0.171429
1783 -0.052381
1784 0.100000
1785 -0.185714
1786 -0.066667
1787 0.052381
1788 0.300000
1789 -0.080952
1790 0.038095
1791 0.157143
1792 2.000000
1793 -0.464286
1794 -0.190476
1795 0.083333
1796 -0.423077
1797 -0.485294
1798 -0.323529
1799 -0.161765
1800 -0.076923
1801 -0.338235
1802 -0.176471
1803 -0.014706
1804 0.269231
1805 -0.191176
1806 -0.029412
1807 0.132353
1808 -0.321429
1809 -0.474576
1810 -0.279661
1811 -0.084746
1812 -0.450000
1813 -0.488372
1814 -0.360465
1815 -0.232558
1816 -0.225000
1817 -0.372093
1818 -0.244186
1819 -0.116279
1820 -0.000000
1821 -0.255814
1822 -0.127907
1823 -0.000000
1824 0.143248
1825 -0.330508
1826 -0.135593
1827 0.059322
1828 -0.275000
1829 -0.383721
1830 -0.255814
1831 -0.127907
1832 -0.050000
1833 -0.267442
1834 -0.139535
1835 -0.011628
1836 0.175000
1837 -0.151163
1838 -0.023256
1839 0.104651
1840 0.606564
1841 -0.186441
1842 0.008475
1843 0.203390
1844 -0.100000
1845 -0.279070
1846 -0.151163
1847 -0.023256
1848 0.125000
1849 -0.162791
1850 -0.034884
1851 0.093023
1852 0.350000
1853 -0.046512
1854 0.081395
1855 0.209302
1856 -0.666667
1857 -0.589286
1858 -0.357143
1859 -0.125000
1860 -0.571429
1861 -0.575581
1862 -0.430233
1863 -0.284884
1864 -0.285714
1865 -0.447674
1866 -0.302326
1867 -0.156977
1868 -0.000000
1869 -0.319767
1870 -0.174419
1871 -0.029070
1872 -0.550000
1873 -0.567568
1874 -0.391892
1875 -0.216216
1876 -0.550000
1877 -0.561905
1878 -0.442857
1879 -0.323810
1880 -0.350000
1881 -0.457143
1882 -0.338095
1883 -0.219048
1884 -0.150000
1885 -0.352381
1886 -0.233333
1887 -0.114286
1888 -0.200000
1889 -0.445946
1890 -0.270270
1891 -0.094595
1892 -0.400000
1893 -0.471429
1894 -0.352381
1895 -0.233333
1896 -0.200000
1897 -0.366667
1898 -0.247619
1899 -0.128571
1900 0.000000
1901 -0.261905
1902 -0.142857
1903 -0.023810
1904 0.150514
1905 -0.324324
1906 -0.148649
1907 0.027027
1908 -0.250000
1909 -0.380952
1910 -0.261905
1911 -0.142857
1912 -0.050000
1913 -0.276190
1914 -0.157143
1915 -0.038095
1916 0.150000
1917 -0.171429
1918 -0.052381
1919 0.066667
1920 0.000000
1921 -0.464286
1922 -0.232143
1923 0.000000
1924 -0.428571
1925 -0.482558
1926 -0.337209
1927 -0.191860
1928 -0.142857
1929 -0.354651
1930 -0.209302
1931 -0.063953
1932 0.142857
1933 -0.226744
1934 -0.081395
1935 0.063953
1936 -0.350000
1937 -0.472973
1938 -0.297297
1939 -0.121622
1940 -0.450000
1941 -0.485714
1942 -0.366667
1943 -0.247619
1944 -0.250000
1945 -0.380952
1946 -0.261905
1947 -0.142857
1948 -0.050000
1949 -0.276190
1950 -0.157143
1951 -0.038095
1952 0.000000
1953 -0.351351
1954 -0.175676
1955 0.000000
1956 -0.300000
1957 -0.395238
1958 -0.276190
1959 -0.157143
1960 -0.100000
1961 -0.290476
1962 -0.171429
1963 -0.052381
1964 0.100000
1965 -0.185714
1966 -0.066667
1967 0.052381
1968 0.350000
1969 -0.229730
1970 -0.054054
1971 0.121622
1972 -0.150000
1973 -0.304762
1974 -0.185714
1975 -0.066667
1976 0.050000
1977 -0.200000
1978 -0.080952
1979 0.038095
1980 0.250000
1981 -0.095238
1982 0.023810
1983 0.142857
1984 0.666667
1985 -0.339286
1986 -0.107143
1987 0.125000
1988 -0.285714
1989 -0.389535
1990 -0.244186
1991 -0.098837
1992 -0.000000
1993 -0.261628
1994 -0.116279
1995 0.029070
1996 0.285714
1997 -0.133721
1998 0.011628
1999 0.156977
2000 -0.150000
2001 -0.378378
2002 -0.202703
2003 -0.027027
2004 -0.350000
2005 -0.409524
2006 -0.290476
2007 -0.171429
2008 -0.150000
2009 -0.304762
2010 -0.185714
2011 -0.066667
2012 0.050000
2013 -0.200000
2014 -0.080952
2015 0.038095
2016 0.200000
2017 -0.256757
2018 -0.081081
2019 0.094595
2020 -0.200000
2021 -0.319048
2022 -0.200000
2023 -0.080952
2024 -0.000000
2025 -0.214286
2026 -0.095238
2027 0.023810
2028 0.200000
2029 -0.109524
2030 0.009524
2031 0.128571
2032 0.550000
2033 -0.135135
2034 0.040541
2035 0.216216
2036 -0.050000
2037 -0.228571
2038 -0.109524
2039 0.009524
2040 0.150000
2041 -0.123810
2042 -0.004762
2043 0.114286
2044 0.350000
2045 -0.019048
2046 0.100000
2047 0.219048
2048 0
2049 -0.500000
2050 -0.200000
2051 0.100000
2052 -0.500000
2053 -0.500000
2054 -0.333333
2055 -0.166667
2056 -0.125000
2057 -0.333333
2058 -0.166667
2059 0.000000
2060 0.250000
2061 -0.166667
2062 0.000000
2063 0.166667
2064 -0.500000
2065 -0.500000
2066 -0.302632
2067 -0.105263
2068 -0.500000
2069 -0.500000
2070 -0.375000
2071 -0.250000
2072 -0.269231
2073 -0.375000
2074 -0.250000
2075 -0.125000
2076 -0.038462
2077 -0.250000
2078 -0.125000
2079 0.000000
2080 0.000000
2081 -0.328947
2082 -0.131579
2083 0.065790
2084 -0.307692
2085 -0.375000
2086 -0.250000
2087 -0.125000
2088 -0.076923
2089 -0.250000
2090 -0.125000
2091 0.000000
2092 0.153846
2093 -0.125000
2094 0.000000
2095 0.125000
2096 0.500000
2097 -0.157895
2098 0.039474
2099 0.236842
2100 -0.115385
2101 -0.250000
2102 -0.125000
2103 0.000000
2104 0.115385
2105 -0.125000
2106 0.000000
2107 0.125000
2108 0.346154
2109 0.000000
2110 0.125000
2111 0.250000
2112 -1.250000
2113 -0.657895
2114 -0.421053
2115 -0.184211
2116 -0.666667
2117 -0.618644
2118 -0.474576
2119 -0.330508
2120 -0.375000
2121 -0.483051
2122 -0.338983
2123 -0.194915
2124 -0.083333
2125 -0.347458
2126 -0.203390
2127 -0.059322
2128 -0.714286
2129 -0.615385
2130 -0.442308
2131 -0.269231
2132 -0.614286
2133 -0.594595
2134 -0.479730
2135 -0.364865
2136 -0.414286
2137 -0.486486
2138 -0.371622
2139 -0.256757
2140 -0.214286
2141 -0.378378
2142 -0.263514
2143 -0.148649
2144 -0.357143
2145 -0.480769
2146 -0.307692
2147 -0.134615
2148 -0.457143
2149 -0.493243
2150 -0.378378
2151 -0.263514
2152 -0.257143
2153 -0.385135
2154 -0.270270
2155 -0.155405
2156 -0.057143
2157 -0.277027
2158 -0.162162
2159 -0.047297
2160 0.000000
2161 -0.346154
2162 -0.173077
2163 -0.000000
2164 -0.300000
2165 -0.391892
2166 -0.277027
2167 -0.162162
2168 -0.100000
2169 -0.283784
2170 -0.168919
2171 -0.054054
2172 0.100000
2173 -0.175676
2174 -0.060811
2175 0.054054
2176 -0.500000
2177 -0.500000
2178 -0.263158
2179 -0.026316
2180 -0.500000
2181 -0.500000
2182 -0.355932
2183 -0.211864
2184 -0.208333
2185 -0.364407
2186 -0.220339
2187 -0.076271
2188 0.083333
2189 -0.228813
2190 -0.084746
2191 0.059322
2192 -0.500000
2193 -0.500000
2194 -0.326923
2195 -0.153846
2196 -0.500000
2197 -0.500000
2198 -0.385135
2199 -0.270270
2200 -0.300000
2201 -0.391892
2202 -0.277027
2203 -0.162162
2204 -0.100000
2205 -0.283784
2206 -0.168919
2207 -0.054054
2208 -0.142857
2209 -0.365385
2210 -0.192308
2211 -0.019231
2212 -0.342857
2213 -0.398649
2214 -0.283784
2215 -0.168919
2216 -0.142857
2217 -0.290541
2218 -0.175676
2219 -0.060811
2220 0.057143
2221 -0.182432
2222 -0.067568
2223 0.047302
2224 0.214286
2225 -0.230769
2226 -0.057692
2227 0.115385
2228 -0.185714
2229 -0.297297
2230 -0.182432
2231 -0.067568
2232 0.014286
2233 -0.189189
2234 -0.074324
2235 0.040544
2236 0.214286
2237 -0.081081
2238 0.033786
2239 0.148649
2240 0.250000
2241 -0.342105
2242 -0.105263
2243 0.131579
2244 -0.333333
2245 -0.381356
2246 -0.237288
2247 -0.093220
2248 -0.041667
2249 -0.245763
2250 -0.101695
2251 0.042379
2252 0.250000
2253 -0.110169
2254 0.033902
2255 0.177966
2256 -0.285714
2257 -0.384615
2258 -0.211538
2259 -0.038462
2260 -0.385714
2261 -0.405405
2262 -0.290541
2263 -0.175676
2264 -0.185714
2265 -0.297297
2266 -0.182432
2267 -0.067568
2268 0.014286
2269 -0.189189
2270 -0.074324
2271 0.040544
2272 0.071429
2273 -0.250000
2274 -0.076923
2275 0.096154
2276 -0.228571
2277 -0.304054
2278 -0.189189
2279 -0.074324
2280 -0.028571
2281 -0.195946
2282 -0.081081
2283 0.033786
2284 0.171429
2285 -0.087838
2286 0.027028
2287 0.141892
2288 0.428571
2289 -0.115385
2290 0.057692
2291 0.230769
2292 -0.071429
2293 -0.202703
2294 -0.087838
2295 0.027028
2296 0.128571
2297 -0.094595
2298 0.020271
2299 0.135135
2300 0.328571
2301 0.013514
2302 0.128378
2303 0.243243
2304 -2.000000
2305 -0.630952
2306 -0.357143
2307 -0.083333
2308 -0.615385
2309 -0.602941
2310 -0.441176
2311 -0.279412
2312 -0.269231
2313 -0.455882
2314 -0.294118
2315 -0.132353
2316 0.076923
2317 -0.308824
2318 -0.147059
2319 0.014706
2320 -0.607143
2321 -0.593220
2322 -0.398305
2323 -0.203390
2324 -0.575000
2325 -0.581395
2326 -0.453488
2327 -0.325581
2328 -0.350000
2329 -0.465116
2330 -0.337209
2331 -0.209302
2332 -0.125000
2333 -0.348837
2334 -0.220930
2335 -0.093023
2336 -0.142857
2337 -0.449153
2338 -0.254237
2339 -0.059322
2340 -0.400000
2341 -0.476744
2342 -0.348837
2343 -0.220930
2344 -0.175000
2345 -0.360465
2346 -0.232558
2347 -0.104651
2348 0.050000
2349 -0.244186
2350 -0.116279
2351 0.011628
2352 0.321290
2353 -0.305085
2354 -0.110169
2355 0.084746
2356 -0.225000
2357 -0.372093
2358 -0.244186
2359 -0.116279
2360 -0.000000
2361 -0.255814
2362 -0.127907
2363 0.000000
2364 0.225000
2365 -0.139535
2366 -0.011628
2367 0.116279
2368 -1.333330
2369 -0.714286
2370 -0.482143
2371 -0.250000
2372 -0.714286
2373 -0.668605
2374 -0.523256
2375 -0.377907
2376 -0.428571
2377 -0.540698
2378 -0.395349
2379 -0.250000
2380 -0.142857
2381 -0.412791
2382 -0.267442
2383 -0.122093
2384 -0.750000
2385 -0.662162
2386 -0.486486
2387 -0.310811
2388 -0.650000
2389 -0.638095
2390 -0.519048
2391 -0.400000
2392 -0.450000
2393 -0.533333
2394 -0.414286
2395 -0.295238
2396 -0.250000
2397 -0.428571
2398 -0.309524
2399 -0.190476
2400 -0.400000
2401 -0.540541
2402 -0.364865
2403 -0.189189
2404 -0.500000
2405 -0.547619
2406 -0.428571
2407 -0.309524
2408 -0.300000
2409 -0.442857
2410 -0.323810
2411 -0.204762
2412 -0.100000
2413 -0.338095
2414 -0.219048
2415 -0.100000
2416 -0.050000
2417 -0.418919
2418 -0.243243
2419 -0.067568
2420 -0.350000
2421 -0.457143
2422 -0.338095
2423 -0.219048
2424 -0.150000
2425 -0.352381
2426 -0.233333
2427 -0.114286
2428 0.050000
2429 -0.247619
2430 -0.128571
2431 -0.009524
2432 -0.666667
2433 -0.589286
2434 -0.357143
2435 -0.125000
2436 -0.571429
2437 -0.575581
2438 -0.430233
2439 -0.284884
2440 -0.285714
2441 -0.447674
2442 -0.302326
2443 -0.156977
2444 -0.000000
2445 -0.319767
2446 -0.174419
2447 -0.029070
2448 -0.550000
2449 -0.567568
2450 -0.391892
2451 -0.216216
2452 -0.550000
2453 -0.561905
2454 -0.442857
2455 -0.323810
2456 -0.350000
2457 -0.457143
2458 -0.338095
2459 -0.219048
2460 -0.150000
2461 -0.352381
2462 -0.233333
2463 -0.114286
2464 -0.200000
2465 -0.445946
2466 -0.270270
2467 -0.094595
2468 -0.400000
2469 -0.471429
2470 -0.352381
2471 -0.233333
2472 -0.200000
2473 -0.366667
2474 -0.247619
2475 -0.128571
2476 -0.000000
2477 -0.261905
2478 -0.142857
2479 -0.023810
2480 0.150514
2481 -0.324324
2482 -0.148649
2483 0.027027
2484 -0.250000
2485 -0.380952
2486 -0.261905
2487 -0.142857
2488 -0.050000
2489 -0.276190
2490 -0.157143
2491 -0.038095
2492 0.150000
2493 -0.171429
2494 -0.052381
2495 0.066667
2496 -0.000000
2497 -0.464286
2498 -0.232143
2499 -0.000000
2500 -0.428571
2501 -0.482558
2502 -0.337209
2503 -0.191860
2504 -0.142857
2505 -0.354651
2506 -0.209302
2507 -0.063953
2508 0.142857
2509 -0.226744
2510 -0.081395
2511 0.063953
2512 -0.350000
2513 -0.472973
2514 -0.297297
2515 -0.121622
2516 -0.450000
2517 -0.485714
2518 -0.366667
2519 -0.247619
2520 -0.250000
2521 -0.380952
2522 -0.261905
2523 -0.142857
2524 -0.050000
2525 -0.276190
2526 -0.157143
2527 -0.038095
2528 -0.000000
2529 -0.351351
2530 -0.175676
2531 -0.000000
2532 -0.300000
2533 -0.395238
2534 -0.276190
2535 -0.157143
2536 -0.100000
2537 -0.290476
2538 -0.171429
2539 -0.052381
2540 0.100000
2541 -0.185714
2542 -0.066667
2543 0.052381
2544 0.350000
2545 -0.229730
2546 -0.054054
2547 0.121622
2548 -0.150000
2549 -0.304762
2550 -0.185714
2551 -0.066667
2552 0.050000
2553 -0.200000
2554 -0.080952
2555 0.038095
2556 0.250000
2557 -0.095238
2558 0.023810
2559 0.142857
2560 -0.500000
2561 -0.500000
2562 -0.226190
2563 0.047619
2564 -0.500000
2565 -0.500000
2566 -0.338235
2567 -0.176471
2568 -0.153846
2569 -0.352941
2570 -0.191176
2571 -0.029412
2572 0.192308
2573 -0.205882
2574 -0.044118
2575 0.117647
2576 -0.500000
2577 -0.500000
2578 -0.305085
2579 -0.110169
2580 -0.500000
2581 -0.500000
2582 -0.372093
2583 -0.244186
2584 -0.275000
2585 -0.383721
2586 -0.255814
2587 -0.127907
2588 -0.050000
2589 -0.267442
2590 -0.139535
2591 -0.011628
2592 -0.035171
2593 -0.355932
2594 -0.161017
2595 0.033898
2596 -0.325000
2597 -0.395349
2598 -0.267442
2599 -0.139535
2600 -0.100000
2601 -0.279070
2602 -0.151163
2603 -0.023256
2604 0.125000
2605 -0.162791
2606 -0.034884
2607 0.093023
2608 0.428387
2609 -0.211864
2610 -0.016949
2611 0.177966
2612 -0.150000
2613 -0.290698
2614 -0.162791
2615 -0.034884
2616 0.075000
2617 -0.174419
2618 -0.046512
2619 0.081395
2620 0.300000
2621 -0.058139
2622 0.069767
2623 0.197674
2624 -1.166670
2625 -0.625000
2626 -0.392857
2627 -0.160714
2628 -0.642857
2629 -0.593023
2630 -0.447674
2631 -0.302326
2632 -0.357143
2633 -0.465116
2634 -0.319767
2635 -0.174419
2636 -0.071429
2637 -0.337209
2638 -0.191860
2639 -0.046512
2640 -0.700000
2641 -0.594595
2642 -0.418919
2643 -0.243243
2644 -0.600000
2645 -0.576190
2646 -0.457143
2647 -0.338095
2648 -0.400000
2649 -0.471429
2650 -0.352381
2651 -0.233333
2652 -0.200000
2653 -0.366667
2654 -0.247619
2655 -0.128571
2656 -0.350000
2657 -0.472973
2658 -0.297297
2659 -0.121622
2660 -0.450000
2661 -0.485714
2662 -0.366667
2663 -0.247619
2664 -0.250000
2665 -0.380952
2666 -0.261905
2667 -0.142857
2668 -0.050000
2669 -0.276190
2670 -0.157143
2671 -0.038095
2672 0.000000
2673 -0.351351
2674 -0.175676
2675 0.000000
2676 -0.300000
2677 -0.395238
2678 -0.276190
2679 -0.157143
2680 -0.100000
2681 -0.290476
2682 -0.171429
2683 -0.052381
2684 0.100000
2685 -0.185714
2686 -0.066667
2687 0.052381
2688 -0.500000
2689 -0.500000
2690 -0.267857
2691 -0.035714
2692 -0.500000
2693 -0.500000
2694 -0.354651
2695 -0.209302
2696 -0.214286
2697 -0.372093
2698 -0.226744
2699 -0.081395
2700 0.071429
2701 -0.244186
2702 -0.098837
2703 0.046512
2704 -0.500000
2705 -0.500000
2706 -0.324324
2707 -0.148649
2708 -0.500000
2709 -0.500000
2710 -0.380952
2711 -0.261905
2712 -0.300000
2713 -0.395238
2714 -0.276190
2715 -0.157143
2716 -0.100000
2717 -0.290476
2718 -0.171429
2719 -0.052381
2720 -0.150000
2721 -0.378378
2722 -0.202703
2723 -0.027027
2724 -0.350000
2725 -0.409524
2726 -0.290476
2727 -0.171429
2728 -0.150000
2729 -0.304762
2730 -0.185714
2731 -0.066667
2732 0.050000
2733 -0.200000
2734 -0.080952
2735 0.038095
2736 0.200000
2737 -0.256757
2738 -0.081081
2739 0.094595
2740 -0.200000
2741 -0.319048
2742 -0.200000
2743 -0.080952
2744 -0.000000
2745 -0.214286
2746 -0.095238
2747 0.023810
2748 0.200000
2749 -0.109524
2750 0.009524
2751 0.128571
2752 0.166667
2753 -0.375000
2754 -0.142857
2755 0.089286
2756 -0.357143
2757 -0.406977
2758 -0.261628
2759 -0.116279
2760 -0.071429
2761 -0.279070
2762 -0.133721
2763 0.011628
2764 0.214286
2765 -0.151163
2766 -0.005814
2767 0.139535
2768 -0.300000
2769 -0.405405
2770 -0.229730
2771 -0.054054
2772 -0.400000
2773 -0.423810
2774 -0.304762
2775 -0.185714
2776 -0.200000
2777 -0.319048
2778 -0.200000
2779 -0.080952
2780 0.000000
2781 -0.214286
2782 -0.095238
2783 0.023810
2784 0.050000
2785 -0.283784
2786 -0.108108
2787 0.067568
2788 -0.250000
2789 -0.333333
2790 -0.214286
2791 -0.095238
2792 -0.050000
2793 -0.228571
2794 -0.109524
2795 0.009524
2796 0.150000
2797 -0.123810
2798 -0.004762
2799 0.114286
2800 0.399529
2801 -0.162162
2802 0.013513
2803 0.189189
2804 -0.100000
2805 -0.242857
2806 -0.123810
2807 -0.004762
2808 0.100000
2809 -0.138095
2810 -0.019048
2811 0.100000
2812 0.300000
2813 -0.033333
2814 0.085714
2815 0.204762
2816 1.000000
2817 -0.369048
2818 -0.095238
2819 0.178571
2820 -0.384615
2821 -0.397059
2822 -0.235294
2823 -0.073529
2824 -0.038462
2825 -0.250000
2826 -0.088235
2827 0.073529
2828 0.307692
2829 -0.102941
2830 0.058824
2831 0.220588
2832 -0.392857
2833 -0.406780
2834 -0.211864
2835 -0.016949
2836 -0.425000
2837 -0.418605
2838 -0.290698
2839 -0.162791
2840 -0.200000
2841 -0.302326
2842 -0.174419
2843 -0.046512
2844 0.025000
2845 -0.186047
2846 -0.058139
2847 0.069767
2848 0.071429
2849 -0.262712
2850 -0.067797
2851 0.127119
2852 -0.250000
2853 -0.313953
2854 -0.186047
2855 -0.058139
2856 -0.025000
2857 -0.197674
2858 -0.069759
2859 0.058139
2860 0.200000
2861 -0.081388
2862 0.046512
2863 0.174419
2864 0.535484
2865 -0.118644
2866 0.076271
2867 0.271186
2868 -0.075000
2869 -0.209302
2870 -0.081388
2871 0.046512
2872 0.150000
2873 -0.093018
2874 0.034884
2875 0.162791
2876 0.375000
2877 0.023256
2878 0.151163
2879 0.279070
2880 -1.000000
2881 -0.535714
2882 -0.303571
2883 -0.071429
2884 -0.571429
2885 -0.517442
2886 -0.372093
2887 -0.226744
2888 -0.285714
2889 -0.389535
2890 -0.244186
2891 -0.098837
2892 0.000000
2893 -0.261628
2894 -0.116279
2895 0.029070
2896 -0.650000
2897 -0.527027
2898 -0.351351
2899 -0.175676
2900 -0.550000
2901 -0.514286
2902 -0.395238
2903 -0.276190
2904 -0.350000
2905 -0.409524
2906 -0.290476
2907 -0.171429
2908 -0.150000
2909 -0.304762
2910 -0.185714
2911 -0.066667
2912 -0.300000
2913 -0.405405
2914 -0.229730
2915 -0.054054
2916 -0.400000
2917 -0.423810
2918 -0.304762
2919 -0.185714
2920 -0.200000
2921 -0.319048
2922 -0.200000
2923 -0.080952
2924 -0.000000
2925 -0.214286
2926 -0.095238
2927 0.023810
2928 0.050000
2929 -0.283784
2930 -0.108108
2931 0.067568
2932 -0.250000
2933 -0.333333
2934 -0.214286
2935 -0.095238
2936 -0.050000
2937 -0.228571
2938 -0.109524
2939 0.009524
2940 0.150000
2941 -0.123810
2942 -0.004762
2943 0.114286
2944 -0.333333
2945 -0.410714
2946 -0.178571
2947 0.053571
2948 -0.428571
2949 -0.424419
2950 -0.279070
2951 -0.133721
2952 -0.142857
2953 -0.296512
2954 -0.151163
2955 -0.005814
2956 0.142857
2957 -0.168605
2958 -0.023256
2959 0.122093
2960 -0.450000
2961 -0.432432
2962 -0.256757
2963 -0.081081
2964 -0.450000
2965 -0.438095
2966 -0.319048
2967 -0.200000
2968 -0.250000
2969 -0.333333
2970 -0.214286
2971 -0.095238
2972 -0.050000
2973 -0.228571
2974 -0.109524
2975 0.009524
2976 -0.100000
2977 -0.310811
2978 -0.135135
2979 0.040541
2980 -0.300000
2981 -0.347619
2982 -0.228571
2983 -0.109524
2984 -0.100000
2985 -0.242857
2986 -0.123810
2987 -0.004762
2988 0.100000
2989 -0.138095
2990 -0.019048
2991 0.100000
2992 0.250000
2993 -0.189189
2994 -0.013513
2995 0.162162
2996 -0.150000
2997 -0.257143
2998 -0.138095
2999 -0.019048
3000 0.050000
3001 -0.152381
3002 -0.033333
3003 0.085714
3004 0.250000
3005 -0.047619
3006 0.071429
3007 0.190476
3008 0.333333
3009 -0.285714
3010 -0.053571
3011 0.178571
3012 -0.285714
3013 -0.331395
3014 -0.186047
3015 -0.040698
3016 0.000000
3017 -0.203488
3018 -0.058139
3019 0.087209
3020 0.285714
3021 -0.075581
3022 0.069767
3023 0.215116
3024 -0.250000
3025 -0.337838
3026 -0.162162
3027 0.013513
3028 -0.350000
3029 -0.361905
3030 -0.242857
3031 -0.123810
3032 -0.150000
3033 -0.257143
3034 -0.138095
3035 -0.019048
3036 0.050000
3037 -0.152381
3038 -0.033333
3039 0.085714
3040 0.100000
3041 -0.216216
3042 -0.040541
3043 0.135135
3044 -0.200000
3045 -0.271429
3046 -0.152381
3047 -0.033333
3048 -0.000000
3049 -0.166667
3050 -0.047619
3051 0.071429
3052 0.200000
3053 -0.061905
3054 0.057143
3055 0.176190
3056 0.449700
3057 -0.094595
3058 0.081081
3059 0.256757
3060 -0.050000
3061 -0.180941
3062 -0.061905
3063 0.057143
3064 0.150000
3065 -0.076190
3066 0.042857
3067 0.161905
3068 0.350000
3069 0.028571
3070 0.147619
3071 0.266667
3072 0
3073 -0.300000
3074 0.000000
3075 0.300000
3076 -0.375000
3077 -0.333333
3078 -0.166667
3079 -0.000000
3080 -0.000000
3081 -0.166667
3082 -0.000000
3083 0.166667
3084 0.375000
3085 0.000000
3086 0.166667
3087 0.333333
3088 -0.500000
3089 -0.368421
3090 -0.171053
3091 0.026316
3092 -0.423077
3093 -0.375000
3094 -0.250000
3095 -0.125000
3096 -0.192308
3097 -0.250000
3098 -0.125000
3099 0.000000
3100 0.038462
3101 -0.125000
3102 0.000000
3103 0.125000
3104 0.000000
3105 -0.197368
3106 0.000010
3107 0.197368
3108 -0.230769
3109 -0.250000
3110 -0.125000
3111 0.000000
3112 -0.000000
3113 -0.125000
3114 0.000000
3115 0.125000
3116 0.230769
3117 0.000000
3118 0.125000
3119 0.250000
3120 0.500000
3121 -0.026310
3122 0.171053
3123 0.368421
3124 -0.038462
3125 -0.125000
3126 -0.000000
3127 0.125000
3128 0.192308
3129 0.000000
3130 0.125000
3131 0.250000
3132 0.423077
3133 0.125000
3134 0.250000
3135 0.375000
3136 -1.500000
3137 -0.552632
3138 -0.315789
3139 -0.078947
3140 -0.625000
3141 -0.516949
3142 -0.372881
3143 -0.228813
3144 -0.333333
3145 -0.381356
3146 -0.237288
3147 -0.093220
3148 -0.041667
3149 -0.245763
3150 -0.101695
3151 0.042379
3152 -0.785714
3153 -0.538462
3154 -0.365385
3155 -0.192308
3156 -0.585714
3157 -0.513514
3158 -0.398649
3159 -0.283784
3160 -0.385714
3161 -0.405405
3162 -0.290541
3163 -0.175676
3164 -0.185714
3165 -0.297297
3166 -0.182432
3167 -0.067568
3168 -0.428571
3169 -0.403846
3170 -0.230769
3171 -0.057692
3172 -0.428571
3173 -0.412162
3174 -0.297297
3175 -0.182432
3176 -0.228571
3177 -0.304054
3178 -0.189189
3179 -0.074324
3180 -0.028571
3181 -0.195946
3182 -0.081081
3183 0.033786
3184 -0.071429
3185 -0.269231
3186 -0.096154
3187 0.076923
3188 -0.271429
3189 -0.310811
3190 -0.195946
3191 -0.081081
3192 -0.071429
3193 -0.202703
3194 -0.087838
3195 0.027028
3196 0.128571
3197 -0.094595
3198 0.020271
3199 0.135135
3200 -0.750000
3201 -0.394737
3202 -0.157895
3203 0.078947
3204 -0.458333
3205 -0.398305
3206 -0.254237
3207 -0.110169
3208 -0.166667
3209 -0.262712
3210 -0.118644
3211 0.025427
3212 0.125000
3213 -0.127119
3214 0.016951
3215 0.161017
3216 -0.571429
3217 -0.423077
3218 -0.250000
3219 -0.076923
3220 -0.471429
3221 -0.418919
3222 -0.304054
3223 -0.189189
3224 -0.271429
3225 -0.310811
3226 -0.195946
3227 -0.081081
3228 -0.071429
3229 -0.202703
3230 -0.087838
3231 0.027028
3232 -0.214286
3233 -0.288462
3234 -0.115385
3235 0.057692
3236 -0.314286
3237 -0.317566
3238 -0.202703
3239 -0.087838
3240 -0.114286
3241 -0.209459
3242 -0.094595
3243 0.020271
3244 0.085714
3245 -0.101351
3246 0.013514
3247 0.128378
3248 0.142857
3249 -0.153846
3250 0.019231
3251 0.192308
3252 -0.157143
3253 -0.216216
3254 -0.101351
3255 0.013514
3256 0.042857
3257 -0.108108
3258 0.006757
3259 0.121622
3260 0.242857
3261 0.000000
3262 0.114865
3263 0.229730
3264 -0.000000
3265 -0.236842
3266 -0.000000
3267 0.236842
3268 -0.291667
3269 -0.279661
3270 -0.135593
3271 0.008476
3272 -0.000000
3273 -0.144068
3274 0.000001
3275 0.144068
3276 0.291667
3277 -0.008474
3278 0.135593
3279 0.279661
3280 -0.357143
3281 -0.307692
3282 -0.134615
3283 0.038462
3284 -0.357143
3285 -0.324323
3286 -0.209459
3287 -0.094595
3288 -0.157143
3289 -0.216216
3290 -0.101351
3291 0.013514
3292 0.042857
3293 -0.108108
3294 0.006757
3295 0.121622
3296 0.000000
3297 -0.173077
3298 -0.000000
3299 0.173077
3300 -0.200000
3301 -0.222973
3302 -0.108108
3303 0.006757
3304 -0.000000
3305 -0.114865
3306 0.000000
3307 0.114865
3308 0.200000
3309 -0.006756
3310 0.108108
3311 0.222973
3312 0.357143
3313 -0.038462
3314 0.134615
3315 0.307692
3316 -0.042857
3317 -0.121622
3318 -0.006756
3319 0.108108
3320 0.157143
3321 -0.013513
3322 0.101363
3323 0.216216
3324 0.357143
3325 0.094604
3326 0.209459
3327 0.324324
3328 -3.000000
3329 -0.535714
3330 -0.261905
3331 0.011905
3332 -0.576923
3333 -0.514706
3334 -0.352941
3335 -0.191176
3336 -0.230769
3337 -0.367647
3338 -0.205882
3339 -0.044118
3340 0.115385
3341 -0.220588
3342 -0.058824
3343 0.102941
3344 -0.678571
3345 -0.525424
3346 -0.330508
3347 -0.135593
3348 -0.550000
3349 -0.511628
3350 -0.383721
3351 -0.255814
3352 -0.325000
3353 -0.395349
3354 -0.267442
3355 -0.139535
3356 -0.100000
3357 -0.279070
3358 -0.151163
3359 -0.023256
3360 -0.214286
3361 -0.381356
3362 -0.186441
3363 0.008475
3364 -0.375000
3365 -0.406977
3366 -0.279070
3367 -0.151163
3368 -0.150000
3369 -0.290698
3370 -0.162791
3371 -0.034884
3372 0.075000
3373 -0.174419
3374 -0.046512
3375 0.081395
3376 0.250369
3377 -0.237288
3378 -0.042373
3379 0.152542
3380 -0.200000
3381 -0.302326
3382 -0.174419
3383 -0.046512
3384 0.025000
3385 -0.186047
3386 -0.058139
3387 0.069767
3388 0.250000
3389 -0.069759
3390 0.058139
3391 0.186047
3392 -1.666670
3393 -0.660714
3394 -0.428571
3395 -0.196429
3396 -0.714286
3397 -0.610465
3398 -0.465116
3399 -0.319767
3400 -0.428571
3401 -0.482558
3402 -0.337209
3403 -0.191860
3404 -0.142857
3405 -0.354651
3406 -0.209302
3407 -0.063953
3408 -0.850000
3409 -0.621622
3410 -0.445946
3411 -0.270270
3412 -0.650000
3413 -0.590476
3414 -0.471429
3415 -0.352381
3416 -0.450000
3417 -0.485714
3418 -0.366667
3419 -0.247619
3420 -0.250000
3421 -0.380952
3422 -0.261905
3423 -0.142857
3424 -0.500000
3425 -0.500000
3426 -0.324324
3427 -0.148649
3428 -0.500000
3429 -0.500000
3430 -0.380952
3431 -0.261905
3432 -0.300000
3433 -0.395238
3434 -0.276190
3435 -0.157143
3436 -0.100000
3437 -0.290476
3438 -0.171429
3439 -0.052381
3440 -0.150000
3441 -0.378378
3442 -0.202703
3443 -0.027027
3444 -0.350000
3445 -0.409524
3446 -0.290476
3447 -0.171429
3448 -0.150000
3449 -0.304762
3450 -0.185714
3451 -0.066667
3452 0.050000
3453 -0.200000
3454 -0.080952
3455 0.038095
3456 -1.000000
3457 -0.535714
3458 -0.303571
3459 -0.071429
3460 -0.571429
3461 -0.517442
3462 -0.372093
3463 -0.226744
3464 -0.285714
3465 -0.389535
3466 -0.244186
3467 -0.098837
3468 -0.000000
3469 -0.261628
3470 -0.116279
3471 0.029070
3472 -0.650000
3473 -0.527027
3474 -0.351351
3475 -0.175676
3476 -0.550000
3477 -0.514286
3478 -0.395238
3479 -0.276190
3480 -0.350000
3481 -0.409524
3482 -0.290476
3483 -0.171429
3484 -0.150000
3485 -0.304762
3486 -0.185714
3487 -0.066667
3488 -0.300000
3489 -0.405405
3490 -0.229730
3491 -0.054054
3492 -0.400000
3493 -0.423810
3494 -0.304762
3495 -0.185714
3496 -0.200000
3497 -0.319048
3498 -0.200000
3499 -0.080952
3500 -0.000000
3501 -0.214286
3502 -0.095238
3503 0.023810
3504 0.050000
3505 -0.283784
3506 -0.108108
3507 0.067568
3508 -0.250000
3509 -0.333333
3510 -0.214286
3511 -0.095238
3512 -0.050000
3513 -0.228571
3514 -0.109524
3515 0.009524
3516 0.150000
3517 -0.123810
3518 -0.004762
3519 0.114286
3520 -0.333333
3521 -0.410714
3522 -0.178571
3523 0.053571
3524 -0.428571
3525 -0.424419
3526 -0.279070
3527 -0.133721
3528 -0.142857
3529 -0.296512
3530 -0.151163
3531 -0.005814
3532 0.142857
3533 -0.168605
3534 -0.023256
3535 0.122093
3536 -0.450000
3537 -0.432432
3538 -0.256757
3539 -0.081081
3540 -0.450000
3541 -0.438095
3542 -0.319048
3543 -0.200000
3544 -0.250000
3545 -0.333333
3546 -0.214286
3547 -0.095238
3548 -0.050000
3549 -0.228571
3550 -0.109524
3551 0.009524
3552 -0.100000
3553 -0.310811
3554 -0.135135
3555 0.040541
3556 -0.300000
3557 -0.347619
3558 -0.228571
3559 -0.109524
3560 -0.100000
3561 -0.242857
3562 -0.123810
3563 -0.004762
3564 0.100000
3565 -0.138095
3566 -0.019048
3567 0.100000
3568 0.250000
3569 -0.189189
3570 -0.013513
3571 0.162162
3572 -0.150000
3573 -0.257143
3574 -0.138095
3575 -0.019048
3576 0.050000
3577 -0.152381
3578 -0.033333
3579 0.085714
3580 0.250000
3581 -0.047619
3582 0.071429
3583 0.190476
3584 -1.500000
3585 -0.404762
3586 -0.130952
3587 0.142857
3588 -0.461538
3589 -0.411765
3590 -0.250000
3591 -0.088235
3592 -0.115385
3593 -0.264706
3594 -0.102941
3595 0.058824
3596 0.230769
3597 -0.117647
3598 0.044118
3599 0.205882
3600 -0.571429
3601 -0.432203
3602 -0.237288
3603 -0.042373
3604 -0.475000
3605 -0.430233
3606 -0.302326
3607 -0.174419
3608 -0.250000
3609 -0.313953
3610 -0.186047
3611 -0.058139
3612 -0.025000
3613 -0.197674
3614 -0.069759
3615 0.058139
3616 -0.107143
3617 -0.288136
3618 -0.093220
3619 0.101695
3620 -0.300000
3621 -0.325581
3622 -0.197674
3623 -0.069759
3624 -0.075000
3625 -0.209302
3626 -0.081388
3627 0.046512
3628 0.150000
3629 -0.093018
3630 0.034884
3631 0.162791
3632 0.357474
3633 -0.144068
3634 0.050847
3635 0.245763
3636 -0.125000
3637 -0.220930
3638 -0.093018
3639 0.034884
3640 0.100000
3641 -0.104647
3642 0.023256
3643 0.151163
3644 0.325000
3645 0.011628
3646 0.139535
3647 0.267442
3648 -1.500000
3649 -0.571429
3650 -0.339286
3651 -0.107143
3652 -0.642857
3653 -0.534884
3654 -0.389535
3655 -0.244186
3656 -0.357143
3657 -0.406977
3658 -0.261628
3659 -0.116279
3660 -0.071429
3661 -0.279070
3662 -0.133721
3663 0.011628
3664 -0.800000
3665 -0.554054
3666 -0.378378
3667 -0.202703
3668 -0.600000
3669 -0.528571
3670 -0.409524
3671 -0.290476
3672 -0.400000
3673 -0.423810
3674 -0.304762
3675 -0.185714
3676 -0.200000
3677 -0.319048
3678 -0.200000
3679 -0.080952
3680 -0.450000
3681 -0.432432
3682 -0.256757
3683 -0.081081
3684 -0.450000
3685 -0.438095
3686 -0.319048
3687 -0.200000
3688 -0.250000
3689 -0.333333
3690 -0.214286
3691 -0.095238
3692 -0.050000
3693 -0.228571
3694 -0.109524
3695 0.009524
3696 -0.100000
3697 -0.310811
3698 -0.135135
3699 0.040541
3700 -0.300000
3701 -0.347619
3702 -0.228571
3703 -0.109524
3704 -0.100000
3705 -0.242857
3706 -0.123810
3707 -0.004762
3708 0.100000
3709 -0.138095
3710 -0.019048
3711 0.100000
3712 -0.833333
3713 -0.446429
3714 -0.214286
3715 0.017857
3716 -0.500000
3717 -0.441860
3718 -0.296512
3719 -0.151163
3720 -0.214286
3721 -0.313953
3722 -0.168605
3723 -0.023256
3724 0.071429
3725 -0.186047
3726 -0.040698
3727 0.104651
3728 -0.600000
3729 -0.459459
3730 -0.283784
3731 -0.108108
3732 -0.500000
3733 -0.452381
3734 -0.333333
3735 -0.214286
3736 -0.300000
3737 -0.347619
3738 -0.228571
3739 -0.109524
3740 -0.100000
3741 -0.242857
3742 -0.123810
3743 -0.004762
3744 -0.250000
3745 -0.337838
3746 -0.162162
3747 0.013513
3748 -0.350000
3749 -0.361905
3750 -0.242857
3751 -0.123810
3752 -0.150000
3753 -0.257143
3754 -0.138095
3755 -0.019048
3756 0.050000
3757 -0.152381
3758 -0.033333
3759 0.085714
3760 0.100000
3761 -0.216216
3762 -0.040541
3763 0.135135
3764 -0.200000
3765 -0.271429
3766 -0.152381
3767 -0.033333
3768 -0.000000
3769 -0.166667
3770 -0.047619
3771 0.071429
3772 0.200000
3773 -0.061905
3774 0.057143
3775 0.176190
3776 -0.166667
3777 -0.321429
3778 -0.089286
3779 0.142857
3780 -0.357143
3781 -0.348837
3782 -0.203488
3783 -0.058139
3784 -0.071429
3785 -0.220930
3786 -0.075581
3787 0.069767
3788 0.214286
3789 -0.093023
3790 0.052326
3791 0.197674
3792 -0.400000
3793 -0.364865
3794 -0.189189
3795 -0.013513
3796 -0.400000
3797 -0.376190
3798 -0.257143
3799 -0.138095
3800 -0.200000
3801 -0.271429
3802 -0.152381
3803 -0.033333
3804 0.000000
3805 -0.166667
3806 -0.047619
3807 0.071429
3808 -0.050000
3809 -0.243243
3810 -0.067568
3811 0.108108
3812 -0.250000
3813 -0.285714
3814 -0.166667
3815 -0.047619
3816 -0.050000
3817 -0.180941
3818 -0.061905
3819 0.057143
3820 0.150000
3821 -0.076190
3822 0.042857
3823 0.161905
3824 0.300000
3825 -0.121622
3826 0.054054
3827 0.229730
3828 -0.100000
3829 -0.195229
3830 -0.076190
3831 0.042857
3832 0.100000
3833 -0.090476
3834 0.028571
3835 0.147619
3836 0.300000
3837 0.014286
3838 0.133333
3839 0.252381
3840 -0.000000
3841 -0.273810
3842 -0.000000
3843 0.273810
3844 -0.346154
3845 -0.308824
3846 -0.147047
3847 0.014706
3848 0.000000
3849 -0.161754
3850 -0.000000
3851 0.161765
3852 0.346154
3853 -0.014706
3854 0.147059
3855 0.308824
3856 -0.464286
3857 -0.338983
3858 -0.144068
3859 0.050847
3860 -0.400000
3861 -0.348837
3862 -0.220930
3863 -0.093018
3864 -0.175000
3865 -0.232558
3866 -0.104647
3867 0.023256
3868 0.050000
3869 -0.116275
3870 0.011628
3871 0.139535
3872 -0.000000
3873 -0.194915
3874 0.000000
3875 0.194915
3876 -0.225000
3877 -0.244186
3878 -0.116275
3879 0.011628
3880 -0.000000
3881 -0.127904
3882 -0.000000
3883 0.127907
3884 0.225000
3885 -0.011628
3886 0.116279
3887 0.244186
3888 0.464575
3889 -0.050847
3890 0.144068
3891 0.338983
3892 -0.050000
3893 -0.139532
3894 -0.011628
3895 0.116279
3896 0.175000
3897 -0.023256
3898 0.104651
3899 0.232558
3900 0.400000
3901 0.093023
3902 0.220930
3903 0.348837
3904 -1.333330
3905 -0.482143
3906 -0.250000
3907 -0.017857
3908 -0.571429
3909 -0.459302
3910 -0.313953
3911 -0.168605
3912 -0.285714
3913 -0.331395
3914 -0.186047
3915 -0.040698
3916 -0.000000
3917 -0.203488
3918 -0.058139
3919 0.087209
3920 -0.750000
3921 -0.486486
3922 -0.310811
3923 -0.135135
3924 -0.550000
3925 -0.466667
3926 -0.347619
3927 -0.228571
3928 -0.350000
3929 -0.361905
3930 -0.242857
3931 -0.123810
3932 -0.150000
3933 -0.257143
3934 -0.138095
3935 -0.019048
3936 -0.400000
3937 -0.364865
3938 -0.189189
3939 -0.013513
3940 -0.400000
3941 -0.376190
3942 -0.257143
3943 -0.138095
3944 -0.200000
3945 -0.271429
3946 -0.152381
3947 -0.033333
3948 -0.000000
3949 -0.166667
3950 -0.047619
3951 0.071429
3952 -0.050000
3953 -0.243243
3954 -0.067568
3955 0.108108
3956 -0.250000
3957 -0.285714
3958 -0.166667
3959 -0.047619
3960 -0.050000
3961 -0.180941
3962 -0.061905
3963 0.057143
3964 0.150000
3965 -0.076190
3966 0.042857
3967 0.161905
3968 -0.666667
3969 -0.357143
3970 -0.125000
3971 0.107143
3972 -0.428571
3973 -0.366279
3974 -0.220930
3975 -0.075581
3976 -0.142857
3977 -0.238372
3978 -0.093023
3979 0.052326
3980 0.142857
3981 -0.110465
3982 0.034884
3983 0.180233
3984 -0.550000
3985 -0.391892
3986 -0.216216
3987 -0.040541
3988 -0.450000
3989 -0.390474
3990 -0.271429
3991 -0.152381
3992 -0.250000
3993 -0.285714
3994 -0.166667
3995 -0.047619
3996 -0.050000
3997 -0.180941
3998 -0.061905
3999 0.057143
4000 -0.200000
4001 -0.270270
4002 -0.094595
4003 0.081081
4004 -0.300000
4005 -0.300000
4006 -0.180941
4007 -0.061905
4008 -0.100000
4009 -0.195229
4010 -0.076190
4011 0.042857
4012 0.100000
4013 -0.090476
4014 0.028571
4015 0.147619
4016 0.150000
4017 -0.148649
4018 0.027027
4019 0.202703
4020 -0.150000
4021 -0.209516
4022 -0.090476
4023 0.028571
4024 0.050000
4025 -0.104762
4026 0.014286
4027 0.133333
4028 0.250000
4029 -0.000000
4030 0.119048
4031 0.238095
4032 -0.000000
4033 -0.232143
4034 0.000000
4035 0.232143
4036 -0.285714
4037 -0.273256
4038 -0.127907
4039 0.017442
4040 -0.000000
4041 -0.145349
4042 0.000000
4043 0.145349
4044 0.285714
4045 -0.017442
4046 0.127907
4047 0.273256
4048 -0.350000
4049 -0.297297
4050 -0.121622
4051 0.054054
4052 -0.350000
4053 -0.314286
4054 -0.195229
4055 -0.076190
4056 -0.150000
4057 -0.209516
4058 -0.090476
4059 0.028571
4060 0.050000
4061 -0.104762
4062 0.014286
4063 0.133333
4064 -0.000000
4065 -0.175676
4066 0.000000
4067 0.175676
4068 -0.200000
4069 -0.223803
4070 -0.104762
4071 0.014286
4072 -0.000000
4073 -0.119048
4074 0.000000
4075 0.119048
4076 0.200000
4077 -0.014286
4078 0.104762
4079 0.223810
4080 0.350000
4081 -0.054054
4082 0.121622
4083 0.297297
4084 -0.050000
4085 -0.133333
4086 -0.014286
4087 0.104762
4088 0.150000
4089 -0.028571
4090 0.090476
4091 0.209524
4092 0.350000
4093 0.076190
4094 0.195238
4095 0.314286
