#CSC Slope LUT
#Structure is comparator code (iCC) -> Stub slope
#iCC bits: 12
#<header> v1.0 12 32 </header>
0 16
1 16
2 16
3 16
4 16
5 16
6 16
7 16
8 16
9 16
10 22
11 19
12 16
13 28
14 25
15 22
16 16
17 16
18 16
19 19
20 16
21 16
22 20
23 18
24 16
25 22
26 21
27 19
28 16
29 22
30 21
31 20
32 16
33 16
34 22
35 20
36 16
37 24
38 22
39 20
40 22
41 23
42 22
43 20
44 19
45 23
46 22
47 20
48 16
49 25
50 24
51 22
52 28
53 26
54 24
55 22
56 25
57 25
58 24
59 22
60 22
61 24
62 23
63 22
64 16
65 16
66 16
67 18
68 16
69 16
70 19
71 18
72 16
73 19
74 19
75 18
76 16
77 19
78 19
79 18
80 16
81 16
82 19
83 18
84 16
85 20
86 19
87 18
88 17
89 19
90 19
91 18
92 16
93 19
94 19
95 18
96 16
97 21
98 20
99 19
100 19
101 21
102 20
103 19
104 18
105 20
106 20
107 19
108 16
109 19
110 19
111 19
112 9
113 21
114 21
115 20
116 19
117 22
118 21
119 20
120 19
121 21
122 21
123 20
124 17
125 20
126 20
127 20
128 16
129 16
130 20
131 19
132 16
133 21
134 20
135 19
136 19
137 20
138 20
139 19
140 17
141 19
142 19
143 19
144 16
145 21
146 20
147 19
148 20
149 21
150 20
151 19
152 19
153 20
154 20
155 19
156 17
157 19
158 19
159 19
160 16
161 21
162 20
163 19
164 20
165 21
166 20
167 19
168 19
169 20
170 20
171 19
172 17
173 20
174 20
175 19
176 12
177 21
178 20
179 20
180 19
181 21
182 21
183 20
184 19
185 21
186 21
187 20
188 17
189 20
190 20
191 19
192 16
193 22
194 21
195 20
196 22
197 22
198 21
199 20
200 20
201 21
202 21
203 20
204 19
205 20
206 20
207 20
208 22
209 22
210 21
211 20
212 22
213 22
214 21
215 20
216 20
217 21
218 21
219 20
220 19
221 20
222 20
223 20
224 19
225 22
226 21
227 20
228 21
229 22
230 21
231 20
232 20
233 21
234 21
235 20
236 19
237 20
238 20
239 20
240 16
241 22
242 21
243 20
244 20
245 22
246 21
247 20
248 20
249 22
250 21
251 20
252 19
253 21
254 21
255 20
256 16
257 16
258 16
259 19
260 16
261 16
262 20
263 19
264 16
265 20
266 19
267 19
268 18
269 19
270 19
271 19
272 16
273 16
274 20
275 19
276 16
277 20
278 20
279 19
280 19
281 20
282 19
283 19
284 18
285 19
286 19
287 19
288 16
289 20
290 20
291 19
292 19
293 20
294 20
295 19
296 19
297 20
298 20
299 19
300 18
301 19
302 19
303 19
304 16
305 20
306 20
307 20
308 19
309 21
310 20
311 20
312 19
313 20
314 20
315 20
316 18
317 20
318 20
319 19
320 16
321 16
322 19
323 18
324 16
325 20
326 19
327 18
328 18
329 19
330 19
331 18
332 17
333 19
334 19
335 18
336 16
337 20
338 19
339 18
340 19
341 20
342 19
343 18
344 18
345 19
346 19
347 18
348 17
349 19
350 19
351 18
352 17
353 20
354 19
355 19
356 19
357 20
358 20
359 19
360 18
361 20
362 19
363 19
364 17
365 19
366 19
367 18
368 15
369 20
370 20
371 19
372 18
373 20
374 20
375 19
376 18
377 20
378 20
379 19
380 17
381 19
382 19
383 19
384 16
385 20
386 20
387 19
388 20
389 20
390 20
391 19
392 19
393 20
394 19
395 19
396 17
397 19
398 19
399 18
400 19
401 20
402 20
403 19
404 20
405 20
406 20
407 19
408 19
409 20
410 19
411 19
412 17
413 19
414 19
415 18
416 17
417 20
418 20
419 19
420 19
421 20
422 20
423 19
424 18
425 20
426 20
427 19
428 17
429 19
430 19
431 19
432 15
433 20
434 20
435 19
436 18
437 20
438 20
439 19
440 18
441 20
442 20
443 19
444 17
445 19
446 19
447 19
448 16
449 21
450 20
451 19
452 20
453 21
454 20
455 19
456 19
457 20
458 20
459 19
460 18
461 20
462 20
463 19
464 19
465 21
466 20
467 19
468 20
469 21
470 20
471 19
472 19
473 20
474 20
475 19
476 18
477 20
478 20
479 19
480 17
481 21
482 20
483 19
484 20
485 21
486 20
487 19
488 19
489 20
490 20
491 19
492 18
493 20
494 20
495 19
496 16
497 20
498 20
499 19
500 19
501 21
502 20
503 20
504 19
505 20
506 20
507 20
508 18
509 20
510 20
511 19
512 16
513 16
514 20
515 19
516 16
517 21
518 20
519 20
520 20
521 21
522 20
523 20
524 19
525 20
526 20
527 19
528 16
529 21
530 20
531 19
532 21
533 21
534 20
535 20
536 20
537 21
538 20
539 20
540 19
541 20
542 20
543 19
544 19
545 21
546 20
547 20
548 20
549 21
550 20
551 20
552 20
553 21
554 20
555 20
556 19
557 20
558 20
559 19
560 17
561 20
562 20
563 20
564 19
565 21
566 21
567 20
568 19
569 21
570 20
571 20
572 19
573 20
574 20
575 20
576 16
577 21
578 20
579 19
580 21
581 21
582 20
583 19
584 20
585 20
586 20
587 19
588 18
589 20
590 19
591 19
592 21
593 21
594 20
595 19
596 21
597 21
598 20
599 19
600 20
601 20
602 20
603 19
604 18
605 20
606 19
607 19
608 19
609 21
610 20
611 19
612 20
613 21
614 20
615 19
616 19
617 20
618 20
619 19
620 18
621 20
622 19
623 19
624 17
625 20
626 20
627 19
628 19
629 20
630 20
631 19
632 19
633 20
634 20
635 19
636 18
637 20
638 20
639 19
640 22
641 21
642 20
643 19
644 21
645 21
646 20
647 19
648 20
649 20
650 20
651 19
652 18
653 20
654 20
655 19
656 21
657 21
658 20
659 19
660 21
661 21
662 20
663 19
664 20
665 20
666 20
667 19
668 18
669 20
670 20
671 19
672 19
673 21
674 20
675 19
676 20
677 21
678 20
679 19
680 19
681 20
682 20
683 19
684 18
685 20
686 20
687 19
688 17
689 20
690 20
691 19
692 19
693 20
694 20
695 19
696 19
697 20
698 20
699 19
700 18
701 19
702 20
703 19
704 19
705 21
706 20
707 20
708 21
709 21
710 21
711 20
712 20
713 21
714 20
715 20
716 19
717 20
718 20
719 19
720 20
721 21
722 20
723 20
724 21
725 21
726 21
727 20
728 20
729 21
730 20
731 20
732 19
733 20
734 20
735 19
736 19
737 21
738 20
739 20
740 20
741 21
742 21
743 20
744 20
745 21
746 20
747 20
748 19
749 20
750 20
751 19
752 17
753 20
754 20
755 20
756 19
757 21
758 20
759 20
760 19
761 20
762 20
763 20
764 18
765 20
766 20
767 19
768 16
769 22
770 21
771 20
772 22
773 22
774 21
775 20
776 21
777 21
778 21
779 20
780 20
781 21
782 21
783 20
784 22
785 22
786 21
787 20
788 22
789 22
790 21
791 20
792 21
793 21
794 21
795 20
796 20
797 21
798 21
799 20
800 20
801 22
802 21
803 20
804 21
805 22
806 21
807 20
808 21
809 21
810 21
811 20
812 20
813 21
814 21
815 20
816 19
817 21
818 21
819 20
820 20
821 21
822 21
823 21
824 20
825 21
826 21
827 20
828 20
829 21
830 21
831 20
832 28
833 22
834 21
835 20
836 22
837 22
838 21
839 20
840 21
841 21
842 21
843 20
844 20
845 20
846 20
847 20
848 23
849 22
850 21
851 20
852 22
853 22
854 21
855 20
856 21
857 21
858 21
859 20
860 20
861 20
862 20
863 20
864 21
865 21
866 21
867 20
868 21
869 22
870 21
871 20
872 20
873 21
874 21
875 20
876 20
877 20
878 20
879 20
880 19
881 21
882 21
883 20
884 20
885 21
886 21
887 20
888 20
889 21
890 21
891 20
892 19
893 20
894 20
895 20
896 25
897 22
898 21
899 20
900 22
901 22
902 21
903 20
904 21
905 21
906 21
907 20
908 19
909 20
910 20
911 20
912 23
913 22
914 21
915 20
916 22
917 22
918 21
919 20
920 21
921 21
922 21
923 20
924 20
925 20
926 20
927 20
928 21
929 21
930 21
931 20
932 21
933 22
934 21
935 20
936 20
937 21
938 21
939 20
940 19
941 20
942 20
943 20
944 19
945 21
946 21
947 20
948 20
949 21
950 21
951 20
952 20
953 21
954 21
955 20
956 19
957 20
958 20
959 20
960 22
961 22
962 21
963 20
964 22
965 22
966 21
967 20
968 21
969 21
970 21
971 20
972 20
973 21
974 20
975 20
976 22
977 22
978 21
979 20
980 22
981 22
982 21
983 20
984 21
985 21
986 21
987 20
988 20
989 21
990 20
991 20
992 20
993 22
994 21
995 20
996 21
997 22
998 21
999 20
1000 21
1001 21
1002 21
1003 20
1004 20
1005 21
1006 20
1007 20
1008 19
1009 21
1010 21
1011 20
1012 20
1013 21
1014 21
1015 20
1016 20
1017 21
1018 21
1019 20
1020 19
1021 20
1022 20
1023 20
1024 16
1025 16
1026 16
1027 19
1028 16
1029 16
1030 20
1031 19
1032 16
1033 20
1034 20
1035 19
1036 19
1037 20
1038 20
1039 19
1040 16
1041 16
1042 20
1043 19
1044 16
1045 21
1046 20
1047 19
1048 20
1049 20
1050 20
1051 19
1052 19
1053 20
1054 20
1055 19
1056 16
1057 20
1058 20
1059 19
1060 20
1061 21
1062 20
1063 20
1064 19
1065 20
1066 20
1067 19
1068 19
1069 20
1070 20
1071 19
1072 18
1073 20
1074 20
1075 20
1076 19
1077 21
1078 20
1079 20
1080 19
1081 20
1082 20
1083 20
1084 19
1085 20
1086 20
1087 20
1088 16
1089 16
1090 20
1091 19
1092 16
1093 20
1094 20
1095 19
1096 19
1097 20
1098 20
1099 19
1100 18
1101 19
1102 19
1103 19
1104 16
1105 20
1106 20
1107 19
1108 20
1109 20
1110 20
1111 19
1112 19
1113 20
1114 20
1115 19
1116 18
1117 19
1118 19
1119 19
1120 19
1121 20
1122 20
1123 19
1124 20
1125 20
1126 20
1127 19
1128 19
1129 20
1130 20
1131 19
1132 18
1133 19
1134 19
1135 19
1136 17
1137 20
1138 20
1139 19
1140 19
1141 20
1142 20
1143 19
1144 19
1145 20
1146 20
1147 19
1148 18
1149 19
1150 20
1151 19
1152 16
1153 21
1154 20
1155 19
1156 20
1157 21
1158 20
1159 19
1160 19
1161 20
1162 20
1163 19
1164 18
1165 19
1166 19
1167 19
1168 20
1169 21
1170 20
1171 19
1172 20
1173 21
1174 20
1175 19
1176 19
1177 20
1178 20
1179 19
1180 18
1181 19
1182 19
1183 19
1184 19
1185 20
1186 20
1187 19
1188 20
1189 20
1190 20
1191 19
1192 19
1193 20
1194 20
1195 19
1196 18
1197 19
1198 19
1199 19
1200 17
1201 20
1202 20
1203 19
1204 19
1205 20
1206 20
1207 19
1208 19
1209 20
1210 20
1211 19
1212 18
1213 19
1214 20
1215 19
1216 19
1217 21
1218 20
1219 20
1220 20
1221 21
1222 20
1223 20
1224 20
1225 20
1226 20
1227 20
1228 19
1229 20
1230 20
1231 19
1232 20
1233 21
1234 20
1235 20
1236 20
1237 21
1238 20
1239 20
1240 20
1241 20
1242 20
1243 20
1244 19
1245 20
1246 20
1247 19
1248 19
1249 21
1250 20
1251 20
1252 20
1253 21
1254 20
1255 20
1256 20
1257 20
1258 20
1259 20
1260 19
1261 20
1262 20
1263 19
1264 18
1265 20
1266 20
1267 20
1268 19
1269 20
1270 20
1271 20
1272 19
1273 20
1274 20
1275 20
1276 18
1277 20
1278 20
1279 19
1280 16
1281 16
1282 20
1283 19
1284 16
1285 20
1286 20
1287 19
1288 19
1289 20
1290 20
1291 19
1292 18
1293 19
1294 19
1295 19
1296 16
1297 20
1298 20
1299 19
1300 20
1301 20
1302 20
1303 19
1304 19
1305 20
1306 20
1307 19
1308 18
1309 19
1310 19
1311 19
1312 18
1313 20
1314 20
1315 19
1316 19
1317 20
1318 20
1319 19
1320 19
1321 20
1322 20
1323 19
1324 18
1325 19
1326 19
1327 19
1328 17
1329 20
1330 20
1331 19
1332 19
1333 20
1334 20
1335 19
1336 19
1337 20
1338 20
1339 19
1340 18
1341 19
1342 19
1343 19
1344 16
1345 21
1346 20
1347 19
1348 20
1349 20
1350 20
1351 19
1352 19
1353 20
1354 20
1355 19
1356 18
1357 19
1358 19
1359 19
1360 20
1361 20
1362 20
1363 19
1364 20
1365 20
1366 20
1367 19
1368 19
1369 20
1370 20
1371 19
1372 18
1373 19
1374 19
1375 19
1376 19
1377 20
1378 20
1379 19
1380 19
1381 20
1382 20
1383 19
1384 19
1385 20
1386 20
1387 19
1388 18
1389 19
1390 19
1391 19
1392 17
1393 19
1394 19
1395 19
1396 19
1397 20
1398 20
1399 19
1400 18
1401 20
1402 20
1403 19
1404 18
1405 19
1406 19
1407 19
1408 20
1409 21
1410 20
1411 19
1412 20
1413 20
1414 20
1415 19
1416 19
1417 20
1418 20
1419 19
1420 18
1421 19
1422 19
1423 19
1424 20
1425 20
1426 20
1427 19
1428 20
1429 20
1430 20
1431 19
1432 19
1433 20
1434 20
1435 19
1436 18
1437 19
1438 19
1439 19
1440 18
1441 20
1442 20
1443 19
1444 19
1445 20
1446 20
1447 19
1448 19
1449 20
1450 20
1451 19
1452 18
1453 19
1454 19
1455 19
1456 17
1457 19
1458 19
1459 19
1460 19
1461 20
1462 20
1463 19
1464 19
1465 20
1466 20
1467 19
1468 18
1469 19
1470 19
1471 19
1472 18
1473 21
1474 20
1475 19
1476 20
1477 21
1478 20
1479 19
1480 19
1481 20
1482 20
1483 19
1484 18
1485 19
1486 19
1487 19
1488 19
1489 20
1490 20
1491 19
1492 20
1493 21
1494 20
1495 19
1496 19
1497 20
1498 20
1499 19
1500 19
1501 19
1502 19
1503 19
1504 18
1505 20
1506 20
1507 19
1508 19
1509 20
1510 20
1511 19
1512 19
1513 20
1514 20
1515 19
1516 18
1517 19
1518 19
1519 19
1520 17
1521 20
1522 20
1523 19
1524 19
1525 20
1526 20
1527 19
1528 19
1529 20
1530 20
1531 19
1532 18
1533 19
1534 19
1535 19
1536 16
1537 21
1538 20
1539 19
1540 20
1541 21
1542 20
1543 20
1544 20
1545 20
1546 20
1547 19
1548 19
1549 20
1550 20
1551 19
1552 20
1553 21
1554 20
1555 19
1556 20
1557 21
1558 20
1559 20
1560 20
1561 20
1562 20
1563 19
1564 19
1565 20
1566 20
1567 19
1568 19
1569 20
1570 20
1571 19
1572 20
1573 20
1574 20
1575 20
1576 19
1577 20
1578 20
1579 19
1580 19
1581 20
1582 20
1583 19
1584 17
1585 20
1586 20
1587 19
1588 19
1589 20
1590 20
1591 20
1592 19
1593 20
1594 20
1595 20
1596 18
1597 20
1598 20
1599 19
1600 22
1601 21
1602 20
1603 19
1604 21
1605 21
1606 20
1607 19
1608 20
1609 20
1610 20
1611 19
1612 19
1613 19
1614 19
1615 19
1616 20
1617 21
1618 20
1619 19
1620 20
1621 21
1622 20
1623 19
1624 20
1625 20
1626 20
1627 19
1628 19
1629 20
1630 19
1631 19
1632 19
1633 20
1634 20
1635 19
1636 20
1637 20
1638 20
1639 19
1640 19
1641 20
1642 20
1643 19
1644 19
1645 19
1646 19
1647 19
1648 18
1649 20
1650 20
1651 19
1652 19
1653 20
1654 20
1655 19
1656 19
1657 20
1658 20
1659 19
1660 18
1661 19
1662 19
1663 19
1664 21
1665 21
1666 20
1667 19
1668 21
1669 21
1670 20
1671 19
1672 20
1673 20
1674 20
1675 19
1676 19
1677 20
1678 19
1679 19
1680 20
1681 21
1682 20
1683 19
1684 20
1685 21
1686 20
1687 19
1688 20
1689 20
1690 20
1691 19
1692 19
1693 20
1694 19
1695 19
1696 19
1697 20
1698 20
1699 19
1700 20
1701 20
1702 20
1703 19
1704 19
1705 20
1706 20
1707 19
1708 19
1709 19
1710 19
1711 19
1712 18
1713 20
1714 20
1715 19
1716 19
1717 20
1718 20
1719 19
1720 19
1721 20
1722 20
1723 19
1724 18
1725 19
1726 19
1727 19
1728 19
1729 21
1730 20
1731 19
1732 20
1733 21
1734 20
1735 20
1736 20
1737 20
1738 20
1739 20
1740 19
1741 20
1742 20
1743 19
1744 20
1745 21
1746 20
1747 20
1748 20
1749 21
1750 20
1751 20
1752 20
1753 20
1754 20
1755 20
1756 19
1757 20
1758 20
1759 19
1760 19
1761 20
1762 20
1763 19
1764 20
1765 21
1766 20
1767 20
1768 19
1769 20
1770 20
1771 20
1772 19
1773 20
1774 20
1775 19
1776 18
1777 20
1778 20
1779 19
1780 19
1781 20
1782 20
1783 20
1784 19
1785 20
1786 20
1787 19
1788 18
1789 19
1790 20
1791 19
1792 16
1793 21
1794 21
1795 20
1796 21
1797 21
1798 21
1799 20
1800 20
1801 21
1802 21
1803 20
1804 19
1805 20
1806 20
1807 20
1808 20
1809 21
1810 21
1811 20
1812 21
1813 21
1814 21
1815 20
1816 20
1817 21
1818 21
1819 20
1820 19
1821 20
1822 20
1823 20
1824 19
1825 21
1826 21
1827 20
1828 20
1829 21
1830 21
1831 20
1832 20
1833 21
1834 20
1835 20
1836 19
1837 20
1838 20
1839 20
1840 18
1841 20
1842 20
1843 20
1844 20
1845 21
1846 21
1847 20
1848 20
1849 20
1850 20
1851 20
1852 19
1853 20
1854 20
1855 20
1856 22
1857 21
1858 21
1859 20
1860 21
1861 21
1862 21
1863 20
1864 20
1865 21
1866 20
1867 20
1868 19
1869 20
1870 20
1871 20
1872 21
1873 21
1874 21
1875 20
1876 21
1877 21
1878 21
1879 20
1880 20
1881 21
1882 20
1883 20
1884 19
1885 20
1886 20
1887 20
1888 20
1889 21
1890 20
1891 20
1892 20
1893 21
1894 21
1895 20
1896 20
1897 21
1898 20
1899 20
1900 19
1901 20
1902 20
1903 20
1904 18
1905 20
1906 20
1907 20
1908 20
1909 21
1910 20
1911 20
1912 20
1913 20
1914 20
1915 20
1916 19
1917 20
1918 20
1919 20
1920 21
1921 21
1922 21
1923 20
1924 21
1925 21
1926 21
1927 20
1928 20
1929 21
1930 20
1931 20
1932 19
1933 20
1934 20
1935 20
1936 21
1937 21
1938 21
1939 20
1940 21
1941 21
1942 21
1943 20
1944 20
1945 21
1946 20
1947 20
1948 19
1949 20
1950 20
1951 20
1952 20
1953 21
1954 20
1955 20
1956 20
1957 21
1958 21
1959 20
1960 20
1961 21
1962 20
1963 20
1964 19
1965 20
1966 20
1967 20
1968 18
1969 20
1970 20
1971 20
1972 20
1973 21
1974 20
1975 20
1976 19
1977 20
1978 20
1979 20
1980 19
1981 20
1982 20
1983 20
1984 20
1985 21
1986 21
1987 20
1988 21
1989 21
1990 21
1991 20
1992 20
1993 21
1994 21
1995 20
1996 19
1997 20
1998 20
1999 20
2000 20
2001 21
2002 21
2003 20
2004 21
2005 21
2006 21
2007 20
2008 20
2009 21
2010 21
2011 20
2012 19
2013 20
2014 20
2015 20
2016 20
2017 21
2018 21
2019 20
2020 20
2021 21
2022 21
2023 20
2024 20
2025 21
2026 20
2027 20
2028 19
2029 20
2030 20
2031 20
2032 18
2033 20
2034 20
2035 20
2036 20
2037 21
2038 20
2039 20
2040 20
2041 20
2042 20
2043 20
2044 19
2045 20
2046 20
2047 20
2048 16
2049 16
2050 21
2051 20
2052 16
2053 21
2054 21
2055 20
2056 20
2057 21
2058 21
2059 20
2060 20
2061 20
2062 20
2063 20
2064 16
2065 21
2066 21
2067 20
2068 21
2069 21
2070 21
2071 20
2072 20
2073 21
2074 21
2075 20
2076 20
2077 20
2078 20
2079 20
2080 20
2081 21
2082 21
2083 20
2084 21
2085 21
2086 21
2087 20
2088 20
2089 21
2090 21
2091 20
2092 20
2093 20
2094 20
2095 20
2096 19
2097 20
2098 20
2099 20
2100 20
2101 21
2102 21
2103 20
2104 20
2105 21
2106 21
2107 20
2108 19
2109 20
2110 20
2111 20
2112 16
2113 21
2114 21
2115 20
2116 21
2117 21
2118 21
2119 20
2120 20
2121 21
2122 20
2123 20
2124 19
2125 20
2126 20
2127 20
2128 21
2129 21
2130 21
2131 20
2132 21
2133 21
2134 21
2135 20
2136 20
2137 21
2138 20
2139 20
2140 19
2141 20
2142 20
2143 20
2144 20
2145 21
2146 20
2147 20
2148 21
2149 21
2150 21
2151 20
2152 20
2153 21
2154 20
2155 20
2156 19
2157 20
2158 20
2159 20
2160 19
2161 20
2162 20
2163 20
2164 20
2165 21
2166 20
2167 20
2168 20
2169 20
2170 20
2171 20
2172 19
2173 20
2174 20
2175 20
2176 22
2177 21
2178 21
2179 20
2180 21
2181 21
2182 21
2183 20
2184 20
2185 21
2186 20
2187 20
2188 19
2189 20
2190 20
2191 20
2192 21
2193 21
2194 21
2195 20
2196 21
2197 21
2198 21
2199 20
2200 20
2201 21
2202 20
2203 20
2204 19
2205 20
2206 20
2207 20
2208 20
2209 21
2210 20
2211 20
2212 21
2213 21
2214 21
2215 20
2216 20
2217 21
2218 20
2219 20
2220 19
2221 20
2222 20
2223 20
2224 19
2225 20
2226 20
2227 20
2228 20
2229 21
2230 20
2231 20
2232 20
2233 20
2234 20
2235 20
2236 19
2237 20
2238 20
2239 20
2240 20
2241 21
2242 21
2243 20
2244 21
2245 21
2246 21
2247 20
2248 20
2249 21
2250 21
2251 20
2252 19
2253 20
2254 20
2255 20
2256 21
2257 21
2258 21
2259 20
2260 21
2261 21
2262 21
2263 20
2264 20
2265 21
2266 21
2267 20
2268 20
2269 20
2270 20
2271 20
2272 20
2273 21
2274 21
2275 20
2276 21
2277 21
2278 21
2279 20
2280 20
2281 21
2282 21
2283 20
2284 19
2285 20
2286 20
2287 20
2288 19
2289 20
2290 20
2291 20
2292 20
2293 21
2294 21
2295 20
2296 20
2297 21
2298 20
2299 20
2300 19
2301 20
2302 20
2303 20
2304 16
2305 21
2306 20
2307 20
2308 21
2309 21
2310 20
2311 20
2312 20
2313 21
2314 20
2315 20
2316 19
2317 20
2318 20
2319 20
2320 21
2321 21
2322 20
2323 20
2324 21
2325 21
2326 20
2327 20
2328 20
2329 21
2330 20
2331 20
2332 19
2333 20
2334 20
2335 20
2336 20
2337 21
2338 20
2339 20
2340 20
2341 21
2342 20
2343 20
2344 20
2345 20
2346 20
2347 20
2348 19
2349 20
2350 20
2351 20
2352 18
2353 20
2354 20
2355 20
2356 20
2357 20
2358 20
2359 20
2360 19
2361 20
2362 20
2363 20
2364 19
2365 20
2366 20
2367 20
2368 24
2369 21
2370 20
2371 20
2372 21
2373 21
2374 20
2375 20
2376 20
2377 20
2378 20
2379 20
2380 19
2381 20
2382 20
2383 19
2384 21
2385 21
2386 20
2387 20
2388 21
2389 21
2390 20
2391 20
2392 20
2393 20
2394 20
2395 20
2396 19
2397 20
2398 20
2399 19
2400 20
2401 21
2402 20
2403 20
2404 20
2405 21
2406 20
2407 20
2408 20
2409 20
2410 20
2411 20
2412 19
2413 20
2414 20
2415 19
2416 19
2417 20
2418 20
2419 19
2420 20
2421 20
2422 20
2423 20
2424 19
2425 20
2426 20
2427 20
2428 19
2429 20
2430 20
2431 19
2432 22
2433 21
2434 20
2435 20
2436 21
2437 21
2438 20
2439 20
2440 20
2441 21
2442 20
2443 20
2444 19
2445 20
2446 20
2447 19
2448 21
2449 21
2450 20
2451 20
2452 21
2453 21
2454 20
2455 20
2456 20
2457 21
2458 20
2459 20
2460 19
2461 20
2462 20
2463 19
2464 20
2465 21
2466 20
2467 20
2468 20
2469 21
2470 20
2471 20
2472 20
2473 20
2474 20
2475 20
2476 19
2477 20
2478 20
2479 19
2480 19
2481 20
2482 20
2483 19
2484 20
2485 20
2486 20
2487 20
2488 19
2489 20
2490 20
2491 20
2492 19
2493 20
2494 20
2495 19
2496 20
2497 21
2498 20
2499 20
2500 21
2501 21
2502 21
2503 20
2504 20
2505 21
2506 20
2507 20
2508 19
2509 20
2510 20
2511 20
2512 20
2513 21
2514 20
2515 20
2516 21
2517 21
2518 21
2519 20
2520 20
2521 21
2522 20
2523 20
2524 19
2525 20
2526 20
2527 20
2528 20
2529 21
2530 20
2531 20
2532 20
2533 21
2534 20
2535 20
2536 20
2537 20
2538 20
2539 20
2540 19
2541 20
2542 20
2543 20
2544 18
2545 20
2546 20
2547 20
2548 20
2549 20
2550 20
2551 20
2552 19
2553 20
2554 20
2555 20
2556 19
2557 20
2558 20
2559 19
2560 22
2561 21
2562 21
2563 20
2564 21
2565 21
2566 21
2567 20
2568 20
2569 21
2570 20
2571 20
2572 19
2573 20
2574 20
2575 20
2576 21
2577 21
2578 21
2579 20
2580 21
2581 21
2582 21
2583 20
2584 20
2585 21
2586 20
2587 20
2588 19
2589 20
2590 20
2591 20
2592 20
2593 21
2594 20
2595 20
2596 20
2597 21
2598 21
2599 20
2600 20
2601 21
2602 20
2603 20
2604 19
2605 20
2606 20
2607 20
2608 18
2609 20
2610 20
2611 20
2612 20
2613 20
2614 20
2615 20
2616 20
2617 20
2618 20
2619 20
2620 19
2621 20
2622 20
2623 20
2624 23
2625 21
2626 21
2627 20
2628 21
2629 21
2630 21
2631 20
2632 20
2633 21
2634 20
2635 20
2636 19
2637 20
2638 20
2639 20
2640 21
2641 21
2642 21
2643 20
2644 21
2645 21
2646 21
2647 20
2648 20
2649 21
2650 20
2651 20
2652 19
2653 20
2654 20
2655 20
2656 20
2657 21
2658 20
2659 20
2660 20
2661 21
2662 20
2663 20
2664 20
2665 20
2666 20
2667 20
2668 19
2669 20
2670 20
2671 20
2672 19
2673 20
2674 20
2675 20
2676 20
2677 20
2678 20
2679 20
2680 19
2681 20
2682 20
2683 20
2684 19
2685 20
2686 20
2687 19
2688 22
2689 21
2690 21
2691 20
2692 21
2693 21
2694 21
2695 20
2696 20
2697 21
2698 20
2699 20
2700 19
2701 20
2702 20
2703 20
2704 21
2705 21
2706 21
2707 20
2708 21
2709 21
2710 21
2711 20
2712 20
2713 21
2714 20
2715 20
2716 19
2717 20
2718 20
2719 20
2720 20
2721 21
2722 20
2723 20
2724 20
2725 21
2726 20
2727 20
2728 20
2729 20
2730 20
2731 20
2732 19
2733 20
2734 20
2735 20
2736 19
2737 20
2738 20
2739 20
2740 20
2741 20
2742 20
2743 20
2744 19
2745 20
2746 20
2747 20
2748 19
2749 20
2750 20
2751 19
2752 20
2753 21
2754 21
2755 20
2756 21
2757 21
2758 21
2759 20
2760 20
2761 21
2762 20
2763 20
2764 19
2765 20
2766 20
2767 20
2768 20
2769 21
2770 21
2771 20
2772 21
2773 21
2774 21
2775 20
2776 20
2777 21
2778 20
2779 20
2780 19
2781 20
2782 20
2783 20
2784 20
2785 21
2786 20
2787 20
2788 20
2789 21
2790 21
2791 20
2792 20
2793 21
2794 20
2795 20
2796 19
2797 20
2798 20
2799 20
2800 19
2801 20
2802 20
2803 20
2804 20
2805 20
2806 20
2807 20
2808 20
2809 20
2810 20
2811 20
2812 19
2813 20
2814 20
2815 20
2816 19
2817 21
2818 21
2819 20
2820 21
2821 21
2822 21
2823 20
2824 20
2825 21
2826 21
2827 20
2828 20
2829 20
2830 20
2831 20
2832 21
2833 21
2834 21
2835 20
2836 21
2837 21
2838 21
2839 20
2840 21
2841 21
2842 21
2843 20
2844 20
2845 20
2846 20
2847 20
2848 20
2849 21
2850 21
2851 20
2852 21
2853 21
2854 21
2855 20
2856 20
2857 21
2858 21
2859 20
2860 20
2861 20
2862 20
2863 20
2864 19
2865 20
2866 20
2867 20
2868 20
2869 21
2870 21
2871 20
2872 20
2873 21
2874 21
2875 20
2876 19
2877 20
2878 20
2879 20
2880 23
2881 22
2882 21
2883 20
2884 22
2885 21
2886 21
2887 20
2888 21
2889 21
2890 21
2891 20
2892 20
2893 20
2894 20
2895 20
2896 22
2897 21
2898 21
2899 20
2900 21
2901 21
2902 21
2903 20
2904 21
2905 21
2906 21
2907 20
2908 20
2909 20
2910 20
2911 20
2912 20
2913 21
2914 21
2915 20
2916 21
2917 21
2918 21
2919 20
2920 20
2921 21
2922 21
2923 20
2924 20
2925 20
2926 20
2927 20
2928 19
2929 20
2930 20
2931 20
2932 20
2933 21
2934 21
2935 20
2936 20
2937 21
2938 20
2939 20
2940 19
2941 20
2942 20
2943 20
2944 22
2945 22
2946 21
2947 20
2948 21
2949 21
2950 21
2951 20
2952 21
2953 21
2954 21
2955 20
2956 20
2957 20
2958 20
2959 20
2960 21
2961 21
2962 21
2963 20
2964 21
2965 21
2966 21
2967 20
2968 21
2969 21
2970 21
2971 20
2972 20
2973 20
2974 20
2975 20
2976 20
2977 21
2978 21
2979 20
2980 21
2981 21
2982 21
2983 20
2984 20
2985 21
2986 21
2987 20
2988 20
2989 20
2990 20
2991 20
2992 19
2993 20
2994 20
2995 20
2996 20
2997 21
2998 21
2999 20
3000 20
3001 21
3002 20
3003 20
3004 19
3005 20
3006 20
3007 20
3008 20
3009 21
3010 21
3011 20
3012 21
3013 21
3014 21
3015 20
3016 20
3017 21
3018 21
3019 20
3020 20
3021 20
3022 20
3023 20
3024 21
3025 21
3026 21
3027 20
3028 21
3029 21
3030 21
3031 20
3032 21
3033 21
3034 21
3035 20
3036 20
3037 20
3038 20
3039 20
3040 20
3041 21
3042 21
3043 20
3044 21
3045 21
3046 21
3047 20
3048 20
3049 21
3050 21
3051 20
3052 20
3053 20
3054 20
3055 20
3056 19
3057 20
3058 20
3059 20
3060 20
3061 21
3062 21
3063 20
3064 20
3065 21
3066 20
3067 20
3068 19
3069 20
3070 20
3071 20
3072 16
3073 22
3074 21
3075 21
3076 22
3077 22
3078 21
3079 21
3080 21
3081 21
3082 21
3083 21
3084 20
3085 21
3086 21
3087 21
3088 22
3089 22
3090 21
3091 21
3092 22
3093 22
3094 21
3095 21
3096 21
3097 22
3098 21
3099 21
3100 20
3101 21
3102 21
3103 21
3104 21
3105 22
3106 21
3107 21
3108 21
3109 22
3110 21
3111 21
3112 21
3113 21
3114 21
3115 21
3116 20
3117 21
3118 21
3119 21
3120 20
3121 21
3122 21
3123 21
3124 21
3125 21
3126 21
3127 21
3128 21
3129 21
3130 21
3131 21
3132 20
3133 21
3134 21
3135 21
3136 25
3137 22
3138 21
3139 21
3140 22
3141 22
3142 21
3143 21
3144 21
3145 21
3146 21
3147 21
3148 20
3149 21
3150 21
3151 20
3152 23
3153 22
3154 21
3155 21
3156 22
3157 22
3158 21
3159 21
3160 21
3161 21
3162 21
3163 21
3164 20
3165 21
3166 21
3167 20
3168 21
3169 22
3170 21
3171 21
3172 22
3173 22
3174 21
3175 21
3176 21
3177 21
3178 21
3179 21
3180 20
3181 21
3182 21
3183 20
3184 20
3185 21
3186 21
3187 20
3188 21
3189 21
3190 21
3191 21
3192 21
3193 21
3194 21
3195 21
3196 20
3197 21
3198 21
3199 20
3200 24
3201 22
3202 21
3203 21
3204 22
3205 22
3206 21
3207 21
3208 21
3209 21
3210 21
3211 21
3212 20
3213 21
3214 21
3215 20
3216 23
3217 22
3218 21
3219 21
3220 22
3221 22
3222 21
3223 21
3224 21
3225 21
3226 21
3227 21
3228 20
3229 21
3230 21
3231 20
3232 21
3233 22
3234 21
3235 20
3236 22
3237 22
3238 21
3239 21
3240 21
3241 21
3242 21
3243 21
3244 20
3245 21
3246 21
3247 20
3248 20
3249 21
3250 21
3251 20
3252 21
3253 21
3254 21
3255 21
3256 21
3257 21
3258 21
3259 20
3260 20
3261 21
3262 21
3263 20
3264 22
3265 22
3266 21
3267 21
3268 22
3269 22
3270 21
3271 21
3272 21
3273 21
3274 21
3275 21
3276 20
3277 21
3278 21
3279 20
3280 22
3281 22
3282 21
3283 21
3284 22
3285 22
3286 21
3287 21
3288 21
3289 22
3290 21
3291 21
3292 20
3293 21
3294 21
3295 20
3296 21
3297 22
3298 21
3299 21
3300 21
3301 22
3302 21
3303 21
3304 21
3305 21
3306 21
3307 21
3308 20
3309 21
3310 21
3311 20
3312 20
3313 21
3314 21
3315 20
3316 21
3317 21
3318 21
3319 21
3320 21
3321 21
3322 21
3323 21
3324 20
3325 21
3326 21
3327 20
3328 28
3329 22
3330 21
3331 20
3332 22
3333 22
3334 21
3335 21
3336 21
3337 21
3338 21
3339 20
3340 20
3341 21
3342 21
3343 20
3344 22
3345 22
3346 21
3347 20
3348 22
3349 22
3350 21
3351 21
3352 21
3353 21
3354 21
3355 20
3356 20
3357 21
3358 21
3359 20
3360 21
3361 21
3362 21
3363 20
3364 21
3365 21
3366 21
3367 21
3368 21
3369 21
3370 21
3371 20
3372 20
3373 21
3374 21
3375 20
3376 20
3377 21
3378 21
3379 20
3380 20
3381 21
3382 21
3383 20
3384 20
3385 21
3386 21
3387 20
3388 20
3389 20
3390 20
3391 20
3392 26
3393 22
3394 21
3395 20
3396 22
3397 22
3398 21
3399 20
3400 21
3401 21
3402 21
3403 20
3404 20
3405 21
3406 20
3407 20
3408 23
3409 22
3410 21
3411 20
3412 22
3413 22
3414 21
3415 20
3416 21
3417 21
3418 21
3419 20
3420 20
3421 21
3422 21
3423 20
3424 21
3425 21
3426 21
3427 20
3428 21
3429 21
3430 21
3431 20
3432 21
3433 21
3434 21
3435 20
3436 20
3437 21
3438 20
3439 20
3440 20
3441 21
3442 21
3443 20
3444 21
3445 21
3446 21
3447 20
3448 20
3449 21
3450 21
3451 20
3452 20
3453 20
3454 20
3455 20
3456 24
3457 22
3458 21
3459 20
3460 22
3461 22
3462 21
3463 20
3464 21
3465 21
3466 21
3467 20
3468 20
3469 21
3470 20
3471 20
3472 22
3473 22
3474 21
3475 20
3476 22
3477 22
3478 21
3479 20
3480 21
3481 21
3482 21
3483 20
3484 20
3485 21
3486 20
3487 20
3488 21
3489 21
3490 21
3491 20
3492 21
3493 21
3494 21
3495 20
3496 21
3497 21
3498 21
3499 20
3500 20
3501 21
3502 20
3503 20
3504 20
3505 21
3506 21
3507 20
3508 21
3509 21
3510 21
3511 20
3512 20
3513 21
3514 21
3515 20
3516 20
3517 20
3518 20
3519 20
3520 22
3521 22
3522 21
3523 20
3524 22
3525 22
3526 21
3527 21
3528 21
3529 21
3530 21
3531 20
3532 20
3533 21
3534 21
3535 20
3536 22
3537 22
3538 21
3539 20
3540 22
3541 22
3542 21
3543 21
3544 21
3545 21
3546 21
3547 20
3548 20
3549 21
3550 21
3551 20
3552 21
3553 21
3554 21
3555 20
3556 21
3557 21
3558 21
3559 20
3560 21
3561 21
3562 21
3563 20
3564 20
3565 21
3566 21
3567 20
3568 20
3569 21
3570 21
3571 20
3572 20
3573 21
3574 21
3575 20
3576 20
3577 21
3578 21
3579 20
3580 20
3581 20
3582 20
3583 20
3584 25
3585 22
3586 21
3587 20
3588 22
3589 22
3590 21
3591 21
3592 21
3593 21
3594 21
3595 20
3596 20
3597 21
3598 21
3599 20
3600 22
3601 22
3602 21
3603 20
3604 22
3605 22
3606 21
3607 21
3608 21
3609 21
3610 21
3611 20
3612 20
3613 21
3614 21
3615 20
3616 21
3617 21
3618 21
3619 20
3620 21
3621 21
3622 21
3623 21
3624 21
3625 21
3626 21
3627 20
3628 20
3629 21
3630 21
3631 20
3632 19
3633 21
3634 21
3635 20
3636 20
3637 21
3638 21
3639 20
3640 20
3641 21
3642 21
3643 20
3644 20
3645 20
3646 20
3647 20
3648 25
3649 22
3650 21
3651 20
3652 22
3653 22
3654 21
3655 20
3656 21
3657 21
3658 21
3659 20
3660 20
3661 21
3662 21
3663 20
3664 23
3665 22
3666 21
3667 20
3668 22
3669 22
3670 21
3671 21
3672 21
3673 21
3674 21
3675 20
3676 20
3677 21
3678 21
3679 20
3680 21
3681 21
3682 21
3683 20
3684 21
3685 21
3686 21
3687 20
3688 21
3689 21
3690 21
3691 20
3692 20
3693 21
3694 20
3695 20
3696 20
3697 21
3698 21
3699 20
3700 21
3701 21
3702 21
3703 20
3704 20
3705 21
3706 21
3707 20
3708 20
3709 20
3710 20
3711 20
3712 24
3713 22
3714 21
3715 20
3716 22
3717 22
3718 21
3719 20
3720 21
3721 21
3722 21
3723 20
3724 20
3725 21
3726 21
3727 20
3728 22
3729 22
3730 21
3731 20
3732 22
3733 22
3734 21
3735 21
3736 21
3737 21
3738 21
3739 20
3740 20
3741 21
3742 21
3743 20
3744 21
3745 21
3746 21
3747 20
3748 21
3749 21
3750 21
3751 20
3752 21
3753 21
3754 21
3755 20
3756 20
3757 21
3758 20
3759 20
3760 20
3761 21
3762 21
3763 20
3764 21
3765 21
3766 21
3767 20
3768 20
3769 21
3770 21
3771 20
3772 20
3773 20
3774 20
3775 20
3776 22
3777 22
3778 21
3779 20
3780 22
3781 22
3782 21
3783 21
3784 21
3785 21
3786 21
3787 20
3788 20
3789 21
3790 21
3791 20
3792 22
3793 22
3794 21
3795 20
3796 22
3797 22
3798 21
3799 21
3800 21
3801 21
3802 21
3803 20
3804 20
3805 21
3806 21
3807 20
3808 21
3809 21
3810 21
3811 20
3812 21
3813 21
3814 21
3815 20
3816 21
3817 21
3818 21
3819 20
3820 20
3821 21
3822 21
3823 20
3824 20
3825 21
3826 21
3827 20
3828 20
3829 21
3830 21
3831 20
3832 20
3833 21
3834 21
3835 20
3836 20
3837 20
3838 20
3839 20
3840 22
3841 22
3842 21
3843 21
3844 22
3845 22
3846 21
3847 21
3848 21
3849 21
3850 21
3851 21
3852 20
3853 21
3854 21
3855 20
3856 22
3857 22
3858 21
3859 21
3860 22
3861 22
3862 21
3863 21
3864 21
3865 21
3866 21
3867 21
3868 20
3869 21
3870 21
3871 20
3872 21
3873 22
3874 21
3875 21
3876 21
3877 22
3878 21
3879 21
3880 21
3881 21
3882 21
3883 21
3884 20
3885 21
3886 21
3887 20
3888 20
3889 21
3890 21
3891 20
3892 21
3893 21
3894 21
3895 21
3896 20
3897 21
3898 21
3899 21
3900 20
3901 21
3902 21
3903 20
3904 24
3905 22
3906 21
3907 21
3908 22
3909 22
3910 21
3911 21
3912 21
3913 21
3914 21
3915 21
3916 20
3917 21
3918 21
3919 20
3920 23
3921 22
3922 21
3923 21
3924 22
3925 22
3926 21
3927 21
3928 21
3929 22
3930 21
3931 21
3932 20
3933 21
3934 21
3935 20
3936 21
3937 22
3938 21
3939 21
3940 22
3941 22
3942 21
3943 21
3944 21
3945 21
3946 21
3947 21
3948 20
3949 21
3950 21
3951 20
3952 20
3953 21
3954 21
3955 20
3956 21
3957 21
3958 21
3959 21
3960 21
3961 21
3962 21
3963 20
3964 20
3965 21
3966 21
3967 20
3968 23
3969 22
3970 21
3971 21
3972 22
3973 22
3974 21
3975 21
3976 21
3977 21
3978 21
3979 21
3980 20
3981 21
3982 21
3983 20
3984 23
3985 22
3986 21
3987 21
3988 22
3989 22
3990 21
3991 21
3992 21
3993 22
3994 21
3995 21
3996 20
3997 21
3998 21
3999 20
4000 21
4001 22
4002 21
4003 21
4004 22
4005 22
4006 21
4007 21
4008 21
4009 21
4010 21
4011 21
4012 20
4013 21
4014 21
4015 20
4016 20
4017 21
4018 21
4019 20
4020 21
4021 21
4022 21
4023 21
4024 21
4025 21
4026 21
4027 20
4028 20
4029 21
4030 21
4031 20
4032 22
4033 22
4034 21
4035 21
4036 22
4037 22
4038 21
4039 21
4040 21
4041 21
4042 21
4043 21
4044 20
4045 21
4046 21
4047 20
4048 22
4049 22
4050 21
4051 21
4052 22
4053 22
4054 21
4055 21
4056 21
4057 21
4058 21
4059 21
4060 20
4061 21
4062 21
4063 20
4064 21
4065 22
4066 21
4067 21
4068 21
4069 22
4070 21
4071 21
4072 21
4073 21
4074 21
4075 21
4076 20
4077 21
4078 21
4079 20
4080 20
4081 21
4082 21
4083 20
4084 21
4085 21
4086 21
4087 21
4088 21
4089 21
4090 21
4091 20
4092 20
4093 21
4094 21
4095 20
