#CSC Slope LUT
#Structure is comparator code (iCC) -> Stub slope
#iCC bits: 12
#<header> v1.0 12 32 </header>
0 0
1 0
2 0
3 0
4 0
5 0.500000
6 1.000000
7 1.500000
8 0
9 -0.000000
10 0.500000
11 1.000000
12 0
13 -0.500000
14 -0.000000
15 0.500000
16 0
17 0.750000
18 1.000000
19 1.250000
20 1.000000
21 0.750000
22 1.000000
23 1.250000
24 1.500000
25 0.750000
26 1.000000
27 1.250000
28 2.000000
29 0.750000
30 1.000000
31 1.250000
32 0
33 0.500000
34 0.750000
35 1.000000
36 0.500000
37 0.500000
38 0.750000
39 1.000000
40 1.000000
41 0.500000
42 0.750000
43 1.000000
44 1.500000
45 0.500000
46 0.750000
47 1.000000
48 0
49 0.250000
50 0.500000
51 0.750000
52 -0.000000
53 0.250000
54 0.500000
55 0.750000
56 0.500000
57 0.250000
58 0.500000
59 0.750000
60 1.000000
61 0.250000
62 0.500000
63 0.750000
64 0
65 0.833333
66 1.000000
67 1.166670
68 1.000000
69 0.857143
70 1.000000
71 1.142860
72 1.250000
73 0.892857
74 1.035710
75 1.178570
76 1.500000
77 0.928571
78 1.071430
79 1.214290
80 1.000000
81 0.821429
82 1.000000
83 1.178570
84 1.000000
85 0.850000
86 1.000000
87 1.150000
88 1.250000
89 0.900000
90 1.050000
91 1.200000
92 1.500000
93 0.950000
94 1.100000
95 1.250000
96 1.500000
97 0.785714
98 0.964286
99 1.142860
100 1.000000
101 0.800000
102 0.950000
103 1.100000
104 1.250000
105 0.850000
106 1.000000
107 1.150000
108 1.500000
109 0.900000
110 1.050000
111 1.200000
112 2.000000
113 0.750000
114 0.928571
115 1.107140
116 1.000000
117 0.750000
118 0.900000
119 1.050000
120 1.250000
121 0.800000
122 0.950000
123 1.100000
124 1.500000
125 0.850000
126 1.000000
127 1.150000
128 0
129 0.666667
130 0.833333
131 1.000000
132 0.750000
133 0.678571
134 0.821429
135 0.964286
136 1.000000
137 0.714286
138 0.857143
139 1.000000
140 1.250000
141 0.750000
142 0.892857
143 1.035710
144 0.500000
145 0.678571
146 0.857143
147 1.035710
148 0.750000
149 0.700000
150 0.850000
151 1.000000
152 1.000000
153 0.750000
154 0.900000
155 1.050000
156 1.250000
157 0.800000
158 0.950000
159 1.100000
160 1.000000
161 0.642857
162 0.821429
163 1.000000
164 0.750000
165 0.650000
166 0.800000
167 0.950000
168 1.000000
169 0.700000
170 0.850000
171 1.000000
172 1.250000
173 0.750000
174 0.900000
175 1.050000
176 1.500000
177 0.607143
178 0.785714
179 0.964286
180 0.750000
181 0.600000
182 0.750000
183 0.900000
184 1.000000
185 0.650000
186 0.800000
187 0.950000
188 1.250000
189 0.700000
190 0.850000
191 1.000000
192 0
193 0.500000
194 0.666667
195 0.833333
196 0.500000
197 0.500000
198 0.642857
199 0.785714
200 0.750000
201 0.535714
202 0.678571
203 0.821429
204 1.000000
205 0.571429
206 0.714286
207 0.857143
208 -0.000000
209 0.535714
210 0.714286
211 0.892857
212 0.500000
213 0.550000
214 0.700000
215 0.850000
216 0.750000
217 0.600000
218 0.750000
219 0.900000
220 1.000000
221 0.650000
222 0.800000
223 0.950000
224 0.500000
225 0.500000
226 0.678571
227 0.857143
228 0.500000
229 0.500000
230 0.650000
231 0.800000
232 0.750000
233 0.550000
234 0.700000
235 0.850000
236 1.000000
237 0.600000
238 0.750000
239 0.900000
240 1.000000
241 0.464286
242 0.642857
243 0.821429
244 0.500000
245 0.450000
246 0.600000
247 0.750000
248 0.750000
249 0.500000
250 0.650000
251 0.800000
252 1.000000
253 0.550000
254 0.700000
255 0.850000
256 0
257 0.875000
258 1.000000
259 1.125000
260 1.000000
261 0.903823
262 1.000000
263 1.096150
264 1.166670
265 0.942308
266 1.038460
267 1.134620
268 1.333330
269 0.980769
270 1.076920
271 1.173080
272 1.000000
273 0.875000
274 1.000000
275 1.125000
276 1.000000
277 0.899993
278 1.000000
279 1.100000
280 1.142860
281 0.942857
282 1.042860
283 1.142860
284 1.285710
285 0.985714
286 1.085710
287 1.185710
288 1.250000
289 0.875000
290 1.000000
291 1.125000
292 1.035710
293 0.885714
294 0.985714
295 1.085710
296 1.178570
297 0.928571
298 1.028570
299 1.128570
300 1.321430
301 0.971429
302 1.071430
303 1.171430
304 1.500000
305 0.875000
306 1.000000
307 1.125000
308 1.071430
309 0.871429
310 0.971429
311 1.071430
312 1.214290
313 0.914286
314 1.014290
315 1.114290
316 1.357140
317 0.957143
318 1.057140
319 1.157140
320 1.000000
321 0.865385
322 1.000000
323 1.134600
324 1.000000
325 0.900000
326 1.000000
327 1.100000
328 1.178570
329 0.950000
330 1.050000
331 1.150000
332 1.357140
333 1.000000
334 1.100000
335 1.200000
336 1.000000
337 0.871429
338 1.000000
339 1.128570
340 1.000000
341 0.900000
342 1.000000
343 1.100000
344 1.150000
345 0.950000
346 1.050000
347 1.150000
348 1.300000
349 1.000000
350 1.100000
351 1.200000
352 1.250000
353 0.885714
354 1.014280
355 1.142860
356 1.050000
357 0.900000
358 1.000000
359 1.100000
360 1.200000
361 0.950000
362 1.050000
363 1.150000
364 1.350000
365 1.000000
366 1.100000
367 1.200000
368 1.500000
369 0.899993
370 1.028570
371 1.157140
372 1.100000
373 0.900000
374 1.000000
375 1.100000
376 1.250000
377 0.950000
378 1.050000
379 1.150000
380 1.400000
381 1.000000
382 1.100000
383 1.200000
384 1.500000
385 0.826923
386 0.961518
387 1.096150
388 0.964286
389 0.850000
390 0.950000
391 1.050000
392 1.142860
393 0.900000
394 1.000000
395 1.100000
396 1.321430
397 0.950000
398 1.050000
399 1.150000
400 1.000000
401 0.828571
402 0.957136
403 1.085710
404 0.950000
405 0.850000
406 0.950000
407 1.050000
408 1.100000
409 0.900000
410 1.000000
411 1.100000
412 1.250000
413 0.950000
414 1.050000
415 1.150000
416 1.250000
417 0.842848
418 0.971429
419 1.100000
420 1.000000
421 0.850000
422 0.950000
423 1.050000
424 1.150000
425 0.900000
426 1.000000
427 1.100000
428 1.300000
429 0.950000
430 1.050000
431 1.150000
432 1.500000
433 0.857143
434 0.985714
435 1.114290
436 1.050000
437 0.850000
438 0.950000
439 1.050000
440 1.200000
441 0.900000
442 1.000000
443 1.100000
444 1.350000
445 0.950000
446 1.050000
447 1.150000
448 2.000000
449 0.788428
450 0.923077
451 1.057690
452 0.928571
453 0.800000
454 0.900000
455 1.000000
456 1.107140
457 0.850000
458 0.950000
459 1.050000
460 1.285710
461 0.900000
462 1.000000
463 1.100000
464 1.000000
465 0.785704
466 0.914286
467 1.042860
468 0.900000
469 0.800000
470 0.900000
471 1.000000
472 1.050000
473 0.850000
474 0.950000
475 1.050000
476 1.200000
477 0.900000
478 1.000000
479 1.100000
480 1.250000
481 0.800000
482 0.928571
483 1.057140
484 0.950000
485 0.800000
486 0.900000
487 1.000000
488 1.100000
489 0.850000
490 0.950000
491 1.050000
492 1.250000
493 0.900000
494 1.000000
495 1.100000
496 1.500000
497 0.814286
498 0.942857
499 1.071430
500 1.000000
501 0.800000
502 0.900000
503 1.000000
504 1.150000
505 0.850000
506 0.950000
507 1.050000
508 1.300000
509 0.900000
510 1.000000
511 1.100000
512 0
513 0.750000
514 0.875000
515 1.000000
516 0.833333
517 0.769231
518 0.865385
519 0.961538
520 1.000000
521 0.807692
522 0.903846
523 1.000000
524 1.166670
525 0.846154
526 0.942308
527 1.038460
528 0.750000
529 0.750000
530 0.875000
531 1.000000
532 0.821429
533 0.771429
534 0.871429
535 0.971429
536 0.964286
537 0.814286
538 0.914286
539 1.014290
540 1.107140
541 0.857143
542 0.957143
543 1.057140
544 1.000000
545 0.750000
546 0.875000
547 1.000000
548 0.857143
549 0.757143
550 0.857143
551 0.957143
552 1.000000
553 0.800000
554 0.900000
555 1.000000
556 1.142860
557 0.842857
558 0.942857
559 1.042860
560 1.250000
561 0.750000
562 0.875000
563 1.000000
564 0.892857
565 0.742857
566 0.842857
567 0.942857
568 1.035710
569 0.785714
570 0.885714
571 0.985714
572 1.178570
573 0.828571
574 0.928571
575 1.028570
576 0.500000
577 0.769231
578 0.903823
579 1.038460
580 0.857143
581 0.800000
582 0.900000
583 1.000000
584 1.035710
585 0.850000
586 0.950000
587 1.050000
588 1.214290
589 0.900000
590 1.000000
591 1.100000
592 0.750000
593 0.771429
594 0.899993
595 1.028570
596 0.850000
597 0.800000
598 0.900000
599 1.000000
600 1.000000
601 0.850000
602 0.950000
603 1.050000
604 1.150000
605 0.900000
606 1.000000
607 1.100000
608 1.000000
609 0.785704
610 0.914286
611 1.042860
612 0.900000
613 0.800000
614 0.900000
615 1.000000
616 1.050000
617 0.850000
618 0.950000
619 1.050000
620 1.200000
621 0.900000
622 1.000000
623 1.100000
624 1.250000
625 0.800000
626 0.928571
627 1.057140
628 0.950000
629 0.800000
630 0.900000
631 1.000000
632 1.100000
633 0.850000
634 0.950000
635 1.050000
636 1.250000
637 0.900000
638 1.000000
639 1.100000
640 1.000000
641 0.730729
642 0.865385
643 1.000000
644 0.821429
645 0.750000
646 0.850000
647 0.950000
648 1.000000
649 0.800000
650 0.900000
651 1.000000
652 1.178570
653 0.850000
654 0.950000
655 1.050000
656 0.750000
657 0.728559
658 0.857143
659 0.985714
660 0.800000
661 0.750000
662 0.850000
663 0.950000
664 0.950000
665 0.800000
666 0.900000
667 1.000000
668 1.100000
669 0.850000
670 0.950000
671 1.050000
672 1.000000
673 0.742857
674 0.871429
675 1.000000
676 0.850000
677 0.750000
678 0.850000
679 0.950000
680 1.000000
681 0.800000
682 0.900000
683 1.000000
684 1.150000
685 0.850000
686 0.950000
687 1.050000
688 1.250000
689 0.757143
690 0.885714
691 1.014290
692 0.900000
693 0.750000
694 0.850000
695 0.950000
696 1.050000
697 0.800000
698 0.900000
699 1.000000
700 1.200000
701 0.850000
702 0.950000
703 1.050000
704 1.500000
705 0.692308
706 0.826923
707 0.961538
708 0.785714
709 0.700000
710 0.800000
711 0.900000
712 0.964286
713 0.750000
714 0.850000
715 0.950000
716 1.142860
717 0.800000
718 0.900000
719 1.000000
720 0.750000
721 0.685714
722 0.814286
723 0.942857
724 0.750000
725 0.700000
726 0.800000
727 0.900000
728 0.900000
729 0.750000
730 0.850000
731 0.950000
732 1.050000
733 0.800000
734 0.900000
735 1.000000
736 1.000000
737 0.700000
738 0.828571
739 0.957143
740 0.800000
741 0.700000
742 0.800000
743 0.900000
744 0.950000
745 0.750000
746 0.850000
747 0.950000
748 1.100000
749 0.800000
750 0.900000
751 1.000000
752 1.250000
753 0.714286
754 0.842857
755 0.971429
756 0.850000
757 0.700000
758 0.800000
759 0.900000
760 1.000000
761 0.750000
762 0.850000
763 0.950000
764 1.150000
765 0.800000
766 0.900000
767 1.000000
768 0
769 0.625000
770 0.750000
771 0.875000
772 0.666667
773 0.634615
774 0.730769
775 0.826923
776 0.833333
777 0.673077
778 0.769231
779 0.865385
780 1.000000
781 0.711538
782 0.807692
783 0.903846
784 0.500000
785 0.625000
786 0.750000
787 0.875000
788 0.642857
789 0.642857
790 0.742857
791 0.842857
792 0.785714
793 0.685714
794 0.785714
795 0.885714
796 0.928571
797 0.728571
798 0.828571
799 0.928571
800 0.750000
801 0.625000
802 0.750000
803 0.875000
804 0.678571
805 0.628571
806 0.728571
807 0.828571
808 0.821429
809 0.671429
810 0.771429
811 0.871429
812 0.964286
813 0.714286
814 0.814286
815 0.914286
816 1.000000
817 0.625000
818 0.750000
819 0.875000
820 0.714286
821 0.614286
822 0.714286
823 0.814286
824 0.857143
825 0.657143
826 0.757143
827 0.857143
828 1.000000
829 0.700000
830 0.800000
831 0.900000
832 -0.000000
833 0.673077
834 0.807692
835 0.942308
836 0.714286
837 0.700000
838 0.800000
839 0.900000
840 0.892857
841 0.750000
842 0.850000
843 0.950000
844 1.071430
845 0.800000
846 0.900000
847 1.000000
848 0.500000
849 0.671413
850 0.800000
851 0.928571
852 0.700000
853 0.700000
854 0.800000
855 0.900000
856 0.850000
857 0.750000
858 0.850000
859 0.950000
860 1.000000
861 0.800000
862 0.900000
863 1.000000
864 0.750000
865 0.685714
866 0.814286
867 0.942857
868 0.750000
869 0.700000
870 0.800000
871 0.900000
872 0.900000
873 0.750000
874 0.850000
875 0.950000
876 1.050000
877 0.800000
878 0.900000
879 1.000000
880 1.000000
881 0.700000
882 0.828571
883 0.957143
884 0.800000
885 0.700000
886 0.800000
887 0.900000
888 0.950000
889 0.750000
890 0.850000
891 0.950000
892 1.100000
893 0.800000
894 0.900000
895 1.000000
896 0.500000
897 0.634615
898 0.769231
899 0.903846
900 0.678571
901 0.650000
902 0.750000
903 0.850000
904 0.857143
905 0.700000
906 0.800000
907 0.900000
908 1.035710
909 0.750000
910 0.850000
911 0.950000
912 0.500000
913 0.628571
914 0.757143
915 0.885714
916 0.650000
917 0.650000
918 0.750000
919 0.850000
920 0.800000
921 0.700000
922 0.800000
923 0.900000
924 0.950000
925 0.750000
926 0.850000
927 0.950000
928 0.750000
929 0.642858
930 0.771429
931 0.900000
932 0.700000
933 0.650000
934 0.750000
935 0.850000
936 0.850000
937 0.700000
938 0.800000
939 0.900000
940 1.000000
941 0.750000
942 0.850000
943 0.950000
944 1.000000
945 0.657143
946 0.785714
947 0.914286
948 0.750000
949 0.650000
950 0.750000
951 0.850000
952 0.900000
953 0.700000
954 0.800000
955 0.900000
956 1.050000
957 0.750000
958 0.850000
959 0.950000
960 1.000000
961 0.596154
962 0.730769
963 0.865385
964 0.642857
965 0.600000
966 0.700000
967 0.800000
968 0.821429
969 0.650000
970 0.750000
971 0.850000
972 1.000000
973 0.700000
974 0.800000
975 0.900000
976 0.500000
977 0.585714
978 0.714286
979 0.842857
980 0.600000
981 0.600000
982 0.700000
983 0.800000
984 0.750000
985 0.650000
986 0.750000
987 0.850000
988 0.900000
989 0.700000
990 0.800000
991 0.900000
992 0.750000
993 0.600000
994 0.728571
995 0.857143
996 0.650000
997 0.600000
998 0.700000
999 0.800000
1000 0.800000
1001 0.650000
1002 0.750000
1003 0.850000
1004 0.950000
1005 0.700000
1006 0.800000
1007 0.900000
1008 1.000000
1009 0.614286
1010 0.742857
1011 0.871429
1012 0.700000
1013 0.600000
1014 0.700000
1015 0.800000
1016 0.850000
1017 0.650000
1018 0.750000
1019 0.850000
1020 1.000000
1021 0.700000
1022 0.800000
1023 0.900000
1024 0
1025 0.800000
1026 0.899972
1027 1.000000
1028 0.875000
1029 0.821429
1030 0.892857
1031 0.964286
1032 1.000000
1033 0.857143
1034 0.928571
1035 1.000000
1036 1.125000
1037 0.892857
1038 0.964286
1039 1.035710
1040 0.833333
1041 0.802632
1042 0.894731
1043 0.986842
1044 0.865385
1045 0.821429
1046 0.892857
1047 0.964286
1048 0.961538
1049 0.857143
1050 0.928571
1051 1.000000
1052 1.057690
1053 0.892857
1054 0.964286
1055 1.035710
1056 1.000000
1057 0.815783
1058 0.907895
1059 1.000000
1060 0.903846
1061 0.821429
1062 0.892857
1063 0.964286
1064 1.000000
1065 0.857143
1066 0.928571
1067 1.000000
1068 1.096150
1069 0.892857
1070 0.964286
1071 1.035710
1072 1.166670
1073 0.828947
1074 0.921053
1075 1.013160
1076 0.942308
1077 0.821429
1078 0.892857
1079 0.964286
1080 1.038460
1081 0.857143
1082 0.928571
1083 1.000000
1084 1.134620
1085 0.892857
1086 0.964286
1087 1.035710
1088 0.750000
1089 0.802632
1090 0.907895
1091 1.013160
1092 0.875000
1093 0.830493
1094 0.906779
1095 0.983051
1096 1.000000
1097 0.872880
1098 0.949153
1099 1.025420
1100 1.125000
1101 0.915254
1102 0.991529
1103 1.067800
1104 0.821429
1105 0.807692
1106 0.903846
1107 1.000000
1108 0.871429
1109 0.831075
1110 0.905405
1111 0.979730
1112 0.971429
1113 0.871621
1114 0.945946
1115 1.020270
1116 1.071430
1117 0.912162
1118 0.986489
1119 1.060810
1120 0.964286
1121 0.826923
1122 0.923077
1123 1.019200
1124 0.914286
1125 0.837837
1126 0.912162
1127 0.986489
1128 1.014290
1129 0.878378
1130 0.952703
1131 1.027030
1132 1.114290
1133 0.918919
1134 0.993244
1135 1.067570
1136 1.107140
1137 0.846154
1138 0.942276
1139 1.038460
1140 0.957143
1141 0.844595
1142 0.918919
1143 0.993244
1144 1.057140
1145 0.885135
1146 0.959460
1147 1.033790
1148 1.157140
1149 0.925676
1150 1.000000
1151 1.074320
1152 1.000000
1153 0.789474
1154 0.894737
1155 0.999904
1156 0.875000
1157 0.805083
1158 0.881356
1159 0.957627
1160 1.000000
1161 0.847458
1162 0.923729
1163 1.000000
1164 1.125000
1165 0.889831
1166 0.966102
1167 1.042370
1168 0.857143
1169 0.788462
1170 0.884615
1171 0.980740
1172 0.857143
1173 0.804054
1174 0.878378
1175 0.952703
1176 0.957143
1177 0.844595
1178 0.918919
1179 0.993244
1180 1.057140
1181 0.885135
1182 0.959460
1183 1.033790
1184 1.000000
1185 0.807692
1186 0.903811
1187 1.000000
1188 0.900000
1189 0.810811
1190 0.885135
1191 0.959460
1192 1.000000
1193 0.851351
1194 0.925676
1195 1.000000
1196 1.100000
1197 0.891892
1198 0.966220
1199 1.040540
1200 1.142860
1201 0.826880
1202 0.923077
1203 1.019240
1204 0.942857
1205 0.817568
1206 0.891892
1207 0.966220
1208 1.042860
1209 0.858109
1210 0.932437
1211 1.006760
1212 1.142860
1213 0.898654
1214 0.972973
1215 1.047300
1216 1.250000
1217 0.776316
1218 0.881579
1219 0.986842
1220 0.875000
1221 0.779661
1222 0.855932
1223 0.932204
1224 1.000000
1225 0.822034
1226 0.898306
1227 0.974576
1228 1.125000
1229 0.864408
1230 0.940678
1231 1.016950
1232 0.892857
1233 0.769231
1234 0.865346
1235 0.961538
1236 0.842857
1237 0.777027
1238 0.851351
1239 0.925676
1240 0.942857
1241 0.817568
1242 0.891892
1243 0.966220
1244 1.042860
1245 0.858109
1246 0.932437
1247 1.006760
1248 1.035710
1249 0.788414
1250 0.884615
1251 0.980779
1252 0.885714
1253 0.783784
1254 0.858109
1255 0.932437
1256 0.985714
1257 0.824325
1258 0.898654
1259 0.972973
1260 1.085710
1261 0.864871
1262 0.939189
1263 1.013510
1264 1.178570
1265 0.807692
1266 0.903857
1267 1.000000
1268 0.928571
1269 0.790541
1270 0.864871
1271 0.939189
1272 1.028570
1273 0.831081
1274 0.905405
1275 0.979730
1276 1.128570
1277 0.871622
1278 0.945946
1279 1.020270
1280 0.500000
1281 0.821429
1282 0.928571
1283 1.035710
1284 0.903846
1285 0.852941
1286 0.926471
1287 1.000000
1288 1.038460
1289 0.897059
1290 0.970588
1291 1.044110
1292 1.173080
1293 0.941176
1294 1.014700
1295 1.088240
1296 0.857143
1297 0.830508
1298 0.923729
1299 1.016950
1300 0.900000
1301 0.854651
1302 0.924419
1303 0.994147
1304 1.000000
1305 0.895349
1306 0.965074
1307 1.034880
1308 1.100000
1309 0.936001
1310 1.005810
1311 1.075580
1312 1.035710
1313 0.855932
1314 0.949153
1315 1.042370
1316 0.950000
1317 0.866279
1318 0.936001
1319 1.005810
1320 1.050000
1321 0.906928
1322 0.976740
1323 1.046510
1324 1.150000
1325 0.947670
1326 1.017440
1327 1.087210
1328 1.214290
1329 0.881356
1330 0.974576
1331 1.067800
1332 1.000000
1333 0.877854
1334 0.947670
1335 1.017440
1336 1.100000
1337 0.918600
1338 0.988372
1339 1.058140
1340 1.200000
1341 0.959302
1342 1.029070
1343 1.098840
1344 0.750000
1345 0.821429
1346 0.928571
1347 1.035710
1348 0.900000
1349 0.854651
1350 0.930233
1351 1.005810
1352 1.028570
1353 0.901163
1354 0.976744
1355 1.052330
1356 1.157140
1357 0.947674
1358 1.023260
1359 1.098840
1360 0.850000
1361 0.831081
1362 0.925676
1363 1.020270
1364 0.900000
1365 0.857143
1366 0.928571
1367 1.000000
1368 1.000000
1369 0.900000
1370 0.971429
1371 1.042860
1372 1.100000
1373 0.942857
1374 1.014290
1375 1.085710
1376 1.000000
1377 0.858108
1378 0.952703
1379 1.047300
1380 0.950000
1381 0.871429
1382 0.942857
1383 1.014290
1384 1.050000
1385 0.914286
1386 0.985714
1387 1.057140
1388 1.150000
1389 0.957143
1390 1.028570
1391 1.099990
1392 1.150000
1393 0.885135
1394 0.979730
1395 1.074320
1396 1.000000
1397 0.885714
1398 0.957143
1399 1.028570
1400 1.100000
1401 0.928571
1402 1.000000
1403 1.071420
1404 1.200000
1405 0.971429
1406 1.042850
1407 1.114290
1408 1.000000
1409 0.821429
1410 0.928571
1411 1.035710
1412 0.914286
1413 0.843023
1414 0.918605
1415 0.994186
1416 1.042860
1417 0.889535
1418 0.965116
1419 1.040700
1420 1.171430
1421 0.936047
1422 1.011630
1423 1.087190
1424 0.900000
1425 0.824324
1426 0.918919
1427 1.013510
1428 0.900000
1429 0.842857
1430 0.914286
1431 0.985714
1432 1.000000
1433 0.885714
1434 0.957143
1435 1.028570
1436 1.100000
1437 0.928571
1438 1.000000
1439 1.071420
1440 1.050000
1441 0.851351
1442 0.945946
1443 1.040540
1444 0.950000
1445 0.857143
1446 0.928571
1447 1.000000
1448 1.050000
1449 0.900000
1450 0.971429
1451 1.042850
1452 1.150000
1453 0.942857
1454 1.014270
1455 1.085710
1456 1.200000
1457 0.878378
1458 0.972973
1459 1.067570
1460 1.000000
1461 0.871429
1462 0.942857
1463 1.014270
1464 1.100000
1465 0.914286
1466 0.985703
1467 1.057140
1468 1.200000
1469 0.957130
1470 1.028570
1471 1.100000
1472 1.250000
1473 0.821429
1474 0.928571
1475 1.035710
1476 0.928571
1477 0.831395
1478 0.906977
1479 0.982558
1480 1.057140
1481 0.877907
1482 0.953488
1483 1.029050
1484 1.185710
1485 0.924419
1486 0.999975
1487 1.075580
1488 0.950000
1489 0.817568
1490 0.912162
1491 1.006760
1492 0.900000
1493 0.828571
1494 0.900000
1495 0.971429
1496 1.000000
1497 0.871429
1498 0.942857
1499 1.014270
1500 1.100000
1501 0.914286
1502 0.985703
1503 1.057140
1504 1.100000
1505 0.844595
1506 0.939189
1507 1.033780
1508 0.950000
1509 0.842857
1510 0.914286
1511 0.985703
1512 1.050000
1513 0.885714
1514 0.957130
1515 1.028570
1516 1.150000
1517 0.928558
1518 1.000000
1519 1.071430
1520 1.250000
1521 0.871622
1522 0.966216
1523 1.060810
1524 1.000000
1525 0.857143
1526 0.928558
1527 1.000000
1528 1.100000
1529 0.899986
1530 0.971429
1531 1.042860
1532 1.200000
1533 0.942857
1534 1.014290
1535 1.085710
1536 1.000000
1537 0.785714
1538 0.892857
1539 1.000000
1540 0.865385
1541 0.808824
1542 0.882353
1543 0.955872
1544 1.000000
1545 0.852941
1546 0.926459
1547 1.000000
1548 1.134620
1549 0.897047
1550 0.970588
1551 1.044120
1552 0.821429
1553 0.788136
1554 0.881356
1555 0.974576
1556 0.850000
1557 0.808140
1558 0.877854
1559 0.947670
1560 0.950000
1561 0.848780
1562 0.918600
1563 0.988372
1564 1.050000
1565 0.889530
1566 0.959302
1567 1.029070
1568 1.000000
1569 0.813559
1570 0.906780
1571 1.000000
1572 0.900000
1573 0.819767
1574 0.889530
1575 0.959302
1576 1.000000
1577 0.860460
1578 0.930233
1579 1.000000
1580 1.100000
1581 0.901163
1582 0.970932
1583 1.040700
1584 1.178570
1585 0.838983
1586 0.932203
1587 1.025420
1588 0.950000
1589 0.831390
1590 0.901163
1591 0.970932
1592 1.050000
1593 0.872093
1594 0.941862
1595 1.011630
1596 1.150000
1597 0.912792
1598 0.982558
1599 1.052330
1600 0.750000
1601 0.785714
1602 0.892857
1603 1.000000
1604 0.857143
1605 0.813953
1606 0.889535
1607 0.965116
1608 0.985714
1609 0.860465
1610 0.936047
1611 1.011630
1612 1.114290
1613 0.906977
1614 0.982558
1615 1.058120
1616 0.800000
1617 0.790541
1618 0.885135
1619 0.979730
1620 0.850000
1621 0.814286
1622 0.885714
1623 0.957143
1624 0.950000
1625 0.857143
1626 0.928571
1627 1.000000
1628 1.050000
1629 0.900000
1630 0.971429
1631 1.042850
1632 0.950000
1633 0.817568
1634 0.912162
1635 1.006760
1636 0.900000
1637 0.828571
1638 0.900000
1639 0.971429
1640 1.000000
1641 0.871429
1642 0.942857
1643 1.014270
1644 1.100000
1645 0.914286
1646 0.985703
1647 1.057140
1648 1.100000
1649 0.844595
1650 0.939189
1651 1.033780
1652 0.950000
1653 0.842857
1654 0.914286
1655 0.985703
1656 1.050000
1657 0.885714
1658 0.957130
1659 1.028570
1660 1.150000
1661 0.928558
1662 1.000000
1663 1.071430
1664 1.000000
1665 0.785714
1666 0.892857
1667 1.000000
1668 0.871429
1669 0.802326
1670 0.877907
1671 0.953488
1672 1.000000
1673 0.848837
1674 0.924419
1675 0.999975
1676 1.128570
1677 0.895349
1678 0.970903
1679 1.046510
1680 0.850000
1681 0.783784
1682 0.878378
1683 0.972973
1684 0.850000
1685 0.800000
1686 0.871429
1687 0.942857
1688 0.950000
1689 0.842857
1690 0.914286
1691 0.985703
1692 1.050000
1693 0.885714
1694 0.957130
1695 1.028570
1696 1.000000
1697 0.810811
1698 0.905405
1699 1.000000
1700 0.900000
1701 0.814286
1702 0.885714
1703 0.957130
1704 1.000000
1705 0.857143
1706 0.928558
1707 1.000000
1708 1.100000
1709 0.899986
1710 0.971429
1711 1.042860
1712 1.150000
1713 0.837838
1714 0.932432
1715 1.027030
1716 0.950000
1717 0.828571
1718 0.899986
1719 0.971429
1720 1.050000
1721 0.871413
1722 0.942857
1723 1.014290
1724 1.150000
1725 0.914286
1726 0.985720
1727 1.057140
1728 1.250000
1729 0.785714
1730 0.892857
1731 1.000000
1732 0.885714
1733 0.790698
1734 0.866279
1735 0.941831
1736 1.014290
1737 0.837209
1738 0.912760
1739 0.988372
1740 1.142860
1741 0.883687
1742 0.959302
1743 1.034900
1744 0.900000
1745 0.777027
1746 0.871622
1747 0.966216
1748 0.850000
1749 0.785714
1750 0.857143
1751 0.928558
1752 0.950000
1753 0.828571
1754 0.899986
1755 0.971429
1756 1.050000
1757 0.871413
1758 0.942857
1759 1.014290
1760 1.050000
1761 0.804054
1762 0.898649
1763 0.993243
1764 0.900000
1765 0.800000
1766 0.871413
1767 0.942857
1768 1.000000
1769 0.842840
1770 0.914286
1771 0.985720
1772 1.100000
1773 0.885714
1774 0.957149
1775 1.028570
1776 1.200000
1777 0.831081
1778 0.925676
1779 1.020270
1780 0.950000
1781 0.814268
1782 0.885714
1783 0.957149
1784 1.050000
1785 0.857143
1786 0.928578
1787 1.000000
1788 1.150000
1789 0.900007
1790 0.971429
1791 1.042860
1792 1.500000
1793 0.750000
1794 0.857143
1795 0.964286
1796 0.826923
1797 0.764706
1798 0.838221
1799 0.911765
1800 0.961538
1801 0.808808
1802 0.882353
1803 0.955886
1804 1.096150
1805 0.852941
1806 0.926474
1807 1.000000
1808 0.785714
1809 0.745763
1810 0.838983
1811 0.932203
1812 0.800000
1813 0.761628
1814 0.831390
1815 0.901163
1816 0.900000
1817 0.802319
1818 0.872093
1819 0.941862
1820 1.000000
1821 0.843023
1822 0.912792
1823 0.982558
1824 0.964286
1825 0.771186
1826 0.864407
1827 0.957627
1828 0.850000
1829 0.773249
1830 0.843023
1831 0.912792
1832 0.950000
1833 0.813953
1834 0.883722
1835 0.953488
1836 1.050000
1837 0.854653
1838 0.924419
1839 0.994186
1840 1.142860
1841 0.796610
1842 0.889831
1843 0.983051
1844 0.900000
1845 0.784884
1846 0.854653
1847 0.924419
1848 1.000000
1849 0.825583
1850 0.895349
1851 0.965116
1852 1.100000
1853 0.866279
1854 0.936047
1855 1.005810
1856 0.750000
1857 0.750000
1858 0.857143
1859 0.964286
1860 0.814286
1861 0.773256
1862 0.848837
1863 0.924419
1864 0.942857
1865 0.819767
1866 0.895349
1867 0.970903
1868 1.071430
1869 0.866279
1870 0.941831
1871 1.017440
1872 0.750000
1873 0.750000
1874 0.844595
1875 0.939189
1876 0.800000
1877 0.771429
1878 0.842857
1879 0.914286
1880 0.900000
1881 0.814286
1882 0.885714
1883 0.957130
1884 1.000000
1885 0.857143
1886 0.928558
1887 1.000000
1888 0.900000
1889 0.777027
1890 0.871622
1891 0.966216
1892 0.850000
1893 0.785714
1894 0.857143
1895 0.928558
1896 0.950000
1897 0.828571
1898 0.899986
1899 0.971429
1900 1.050000
1901 0.871413
1902 0.942857
1903 1.014290
1904 1.050000
1905 0.804054
1906 0.898649
1907 0.993243
1908 0.900000
1909 0.800000
1910 0.871413
1911 0.942857
1912 1.000000
1913 0.842840
1914 0.914286
1915 0.985720
1916 1.100000
1917 0.885714
1918 0.957149
1919 1.028570
1920 1.000000
1921 0.750000
1922 0.857143
1923 0.964286
1924 0.828571
1925 0.761628
1926 0.837209
1927 0.912760
1928 0.957143
1929 0.808140
1930 0.883687
1931 0.959302
1932 1.085710
1933 0.854615
1934 0.930233
1935 1.005830
1936 0.800000
1937 0.743243
1938 0.837838
1939 0.932432
1940 0.800000
1941 0.757143
1942 0.828571
1943 0.899986
1944 0.900000
1945 0.800000
1946 0.871413
1947 0.942857
1948 1.000000
1949 0.842840
1950 0.914286
1951 0.985720
1952 0.950000
1953 0.770270
1954 0.864865
1955 0.959459
1956 0.850000
1957 0.771429
1958 0.842840
1959 0.914286
1960 0.950000
1961 0.814268
1962 0.885714
1963 0.957149
1964 1.050000
1965 0.857143
1966 0.928578
1967 1.000000
1968 1.100000
1969 0.797297
1970 0.891892
1971 0.986486
1972 0.900000
1973 0.785695
1974 0.857143
1975 0.928578
1976 1.000000
1977 0.828571
1978 0.900007
1979 0.971429
1980 1.100000
1981 0.871436
1982 0.942857
1983 1.014290
1984 1.250000
1985 0.750000
1986 0.857143
1987 0.964286
1988 0.842857
1989 0.750000
1990 0.825542
1991 0.901163
1992 0.971429
1993 0.796469
1994 0.872093
1995 0.947688
1996 1.100000
1997 0.843023
1998 0.918619
1999 0.994186
2000 0.850000
2001 0.736486
2002 0.831081
2003 0.925676
2004 0.800000
2005 0.742857
2006 0.814268
2007 0.885714
2008 0.900000
2009 0.785695
2010 0.857143
2011 0.928578
2012 1.000000
2013 0.828571
2014 0.900007
2015 0.971429
2016 1.000000
2017 0.763514
2018 0.858108
2019 0.952703
2020 0.850000
2021 0.757122
2022 0.828571
2023 0.900007
2024 0.950000
2025 0.800000
2026 0.871436
2027 0.942857
2028 1.050000
2029 0.842865
2030 0.914286
2031 0.985714
2032 1.150000
2033 0.790541
2034 0.885135
2035 0.979730
2036 0.900000
2037 0.771429
2038 0.842865
2039 0.914286
2040 1.000000
2041 0.814294
2042 0.885714
2043 0.957143
2044 1.100000
2045 0.857143
2046 0.928571
2047 1.000000
2048 0
2049 0.700000
2050 0.800000
2051 0.900000
2052 0.750000
2053 0.714286
2054 0.785714
2055 0.857143
2056 0.875000
2057 0.750000
2058 0.821429
2059 0.892857
2060 1.000000
2061 0.785714
2062 0.857143
2063 0.928571
2064 0.666667
2065 0.697358
2066 0.789474
2067 0.881579
2068 0.730769
2069 0.714286
2070 0.785714
2071 0.857143
2072 0.826923
2073 0.750000
2074 0.821429
2075 0.892857
2076 0.923077
2077 0.785714
2078 0.857143
2079 0.928571
2080 0.833333
2081 0.710526
2082 0.802632
2083 0.894737
2084 0.769231
2085 0.714286
2086 0.785714
2087 0.857143
2088 0.865385
2089 0.750000
2090 0.821429
2091 0.892857
2092 0.961538
2093 0.785714
2094 0.857143
2095 0.928571
2096 1.000000
2097 0.723684
2098 0.815789
2099 0.907895
2100 0.807692
2101 0.714286
2102 0.785714
2103 0.857143
2104 0.903846
2105 0.750000
2106 0.821429
2107 0.892857
2108 1.000000
2109 0.785714
2110 0.857143
2111 0.928571
2112 0.500000
2113 0.710526
2114 0.815789
2115 0.921053
2116 0.750000
2117 0.737287
2118 0.813559
2119 0.889831
2120 0.875000
2121 0.779661
2122 0.855932
2123 0.932204
2124 1.000000
2125 0.822034
2126 0.898306
2127 0.974576
2128 0.642857
2129 0.711538
2130 0.807692
2131 0.903811
2132 0.742857
2133 0.736486
2134 0.810811
2135 0.885135
2136 0.842857
2137 0.777027
2138 0.851351
2139 0.925676
2140 0.942857
2141 0.817568
2142 0.891892
2143 0.966220
2144 0.785714
2145 0.730769
2146 0.826880
2147 0.923077
2148 0.785714
2149 0.743243
2150 0.817568
2151 0.891892
2152 0.885714
2153 0.783784
2154 0.858109
2155 0.932437
2156 0.985714
2157 0.824325
2158 0.898654
2159 0.972973
2160 0.928571
2161 0.749947
2162 0.846154
2163 0.942318
2164 0.828571
2165 0.750000
2166 0.824325
2167 0.898654
2168 0.928571
2169 0.790541
2170 0.864871
2171 0.939189
2172 1.028570
2173 0.831081
2174 0.905405
2175 0.979730
2176 0.750000
2177 0.697368
2178 0.802632
2179 0.907895
2180 0.750000
2181 0.711864
2182 0.788136
2183 0.864408
2184 0.875000
2185 0.754237
2186 0.830510
2187 0.906780
2188 1.000000
2189 0.796612
2190 0.872881
2191 0.949153
2192 0.678571
2193 0.692308
2194 0.788414
2195 0.884615
2196 0.728571
2197 0.709459
2198 0.783784
2199 0.858109
2200 0.828571
2201 0.750000
2202 0.824325
2203 0.898654
2204 0.928571
2205 0.790541
2206 0.864871
2207 0.939189
2208 0.821429
2209 0.711478
2210 0.807692
2211 0.903857
2212 0.771429
2213 0.716216
2214 0.790541
2215 0.864871
2216 0.871429
2217 0.756758
2218 0.831081
2219 0.905405
2220 0.971429
2221 0.797297
2222 0.871622
2223 0.945946
2224 0.964286
2225 0.730769
2226 0.826935
2227 0.923077
2228 0.814286
2229 0.722974
2230 0.797297
2231 0.871622
2232 0.914286
2233 0.763514
2234 0.837838
2235 0.912162
2236 1.014290
2237 0.804054
2238 0.878378
2239 0.952703
2240 1.000000
2241 0.684211
2242 0.789474
2243 0.894737
2244 0.750000
2245 0.686441
2246 0.762714
2247 0.838983
2248 0.875000
2249 0.728817
2250 0.805085
2251 0.881356
2252 1.000000
2253 0.771186
2254 0.847458
2255 0.923729
2256 0.714286
2257 0.673077
2258 0.769231
2259 0.865396
2260 0.714286
2261 0.682432
2262 0.756758
2263 0.831081
2264 0.814286
2265 0.722974
2266 0.797297
2267 0.871622
2268 0.914286
2269 0.763514
2270 0.837838
2271 0.912162
2272 0.857143
2273 0.692308
2274 0.788462
2275 0.884615
2276 0.757143
2277 0.689191
2278 0.763514
2279 0.837838
2280 0.857143
2281 0.729730
2282 0.804054
2283 0.878378
2284 0.957143
2285 0.770270
2286 0.844595
2287 0.918919
2288 1.000000
2289 0.711538
2290 0.807692
2291 0.903846
2292 0.800000
2293 0.695946
2294 0.770270
2295 0.844595
2296 0.900000
2297 0.736486
2298 0.810811
2299 0.885135
2300 1.000000
2301 0.777027
2302 0.851351
2303 0.925676
2304 -0.000000
2305 0.750000
2306 0.857143
2307 0.964286
2308 0.807692
2309 0.779412
2310 0.852941
2311 0.926459
2312 0.942308
2313 0.823529
2314 0.897047
2315 0.970588
2316 1.076920
2317 0.867634
2318 0.941176
2319 1.014710
2320 0.714286
2321 0.754237
2322 0.847458
2323 0.940678
2324 0.800000
2325 0.779070
2326 0.848780
2327 0.918600
2328 0.900000
2329 0.819767
2330 0.889530
2331 0.959302
2332 1.000000
2333 0.860460
2334 0.930233
2335 1.000000
2336 0.892857
2337 0.779661
2338 0.872881
2339 0.966102
2340 0.850000
2341 0.790698
2342 0.860460
2343 0.930233
2344 0.950000
2345 0.831390
2346 0.901163
2347 0.970932
2348 1.050000
2349 0.872093
2350 0.941862
2351 1.011630
2352 1.071430
2353 0.805085
2354 0.898305
2355 0.991525
2356 0.900000
2357 0.802319
2358 0.872093
2359 0.941862
2360 1.000000
2361 0.843023
2362 0.912792
2363 0.982558
2364 1.100000
2365 0.883722
2366 0.953488
2367 1.023260
2368 0.500000
2369 0.750000
2370 0.857143
2371 0.964286
2372 0.800000
2373 0.784884
2374 0.860465
2375 0.936047
2376 0.928571
2377 0.831395
2378 0.906977
2379 0.982558
2380 1.057140
2381 0.877907
2382 0.953488
2383 1.029050
2384 0.700000
2385 0.756757
2386 0.851351
2387 0.945946
2388 0.800000
2389 0.785714
2390 0.857143
2391 0.928571
2392 0.900000
2393 0.828571
2394 0.900000
2395 0.971429
2396 1.000000
2397 0.871429
2398 0.942857
2399 1.014270
2400 0.850000
2401 0.783784
2402 0.878378
2403 0.972973
2404 0.850000
2405 0.800000
2406 0.871429
2407 0.942857
2408 0.950000
2409 0.842857
2410 0.914286
2411 0.985703
2412 1.050000
2413 0.885714
2414 0.957130
2415 1.028570
2416 1.000000
2417 0.810811
2418 0.905405
2419 1.000000
2420 0.900000
2421 0.814286
2422 0.885714
2423 0.957130
2424 1.000000
2425 0.857143
2426 0.928558
2427 1.000000
2428 1.100000
2429 0.899986
2430 0.971429
2431 1.042860
2432 0.750000
2433 0.750000
2434 0.857143
2435 0.964286
2436 0.814286
2437 0.773256
2438 0.848837
2439 0.924419
2440 0.942857
2441 0.819767
2442 0.895349
2443 0.970903
2444 1.071430
2445 0.866279
2446 0.941831
2447 1.017440
2448 0.750000
2449 0.750000
2450 0.844595
2451 0.939189
2452 0.800000
2453 0.771429
2454 0.842857
2455 0.914286
2456 0.900000
2457 0.814286
2458 0.885714
2459 0.957130
2460 1.000000
2461 0.857143
2462 0.928558
2463 1.000000
2464 0.900000
2465 0.777027
2466 0.871622
2467 0.966216
2468 0.850000
2469 0.785714
2470 0.857143
2471 0.928558
2472 0.950000
2473 0.828571
2474 0.899986
2475 0.971429
2476 1.050000
2477 0.871413
2478 0.942857
2479 1.014290
2480 1.050000
2481 0.804054
2482 0.898649
2483 0.993243
2484 0.900000
2485 0.800000
2486 0.871413
2487 0.942857
2488 1.000000
2489 0.842840
2490 0.914286
2491 0.985720
2492 1.100000
2493 0.885714
2494 0.957149
2495 1.028570
2496 1.000000
2497 0.750000
2498 0.857143
2499 0.964286
2500 0.828571
2501 0.761628
2502 0.837209
2503 0.912760
2504 0.957143
2505 0.808140
2506 0.883687
2507 0.959302
2508 1.085710
2509 0.854615
2510 0.930233
2511 1.005830
2512 0.800000
2513 0.743243
2514 0.837838
2515 0.932432
2516 0.800000
2517 0.757143
2518 0.828571
2519 0.899986
2520 0.900000
2521 0.800000
2522 0.871413
2523 0.942857
2524 1.000000
2525 0.842840
2526 0.914286
2527 0.985720
2528 0.950000
2529 0.770270
2530 0.864865
2531 0.959459
2532 0.850000
2533 0.771429
2534 0.842840
2535 0.914286
2536 0.950000
2537 0.814268
2538 0.885714
2539 0.957149
2540 1.050000
2541 0.857143
2542 0.928578
2543 1.000000
2544 1.100000
2545 0.797297
2546 0.891892
2547 0.986486
2548 0.900000
2549 0.785695
2550 0.857143
2551 0.928578
2552 1.000000
2553 0.828571
2554 0.900007
2555 0.971429
2556 1.100000
2557 0.871436
2558 0.942857
2559 1.014290
2560 0.500000
2561 0.714286
2562 0.821429
2563 0.928571
2564 0.769231
2565 0.735294
2566 0.808808
2567 0.882353
2568 0.903846
2569 0.779395
2570 0.852941
2571 0.926474
2572 1.038460
2573 0.823529
2574 0.897063
2575 0.970588
2576 0.678571
2577 0.711864
2578 0.805085
2579 0.898305
2580 0.750000
2581 0.732558
2582 0.802319
2583 0.872093
2584 0.850000
2585 0.773249
2586 0.843023
2587 0.912792
2588 0.950000
2589 0.813953
2590 0.883722
2591 0.953488
2592 0.857143
2593 0.737288
2594 0.830508
2595 0.923729
2596 0.800000
2597 0.744179
2598 0.813953
2599 0.883722
2600 0.900000
2601 0.784884
2602 0.854653
2603 0.924419
2604 1.000000
2605 0.825583
2606 0.895349
2607 0.965116
2608 1.035710
2609 0.762712
2610 0.855932
2611 0.949153
2612 0.850000
2613 0.755814
2614 0.825583
2615 0.895349
2616 0.950000
2617 0.796513
2618 0.866279
2619 0.936047
2620 1.050000
2621 0.837209
2622 0.906977
2623 0.976744
2624 0.500000
2625 0.714286
2626 0.821429
2627 0.928571
2628 0.757143
2629 0.744186
2630 0.819767
2631 0.895349
2632 0.885714
2633 0.790698
2634 0.866279
2635 0.941831
2636 1.014290
2637 0.837209
2638 0.912760
2639 0.988372
2640 0.650000
2641 0.716216
2642 0.810811
2643 0.905405
2644 0.750000
2645 0.742857
2646 0.814286
2647 0.885714
2648 0.850000
2649 0.785714
2650 0.857143
2651 0.928558
2652 0.950000
2653 0.828571
2654 0.899986
2655 0.971429
2656 0.800000
2657 0.743243
2658 0.837838
2659 0.932432
2660 0.800000
2661 0.757143
2662 0.828571
2663 0.899986
2664 0.900000
2665 0.800000
2666 0.871413
2667 0.942857
2668 1.000000
2669 0.842840
2670 0.914286
2671 0.985720
2672 0.950000
2673 0.770270
2674 0.864865
2675 0.959459
2676 0.850000
2677 0.771429
2678 0.842840
2679 0.914286
2680 0.950000
2681 0.814268
2682 0.885714
2683 0.957149
2684 1.050000
2685 0.857143
2686 0.928578
2687 1.000000
2688 0.750000
2689 0.714286
2690 0.821429
2691 0.928571
2692 0.771429
2693 0.732558
2694 0.808140
2695 0.883687
2696 0.900000
2697 0.779070
2698 0.854615
2699 0.930233
2700 1.028570
2701 0.825542
2702 0.901163
2703 0.976758
2704 0.700000
2705 0.709459
2706 0.804054
2707 0.898649
2708 0.750000
2709 0.728571
2710 0.800000
2711 0.871413
2712 0.850000
2713 0.771429
2714 0.842840
2715 0.914286
2716 0.950000
2717 0.814268
2718 0.885714
2719 0.957149
2720 0.850000
2721 0.736486
2722 0.831081
2723 0.925676
2724 0.800000
2725 0.742857
2726 0.814268
2727 0.885714
2728 0.900000
2729 0.785695
2730 0.857143
2731 0.928578
2732 1.000000
2733 0.828571
2734 0.900007
2735 0.971429
2736 1.000000
2737 0.763514
2738 0.858108
2739 0.952703
2740 0.850000
2741 0.757122
2742 0.828571
2743 0.900007
2744 0.950000
2745 0.800000
2746 0.871436
2747 0.942857
2748 1.050000
2749 0.842865
2750 0.914286
2751 0.985714
2752 1.000000
2753 0.714286
2754 0.821429
2755 0.928571
2756 0.785714
2757 0.720930
2758 0.796469
2759 0.872093
2760 0.914286
2761 0.767396
2762 0.843023
2763 0.918619
2764 1.042860
2765 0.813953
2766 0.889550
2767 0.965116
2768 0.750000
2769 0.702703
2770 0.797297
2771 0.891892
2772 0.750000
2773 0.714286
2774 0.785695
2775 0.857143
2776 0.850000
2777 0.757122
2778 0.828571
2779 0.900007
2780 0.950000
2781 0.800000
2782 0.871436
2783 0.942857
2784 0.900000
2785 0.729730
2786 0.824324
2787 0.918919
2788 0.800000
2789 0.728548
2790 0.800000
2791 0.871436
2792 0.900000
2793 0.771429
2794 0.842865
2795 0.914286
2796 1.000000
2797 0.814294
2798 0.885714
2799 0.957143
2800 1.050000
2801 0.756757
2802 0.851351
2803 0.945946
2804 0.850000
2805 0.742857
2806 0.814294
2807 0.885714
2808 0.950000
2809 0.785722
2810 0.857143
2811 0.928571
2812 1.050000
2813 0.828571
2814 0.900000
2815 0.971429
2816 1.000000
2817 0.678571
2818 0.785714
2819 0.892857
2820 0.730769
2821 0.691154
2822 0.764706
2823 0.838239
2824 0.865385
2825 0.735294
2826 0.808828
2827 0.882353
2828 1.000000
2829 0.779416
2830 0.852941
2831 0.926471
2832 0.642857
2833 0.669492
2834 0.762712
2835 0.855932
2836 0.700000
2837 0.686037
2838 0.755814
2839 0.825583
2840 0.800000
2841 0.726744
2842 0.796513
2843 0.866279
2844 0.900000
2845 0.767444
2846 0.837209
2847 0.906977
2848 0.821429
2849 0.694915
2850 0.788136
2851 0.881356
2852 0.750000
2853 0.697674
2854 0.767444
2855 0.837209
2856 0.850000
2857 0.738374
2858 0.808140
2859 0.877907
2860 0.950000
2861 0.779070
2862 0.848837
2863 0.918605
2864 1.000000
2865 0.720339
2866 0.813559
2867 0.906780
2868 0.800000
2869 0.709304
2870 0.779070
2871 0.848837
2872 0.900000
2873 0.750000
2874 0.819767
2875 0.889535
2876 1.000000
2877 0.790698
2878 0.860465
2879 0.930233
2880 0.500000
2881 0.678571
2882 0.785714
2883 0.892857
2884 0.714286
2885 0.703488
2886 0.779070
2887 0.854615
2888 0.842857
2889 0.750000
2890 0.825542
2891 0.901163
2892 0.971429
2893 0.796469
2894 0.872093
2895 0.947688
2896 0.600000
2897 0.675676
2898 0.770270
2899 0.864865
2900 0.700000
2901 0.700000
2902 0.771429
2903 0.842840
2904 0.800000
2905 0.742857
2906 0.814268
2907 0.885714
2908 0.900000
2909 0.785695
2910 0.857143
2911 0.928578
2912 0.750000
2913 0.702703
2914 0.797297
2915 0.891892
2916 0.750000
2917 0.714286
2918 0.785695
2919 0.857143
2920 0.850000
2921 0.757122
2922 0.828571
2923 0.900007
2924 0.950000
2925 0.800000
2926 0.871436
2927 0.942857
2928 0.900000
2929 0.729730
2930 0.824324
2931 0.918919
2932 0.800000
2933 0.728548
2934 0.800000
2935 0.871436
2936 0.900000
2937 0.771429
2938 0.842865
2939 0.914286
2940 1.000000
2941 0.814294
2942 0.885714
2943 0.957143
2944 0.750000
2945 0.678571
2946 0.785714
2947 0.892857
2948 0.728571
2949 0.691860
2950 0.767396
2951 0.843023
2952 0.857143
2953 0.738322
2954 0.813953
2955 0.889550
2956 0.985714
2957 0.784884
2958 0.860481
2959 0.936047
2960 0.650000
2961 0.668919
2962 0.763514
2963 0.858108
2964 0.700000
2965 0.685714
2966 0.757122
2967 0.828571
2968 0.800000
2969 0.728548
2970 0.800000
2971 0.871436
2972 0.900000
2973 0.771429
2974 0.842865
2975 0.914286
2976 0.800000
2977 0.695946
2978 0.790541
2979 0.885135
2980 0.750000
2981 0.699975
2982 0.771429
2983 0.842865
2984 0.850000
2985 0.742857
2986 0.814294
2987 0.885714
2988 0.950000
2989 0.785722
2990 0.857143
2991 0.928571
2992 0.950000
2993 0.722973
2994 0.817568
2995 0.912162
2996 0.800000
2997 0.714286
2998 0.785722
2999 0.857143
3000 0.900000
3001 0.757151
3002 0.828571
3003 0.900000
3004 1.000000
3005 0.800000
3006 0.871429
3007 0.942857
3008 1.000000
3009 0.678571
3010 0.785714
3011 0.892857
3012 0.742857
3013 0.680173
3014 0.755814
3015 0.831412
3016 0.871429
3017 0.726744
3018 0.802343
3019 0.877907
3020 1.000000
3021 0.773274
3022 0.848837
3023 0.924419
3024 0.700000
3025 0.662162
3026 0.756757
3027 0.851351
3028 0.700000
3029 0.671401
3030 0.742857
3031 0.814294
3032 0.800000
3033 0.714286
3034 0.785722
3035 0.857143
3036 0.900000
3037 0.757151
3038 0.828571
3039 0.900000
3040 0.850000
3041 0.689189
3042 0.783784
3043 0.878378
3044 0.750000
3045 0.685714
3046 0.757151
3047 0.828571
3048 0.850000
3049 0.728580
3050 0.800000
3051 0.871429
3052 0.950000
3053 0.771429
3054 0.842857
3055 0.914286
3056 1.000000
3057 0.716216
3058 0.810811
3059 0.905405
3060 0.800000
3061 0.700010
3062 0.771429
3063 0.842857
3064 0.900000
3065 0.742857
3066 0.814286
3067 0.885714
3068 1.000000
3069 0.785714
3070 0.857143
3071 0.928571
3072 0
3073 0.600000
3074 0.700000
3075 0.800000
3076 0.625000
3077 0.607143
3078 0.678571
3079 0.750000
3080 0.750000
3081 0.642857
3082 0.714286
3083 0.785714
3084 0.875000
3085 0.678571
3086 0.750000
3087 0.821429
3088 0.500000
3089 0.592105
3090 0.684211
3091 0.776316
3092 0.596154
3093 0.607143
3094 0.678571
3095 0.750000
3096 0.692308
3097 0.642857
3098 0.714286
3099 0.785714
3100 0.788462
3101 0.678571
3102 0.750000
3103 0.821429
3104 0.666667
3105 0.605264
3106 0.697368
3107 0.789474
3108 0.634615
3109 0.607143
3110 0.678571
3111 0.750000
3112 0.730769
3113 0.642857
3114 0.714286
3115 0.785714
3116 0.826923
3117 0.678571
3118 0.750000
3119 0.821429
3120 0.833333
3121 0.618421
3122 0.710526
3123 0.802632
3124 0.673077
3125 0.607143
3126 0.678571
3127 0.750000
3128 0.769231
3129 0.642857
3130 0.714286
3131 0.785714
3132 0.865385
3133 0.678571
3134 0.750000
3135 0.821429
3136 0.250000
3137 0.618421
3138 0.723684
3139 0.828947
3140 0.625000
3141 0.644068
3142 0.720339
3143 0.796612
3144 0.750000
3145 0.686441
3146 0.762714
3147 0.838983
3148 0.875000
3149 0.728817
3150 0.805085
3151 0.881356
3152 0.464286
3153 0.615385
3154 0.711478
3155 0.807692
3156 0.614286
3157 0.641892
3158 0.716216
3159 0.790541
3160 0.714286
3161 0.682432
3162 0.756758
3163 0.831081
3164 0.814286
3165 0.722974
3166 0.797297
3167 0.871622
3168 0.607143
3169 0.634615
3170 0.730769
3171 0.826935
3172 0.657143
3173 0.648649
3174 0.722974
3175 0.797297
3176 0.757143
3177 0.689191
3178 0.763514
3179 0.837838
3180 0.857143
3181 0.729730
3182 0.804054
3183 0.878378
3184 0.750000
3185 0.653846
3186 0.750000
3187 0.846154
3188 0.700000
3189 0.655408
3190 0.729730
3191 0.804054
3192 0.800000
3193 0.695946
3194 0.770270
3195 0.844595
3196 0.900000
3197 0.736486
3198 0.810811
3199 0.885135
3200 0.500000
3201 0.605263
3202 0.710526
3203 0.815789
3204 0.625000
3205 0.618644
3206 0.694915
3207 0.771186
3208 0.750000
3209 0.661017
3210 0.737288
3211 0.813559
3212 0.875000
3213 0.703390
3214 0.779661
3215 0.855932
3216 0.500000
3217 0.596154
3218 0.692308
3219 0.788462
3220 0.600000
3221 0.614865
3222 0.689191
3223 0.763514
3224 0.700000
3225 0.655408
3226 0.729730
3227 0.804054
3228 0.800000
3229 0.695946
3230 0.770270
3231 0.844595
3232 0.642857
3233 0.615385
3234 0.711538
3235 0.807692
3236 0.642857
3237 0.621624
3238 0.695946
3239 0.770270
3240 0.742857
3241 0.662162
3242 0.736486
3243 0.810811
3244 0.842857
3245 0.702703
3246 0.777027
3247 0.851351
3248 0.785714
3249 0.634615
3250 0.730769
3251 0.826923
3252 0.685714
3253 0.628378
3254 0.702703
3255 0.777027
3256 0.785714
3257 0.668919
3258 0.743243
3259 0.817568
3260 0.885714
3261 0.709459
3262 0.783784
3263 0.858108
3264 0.750000
3265 0.592105
3266 0.697368
3267 0.802632
3268 0.625000
3269 0.593220
3270 0.669492
3271 0.745763
3272 0.750000
3273 0.635593
3274 0.711864
3275 0.788136
3276 0.875000
3277 0.677966
3278 0.754237
3279 0.830508
3280 0.535714
3281 0.576923
3282 0.673077
3283 0.769231
3284 0.585714
3285 0.587841
3286 0.662162
3287 0.736486
3288 0.685714
3289 0.628378
3290 0.702703
3291 0.777027
3292 0.785714
3293 0.668919
3294 0.743243
3295 0.817568
3296 0.678571
3297 0.596154
3298 0.692308
3299 0.788462
3300 0.628571
3301 0.594595
3302 0.668919
3303 0.743243
3304 0.728571
3305 0.635135
3306 0.709459
3307 0.783784
3308 0.828571
3309 0.675676
3310 0.750000
3311 0.824324
3312 0.821429
3313 0.615385
3314 0.711538
3315 0.807692
3316 0.671429
3317 0.601351
3318 0.675676
3319 0.750000
3320 0.771429
3321 0.641892
3322 0.716216
3323 0.790541
3324 0.871429
3325 0.682432
3326 0.756757
3327 0.831081
3328 -0.500000
3329 0.678571
3330 0.785714
3331 0.892857
3332 0.711538
3333 0.705882
3334 0.779395
3335 0.852941
3336 0.846154
3337 0.749982
3338 0.823529
3339 0.897063
3340 0.980769
3341 0.794118
3342 0.867651
3343 0.941176
3344 0.571429
3345 0.677966
3346 0.771186
3347 0.864407
3348 0.700000
3349 0.703488
3350 0.773249
3351 0.843023
3352 0.800000
3353 0.744179
3354 0.813953
3355 0.883722
3356 0.900000
3357 0.784884
3358 0.854653
3359 0.924419
3360 0.750000
3361 0.703390
3362 0.796610
3363 0.889831
3364 0.750000
3365 0.715108
3366 0.784884
3367 0.854653
3368 0.850000
3369 0.755814
3370 0.825583
3371 0.895349
3372 0.950000
3373 0.796513
3374 0.866279
3375 0.936047
3376 0.928571
3377 0.728814
3378 0.822034
3379 0.915254
3380 0.800000
3381 0.726744
3382 0.796513
3383 0.866279
3384 0.900000
3385 0.767444
3386 0.837209
3387 0.906977
3388 1.000000
3389 0.808140
3390 0.877907
3391 0.947674
3392 0.250000
3393 0.678571
3394 0.785714
3395 0.892857
3396 0.700000
3397 0.715116
3398 0.790698
3399 0.866279
3400 0.828571
3401 0.761628
3402 0.837209
3403 0.912760
3404 0.957143
3405 0.808140
3406 0.883687
3407 0.959302
3408 0.550000
3409 0.682432
3410 0.777027
3411 0.871622
3412 0.700000
3413 0.714286
3414 0.785714
3415 0.857143
3416 0.800000
3417 0.757143
3418 0.828571
3419 0.899986
3420 0.900000
3421 0.800000
3422 0.871413
3423 0.942857
3424 0.700000
3425 0.709459
3426 0.804054
3427 0.898649
3428 0.750000
3429 0.728571
3430 0.800000
3431 0.871413
3432 0.850000
3433 0.771429
3434 0.842840
3435 0.914286
3436 0.950000
3437 0.814268
3438 0.885714
3439 0.957149
3440 0.850000
3441 0.736486
3442 0.831081
3443 0.925676
3444 0.800000
3445 0.742857
3446 0.814268
3447 0.885714
3448 0.900000
3449 0.785695
3450 0.857143
3451 0.928578
3452 1.000000
3453 0.828571
3454 0.900007
3455 0.971429
3456 0.500000
3457 0.678571
3458 0.785714
3459 0.892857
3460 0.714286
3461 0.703488
3462 0.779070
3463 0.854615
3464 0.842857
3465 0.750000
3466 0.825542
3467 0.901163
3468 0.971429
3469 0.796469
3470 0.872093
3471 0.947688
3472 0.600000
3473 0.675676
3474 0.770270
3475 0.864865
3476 0.700000
3477 0.700000
3478 0.771429
3479 0.842840
3480 0.800000
3481 0.742857
3482 0.814268
3483 0.885714
3484 0.900000
3485 0.785695
3486 0.857143
3487 0.928578
3488 0.750000
3489 0.702703
3490 0.797297
3491 0.891892
3492 0.750000
3493 0.714286
3494 0.785695
3495 0.857143
3496 0.850000
3497 0.757122
3498 0.828571
3499 0.900007
3500 0.950000
3501 0.800000
3502 0.871436
3503 0.942857
3504 0.900000
3505 0.729730
3506 0.824324
3507 0.918919
3508 0.800000
3509 0.728548
3510 0.800000
3511 0.871436
3512 0.900000
3513 0.771429
3514 0.842865
3515 0.914286
3516 1.000000
3517 0.814294
3518 0.885714
3519 0.957143
3520 0.750000
3521 0.678571
3522 0.785714
3523 0.892857
3524 0.728571
3525 0.691860
3526 0.767396
3527 0.843023
3528 0.857143
3529 0.738322
3530 0.813953
3531 0.889550
3532 0.985714
3533 0.784884
3534 0.860481
3535 0.936047
3536 0.650000
3537 0.668919
3538 0.763514
3539 0.858108
3540 0.700000
3541 0.685714
3542 0.757122
3543 0.828571
3544 0.800000
3545 0.728548
3546 0.800000
3547 0.871436
3548 0.900000
3549 0.771429
3550 0.842865
3551 0.914286
3552 0.800000
3553 0.695946
3554 0.790541
3555 0.885135
3556 0.750000
3557 0.699975
3558 0.771429
3559 0.842865
3560 0.850000
3561 0.742857
3562 0.814294
3563 0.885714
3564 0.950000
3565 0.785722
3566 0.857143
3567 0.928571
3568 0.950000
3569 0.722973
3570 0.817568
3571 0.912162
3572 0.800000
3573 0.714286
3574 0.785722
3575 0.857143
3576 0.900000
3577 0.757151
3578 0.828571
3579 0.900000
3580 1.000000
3581 0.800000
3582 0.871429
3583 0.942857
3584 0.000000
3585 0.642857
3586 0.750000
3587 0.857143
3588 0.673077
3589 0.661740
3590 0.735294
3591 0.808828
3592 0.807692
3593 0.705882
3594 0.779416
3595 0.852941
3596 0.942308
3597 0.750005
3598 0.823529
3599 0.897059
3600 0.535714
3601 0.635593
3602 0.728814
3603 0.822034
3604 0.650000
3605 0.656967
3606 0.726744
3607 0.796513
3608 0.750000
3609 0.697674
3610 0.767444
3611 0.837209
3612 0.850000
3613 0.738374
3614 0.808140
3615 0.877907
3616 0.714286
3617 0.661017
3618 0.754237
3619 0.847458
3620 0.700000
3621 0.668605
3622 0.738374
3623 0.808140
3624 0.800000
3625 0.709304
3626 0.779070
3627 0.848837
3628 0.900000
3629 0.750000
3630 0.819767
3631 0.889535
3632 0.892857
3633 0.686441
3634 0.779661
3635 0.872881
3636 0.750000
3637 0.680234
3638 0.750000
3639 0.819767
3640 0.850000
3641 0.720930
3642 0.790698
3643 0.860465
3644 0.950000
3645 0.761628
3646 0.831395
3647 0.901163
3648 0.250000
3649 0.642857
3650 0.750000
3651 0.857143
3652 0.657143
3653 0.674419
3654 0.750000
3655 0.825542
3656 0.785714
3657 0.720930
3658 0.796469
3659 0.872093
3660 0.914286
3661 0.767396
3662 0.843023
3663 0.918619
3664 0.500000
3665 0.641892
3666 0.736486
3667 0.831081
3668 0.650000
3669 0.671429
3670 0.742857
3671 0.814268
3672 0.750000
3673 0.714286
3674 0.785695
3675 0.857143
3676 0.850000
3677 0.757122
3678 0.828571
3679 0.900007
3680 0.650000
3681 0.668919
3682 0.763514
3683 0.858108
3684 0.700000
3685 0.685714
3686 0.757122
3687 0.828571
3688 0.800000
3689 0.728548
3690 0.800000
3691 0.871436
3692 0.900000
3693 0.771429
3694 0.842865
3695 0.914286
3696 0.800000
3697 0.695946
3698 0.790541
3699 0.885135
3700 0.750000
3701 0.699975
3702 0.771429
3703 0.842865
3704 0.850000
3705 0.742857
3706 0.814294
3707 0.885714
3708 0.950000
3709 0.785722
3710 0.857143
3711 0.928571
3712 0.500000
3713 0.642857
3714 0.750000
3715 0.857143
3716 0.671429
3717 0.662791
3718 0.738322
3719 0.813953
3720 0.800000
3721 0.709248
3722 0.784884
3723 0.860481
3724 0.928571
3725 0.755814
3726 0.831412
3727 0.906977
3728 0.550000
3729 0.635135
3730 0.729730
3731 0.824324
3732 0.650000
3733 0.657143
3734 0.728548
3735 0.800000
3736 0.750000
3737 0.699975
3738 0.771429
3739 0.842865
3740 0.850000
3741 0.742857
3742 0.814294
3743 0.885714
3744 0.700000
3745 0.662162
3746 0.756757
3747 0.851351
3748 0.700000
3749 0.671401
3750 0.742857
3751 0.814294
3752 0.800000
3753 0.714286
3754 0.785722
3755 0.857143
3756 0.900000
3757 0.757151
3758 0.828571
3759 0.900000
3760 0.850000
3761 0.689189
3762 0.783784
3763 0.878378
3764 0.750000
3765 0.685714
3766 0.757151
3767 0.828571
3768 0.850000
3769 0.728580
3770 0.800000
3771 0.871429
3772 0.950000
3773 0.771429
3774 0.842857
3775 0.914286
3776 0.750000
3777 0.642857
3778 0.750000
3779 0.857143
3780 0.685714
3781 0.651097
3782 0.726744
3783 0.802343
3784 0.814286
3785 0.697674
3786 0.773274
3787 0.848837
3788 0.942857
3789 0.744186
3790 0.819767
3791 0.895349
3792 0.600000
3793 0.628378
3794 0.722973
3795 0.817568
3796 0.650000
3797 0.642826
3798 0.714286
3799 0.785722
3800 0.750000
3801 0.685714
3802 0.757151
3803 0.828571
3804 0.850000
3805 0.728580
3806 0.800000
3807 0.871429
3808 0.750000
3809 0.655405
3810 0.750000
3811 0.844595
3812 0.700000
3813 0.657143
3814 0.728580
3815 0.800000
3816 0.800000
3817 0.700010
3818 0.771429
3819 0.842857
3820 0.900000
3821 0.742857
3822 0.814286
3823 0.885714
3824 0.900000
3825 0.682432
3826 0.777027
3827 0.871622
3828 0.750000
3829 0.671439
3830 0.742857
3831 0.814286
3832 0.850000
3833 0.714286
3834 0.785714
3835 0.857143
3836 0.950000
3837 0.757143
3838 0.828571
3839 0.900000
3840 0.500000
3841 0.607143
3842 0.714286
3843 0.821429
3844 0.634615
3845 0.617647
3846 0.691181
3847 0.764706
3848 0.769231
3849 0.661770
3850 0.735294
3851 0.808824
3852 0.903846
3853 0.705882
3854 0.779412
3855 0.852941
3856 0.500000
3857 0.593220
3858 0.686441
3859 0.779661
3860 0.600000
3861 0.610465
3862 0.680234
3863 0.750000
3864 0.700000
3865 0.651165
3866 0.720930
3867 0.790698
3868 0.800000
3869 0.691860
3870 0.761628
3871 0.831395
3872 0.678571
3873 0.618644
3874 0.711864
3875 0.805085
3876 0.650000
3877 0.622095
3878 0.691860
3879 0.761628
3880 0.750000
3881 0.662791
3882 0.732558
3883 0.802326
3884 0.850000
3885 0.703488
3886 0.773256
3887 0.843023
3888 0.857143
3889 0.644068
3890 0.737288
3891 0.830508
3892 0.700000
3893 0.633721
3894 0.703488
3895 0.773256
3896 0.800000
3897 0.674419
3898 0.744186
3899 0.813953
3900 0.900000
3901 0.715116
3902 0.784884
3903 0.854651
3904 0.250000
3905 0.607143
3906 0.714286
3907 0.821429
3908 0.614286
3909 0.633721
3910 0.709248
3911 0.784884
3912 0.742857
3913 0.680173
3914 0.755814
3915 0.831412
3916 0.871429
3917 0.726744
3918 0.802343
3919 0.877907
3920 0.450000
3921 0.601351
3922 0.695946
3923 0.790541
3924 0.600000
3925 0.628571
3926 0.699975
3927 0.771429
3928 0.700000
3929 0.671401
3930 0.742857
3931 0.814294
3932 0.800000
3933 0.714286
3934 0.785722
3935 0.857143
3936 0.600000
3937 0.628378
3938 0.722973
3939 0.817568
3940 0.650000
3941 0.642826
3942 0.714286
3943 0.785722
3944 0.750000
3945 0.685714
3946 0.757151
3947 0.828571
3948 0.850000
3949 0.728580
3950 0.800000
3951 0.871429
3952 0.750000
3953 0.655405
3954 0.750000
3955 0.844595
3956 0.700000
3957 0.657143
3958 0.728580
3959 0.800000
3960 0.800000
3961 0.700010
3962 0.771429
3963 0.842857
3964 0.900000
3965 0.742857
3966 0.814286
3967 0.885714
3968 0.500000
3969 0.607143
3970 0.714286
3971 0.821429
3972 0.628571
3973 0.622093
3974 0.697674
3975 0.773274
3976 0.757143
3977 0.668605
3978 0.744186
3979 0.819767
3980 0.885714
3981 0.715116
3982 0.790698
3983 0.866279
3984 0.500000
3985 0.594595
3986 0.689189
3987 0.783784
3988 0.600000
3989 0.614252
3990 0.685714
3991 0.757151
3992 0.700000
3993 0.657143
3994 0.728580
3995 0.800000
3996 0.800000
3997 0.700010
3998 0.771429
3999 0.842857
4000 0.650000
4001 0.621622
4002 0.716216
4003 0.810811
4004 0.650000
4005 0.628571
4006 0.700010
4007 0.771429
4008 0.750000
4009 0.671439
4010 0.742857
4011 0.814286
4012 0.850000
4013 0.714286
4014 0.785714
4015 0.857143
4016 0.800000
4017 0.648649
4018 0.743243
4019 0.837838
4020 0.700000
4021 0.642868
4022 0.714286
4023 0.785714
4024 0.800000
4025 0.685714
4026 0.757143
4027 0.828571
4028 0.900000
4029 0.728571
4030 0.800000
4031 0.871429
4032 0.750000
4033 0.607143
4034 0.714286
4035 0.821429
4036 0.642857
4037 0.610465
4038 0.686047
4039 0.761628
4040 0.771429
4041 0.656977
4042 0.732558
4043 0.808140
4044 0.900000
4045 0.703488
4046 0.779070
4047 0.854651
4048 0.550000
4049 0.587838
4050 0.682432
4051 0.777027
4052 0.600000
4053 0.600000
4054 0.671439
4055 0.742857
4056 0.700000
4057 0.642868
4058 0.714286
4059 0.785714
4060 0.800000
4061 0.685714
4062 0.757143
4063 0.828571
4064 0.700000
4065 0.614865
4066 0.709459
4067 0.804054
4068 0.650000
4069 0.614297
4070 0.685714
4071 0.757143
4072 0.750000
4073 0.657143
4074 0.728571
4075 0.800000
4076 0.850000
4077 0.700000
4078 0.771429
4079 0.842857
4080 0.850000
4081 0.641892
4082 0.736486
4083 0.831081
4084 0.700000
4085 0.628571
4086 0.700000
4087 0.771429
4088 0.800000
4089 0.671429
4090 0.742857
4091 0.814286
4092 0.900000
4093 0.714286
4094 0.785714
4095 0.857143
