#CSC Position Offset LUT
#Structure is comparator code (iCC) -> Stub position offset
#iCC bits: 12
#<header> v1.0 12 32 </header>
0 0
1 0
2 0
3 0
4 0
5 0.500000
6 -0.000000
7 -0.500000
8 0
9 1.500000
10 1.000000
11 0.500000
12 0
13 2.500000
14 2.000000
15 1.500000
16 0
17 -0.000000
18 -0.000000
19 0.000000
20 0.000000
21 0.083333
22 -0.000000
23 -0.083333
24 -0.000000
25 0.250000
26 0.166667
27 0.083333
28 -0.000000
29 0.416667
30 0.333333
31 0.250000
32 0
33 0.500000
34 0.500000
35 0.500000
36 0.500000
37 0.500000
38 0.416667
39 0.333333
40 0.500000
41 0.666667
42 0.583333
43 0.500000
44 0.500000
45 0.833333
46 0.750000
47 0.666667
48 0
49 1.000000
50 1.000000
51 1.000000
52 1.000000
53 0.916667
54 0.833333
55 0.750000
56 1.000000
57 1.083330
58 1.000000
59 0.916667
60 1.000000
61 1.250000
62 1.166670
63 1.083330
64 0
65 -0.166667
66 -0.000000
67 0.166667
68 0.000000
69 -0.071429
70 -0.000000
71 0.071429
72 0.250000
73 0.071429
74 0.142857
75 0.214286
76 0.500000
77 0.214286
78 0.285714
79 0.357143
80 -0.000000
81 -0.107143
82 -0.000000
83 0.107143
84 0.000000
85 -0.050000
86 -0.000000
87 0.050000
88 0.166667
89 0.050000
90 0.100000
91 0.150000
92 0.333333
93 0.150000
94 0.200000
95 0.250000
96 0.500000
97 0.071429
98 0.178571
99 0.285714
100 0.166667
101 0.100000
102 0.150000
103 0.200000
104 0.333333
105 0.200000
106 0.250000
107 0.300000
108 0.500000
109 0.300000
110 0.350000
111 0.400000
112 1.000000
113 0.250000
114 0.357143
115 0.464286
116 0.333333
117 0.250000
118 0.300000
119 0.350000
120 0.500000
121 0.350000
122 0.400000
123 0.450000
124 0.666667
125 0.450000
126 0.500000
127 0.550000
128 0
129 0.166667
130 0.333333
131 0.500000
132 0.250000
133 0.214286
134 0.285714
135 0.357143
136 0.500000
137 0.357143
138 0.428571
139 0.500000
140 0.750000
141 0.500000
142 0.571429
143 0.642857
144 -0.000000
145 0.107143
146 0.214286
147 0.321429
148 0.166667
149 0.150000
150 0.200000
151 0.250000
152 0.333333
153 0.250000
154 0.300000
155 0.350000
156 0.500000
157 0.350000
158 0.400000
159 0.450000
160 0.500000
161 0.285714
162 0.392857
163 0.500000
164 0.333333
165 0.300000
166 0.350000
167 0.400000
168 0.500000
169 0.400000
170 0.450000
171 0.500000
172 0.666667
173 0.500000
174 0.550000
175 0.600000
176 1.000000
177 0.464286
178 0.571429
179 0.678571
180 0.500000
181 0.450000
182 0.500000
183 0.550000
184 0.666667
185 0.550000
186 0.600000
187 0.650000
188 0.833333
189 0.650000
190 0.700000
191 0.750000
192 0
193 0.500000
194 0.666667
195 0.833333
196 0.500000
197 0.500000
198 0.571429
199 0.642857
200 0.750000
201 0.642857
202 0.714286
203 0.785714
204 1.000000
205 0.785714
206 0.857143
207 0.928571
208 0.000000
209 0.321429
210 0.428571
211 0.535714
212 0.333333
213 0.350000
214 0.400000
215 0.450000
216 0.500000
217 0.450000
218 0.500000
219 0.550000
220 0.666667
221 0.550000
222 0.600000
223 0.650000
224 0.500000
225 0.500000
226 0.607143
227 0.714286
228 0.500000
229 0.500000
230 0.550000
231 0.600000
232 0.666667
233 0.600000
234 0.650000
235 0.700000
236 0.833333
237 0.700000
238 0.750000
239 0.800000
240 1.000000
241 0.678571
242 0.785714
243 0.892857
244 0.666667
245 0.650000
246 0.700000
247 0.750000
248 0.833333
249 0.750000
250 0.800000
251 0.850000
252 1.000000
253 0.850000
254 0.900000
255 0.950000
256 0
257 -0.250000
258 0.000000
259 0.250000
260 0.000000
261 -0.134610
262 0.000000
263 0.134615
264 0.333333
265 0.019231
266 0.153846
267 0.288462
268 0.666667
269 0.173077
270 0.307692
271 0.442308
272 0.000000
273 -0.166667
274 0.000000
275 0.166667
276 0.000000
277 -0.099999
278 -0.000000
279 0.100000
280 0.214286
281 0.014286
282 0.114286
283 0.214286
284 0.428571
285 0.128571
286 0.228571
287 0.328571
288 0.500000
289 0.000000
290 0.166667
291 0.333333
292 0.178571
293 0.028571
294 0.128571
295 0.228571
296 0.392857
297 0.142857
298 0.242857
299 0.342857
300 0.607143
301 0.257143
302 0.357143
303 0.457143
304 1.000000
305 0.166667
306 0.333333
307 0.500000
308 0.357143
309 0.157143
310 0.257143
311 0.357143
312 0.571429
313 0.271429
314 0.371429
315 0.471429
316 0.785714
317 0.385714
318 0.485714
319 0.585714
320 0.000000
321 -0.211538
322 -0.000000
323 0.211536
324 -0.000000
325 -0.125000
326 0.000000
327 0.125000
328 0.285714
329 -0.000000
330 0.125000
331 0.250000
332 0.571429
333 0.125000
334 0.250000
335 0.375000
336 0.000000
337 -0.157143
338 -0.000000
339 0.157142
340 0.000000
341 -0.100000
342 -0.000000
343 0.100000
344 0.200000
345 0.000000
346 0.100000
347 0.200000
348 0.400000
349 0.100000
350 0.200000
351 0.300000
352 0.416667
353 -0.028571
354 0.128571
355 0.285714
356 0.150000
357 0.000000
358 0.100000
359 0.200000
360 0.350000
361 0.100000
362 0.200000
363 0.300000
364 0.550000
365 0.200000
366 0.300000
367 0.400000
368 0.833333
369 0.099999
370 0.257143
371 0.414286
372 0.300000
373 0.100000
374 0.200000
375 0.300000
376 0.500000
377 0.200000
378 0.300000
379 0.400000
380 0.700000
381 0.300000
382 0.400000
383 0.500000
384 1.000000
385 -0.057692
386 0.153842
387 0.365385
388 0.142857
389 0.000000
390 0.125000
391 0.250000
392 0.428571
393 0.125000
394 0.250000
395 0.375000
396 0.714286
397 0.250000
398 0.375000
399 0.500000
400 0.166667
401 -0.042857
402 0.114285
403 0.271429
404 0.100000
405 0.000000
406 0.100000
407 0.200000
408 0.300000
409 0.100000
410 0.200000
411 0.300000
412 0.500000
413 0.200000
414 0.300000
415 0.400000
416 0.583333
417 0.085713
418 0.242857
419 0.400000
420 0.250000
421 0.100000
422 0.200000
423 0.300000
424 0.450000
425 0.200000
426 0.300000
427 0.400000
428 0.650000
429 0.300000
430 0.400000
431 0.500000
432 1.000000
433 0.214286
434 0.371429
435 0.528571
436 0.400000
437 0.200000
438 0.300000
439 0.400000
440 0.600000
441 0.300000
442 0.400000
443 0.500000
444 0.800000
445 0.400000
446 0.500000
447 0.600000
448 2.000000
449 0.096145
450 0.307692
451 0.519230
452 0.285714
453 0.125000
454 0.250000
455 0.375000
456 0.571429
457 0.250000
458 0.375000
459 0.500000
460 0.857143
461 0.375000
462 0.500000
463 0.625000
464 0.333333
465 0.071427
466 0.228571
467 0.385714
468 0.200000
469 0.100000
470 0.200000
471 0.300000
472 0.400000
473 0.200000
474 0.300000
475 0.400000
476 0.600000
477 0.300000
478 0.400000
479 0.500000
480 0.750000
481 0.200000
482 0.357143
483 0.514286
484 0.350000
485 0.200000
486 0.300000
487 0.400000
488 0.550000
489 0.300000
490 0.400000
491 0.500000
492 0.750000
493 0.400000
494 0.500000
495 0.600000
496 1.166670
497 0.328571
498 0.485714
499 0.642857
500 0.500000
501 0.300000
502 0.400000
503 0.500000
504 0.700000
505 0.400000
506 0.500000
507 0.600000
508 0.900000
509 0.500000
510 0.600000
511 0.700000
512 0
513 0.000000
514 0.250000
515 0.500000
516 0.166667
517 0.076923
518 0.211538
519 0.346154
520 0.500000
521 0.230769
522 0.365385
523 0.500000
524 0.833333
525 0.384615
526 0.519231
527 0.653846
528 0.000000
529 0.000000
530 0.166667
531 0.333333
532 0.107143
533 0.057143
534 0.157143
535 0.257143
536 0.321429
537 0.171429
538 0.271429
539 0.371429
540 0.535714
541 0.285714
542 0.385714
543 0.485714
544 0.500000
545 0.166667
546 0.333333
547 0.500000
548 0.285714
549 0.185714
550 0.285714
551 0.385714
552 0.500000
553 0.300000
554 0.400000
555 0.500000
556 0.714286
557 0.414286
558 0.514286
559 0.614286
560 1.000000
561 0.333333
562 0.500000
563 0.666667
564 0.464286
565 0.314286
566 0.414286
567 0.514286
568 0.678571
569 0.428571
570 0.528571
571 0.628571
572 0.892857
573 0.542857
574 0.642857
575 0.742857
576 -0.500000
577 -0.076923
578 0.134610
579 0.346154
580 0.071429
581 0.000000
582 0.125000
583 0.250000
584 0.357143
585 0.125000
586 0.250000
587 0.375000
588 0.642857
589 0.250000
590 0.375000
591 0.500000
592 -0.083333
593 -0.057143
594 0.099999
595 0.257143
596 0.050000
597 -0.000000
598 0.100000
599 0.200000
600 0.250000
601 0.100000
602 0.200000
603 0.300000
604 0.450000
605 0.200000
606 0.300000
607 0.400000
608 0.333333
609 0.071427
610 0.228571
611 0.385714
612 0.200000
613 0.100000
614 0.200000
615 0.300000
616 0.400000
617 0.200000
618 0.300000
619 0.400000
620 0.600000
621 0.300000
622 0.400000
623 0.500000
624 0.750000
625 0.200000
626 0.357143
627 0.514286
628 0.350000
629 0.200000
630 0.300000
631 0.400000
632 0.550000
633 0.300000
634 0.400000
635 0.500000
636 0.750000
637 0.400000
638 0.500000
639 0.600000
640 0.500000
641 0.076912
642 0.288462
643 0.500000
644 0.214286
645 0.125000
646 0.250000
647 0.375000
648 0.500000
649 0.250000
650 0.375000
651 0.500000
652 0.785714
653 0.375000
654 0.500000
655 0.625000
656 0.083333
657 0.057140
658 0.214286
659 0.371429
660 0.150000
661 0.100000
662 0.200000
663 0.300000
664 0.350000
665 0.200000
666 0.300000
667 0.400000
668 0.550000
669 0.300000
670 0.400000
671 0.500000
672 0.500000
673 0.185714
674 0.342857
675 0.500000
676 0.300000
677 0.200000
678 0.300000
679 0.400000
680 0.500000
681 0.300000
682 0.400000
683 0.500000
684 0.700000
685 0.400000
686 0.500000
687 0.600000
688 0.916667
689 0.314286
690 0.471429
691 0.628571
692 0.450000
693 0.300000
694 0.400000
695 0.500000
696 0.650000
697 0.400000
698 0.500000
699 0.600000
700 0.850000
701 0.500000
702 0.600000
703 0.700000
704 1.500000
705 0.230769
706 0.442308
707 0.653846
708 0.357143
709 0.250000
710 0.375000
711 0.500000
712 0.642857
713 0.375000
714 0.500000
715 0.625000
716 0.928571
717 0.500000
718 0.625000
719 0.750000
720 0.250000
721 0.171429
722 0.328571
723 0.485714
724 0.250000
725 0.200000
726 0.300000
727 0.400000
728 0.450000
729 0.300000
730 0.400000
731 0.500000
732 0.650000
733 0.400000
734 0.500000
735 0.600000
736 0.666667
737 0.300000
738 0.457143
739 0.614286
740 0.400000
741 0.300000
742 0.400000
743 0.500000
744 0.600000
745 0.400000
746 0.500000
747 0.600000
748 0.800000
749 0.500000
750 0.600000
751 0.700000
752 1.083330
753 0.428571
754 0.585714
755 0.742857
756 0.550000
757 0.400000
758 0.500000
759 0.600000
760 0.750000
761 0.500000
762 0.600000
763 0.700000
764 0.950000
765 0.600000
766 0.700000
767 0.800000
768 0
769 0.250000
770 0.500000
771 0.750000
772 0.333333
773 0.288462
774 0.423077
775 0.557692
776 0.666667
777 0.442308
778 0.576923
779 0.711538
780 1.000000
781 0.596154
782 0.730769
783 0.865385
784 0.000000
785 0.166667
786 0.333333
787 0.500000
788 0.214286
789 0.214286
790 0.314286
791 0.414286
792 0.428571
793 0.328571
794 0.428571
795 0.528571
796 0.642857
797 0.442857
798 0.542857
799 0.642857
800 0.500000
801 0.333333
802 0.500000
803 0.666667
804 0.392857
805 0.342857
806 0.442857
807 0.542857
808 0.607143
809 0.457143
810 0.557143
811 0.657143
812 0.821429
813 0.571429
814 0.671429
815 0.771429
816 1.000000
817 0.500000
818 0.666667
819 0.833333
820 0.571429
821 0.471429
822 0.571429
823 0.671429
824 0.785714
825 0.585714
826 0.685714
827 0.785714
828 1.000000
829 0.700000
830 0.800000
831 0.900000
832 -1.000000
833 0.057692
834 0.269231
835 0.480769
836 0.142857
837 0.125000
838 0.250000
839 0.375000
840 0.428571
841 0.250000
842 0.375000
843 0.500000
844 0.714286
845 0.375000
846 0.500000
847 0.625000
848 -0.166667
849 0.042854
850 0.200000
851 0.357143
852 0.100000
853 0.100000
854 0.200000
855 0.300000
856 0.300000
857 0.200000
858 0.300000
859 0.400000
860 0.500000
861 0.300000
862 0.400000
863 0.500000
864 0.250000
865 0.171429
866 0.328571
867 0.485714
868 0.250000
869 0.200000
870 0.300000
871 0.400000
872 0.450000
873 0.300000
874 0.400000
875 0.500000
876 0.650000
877 0.400000
878 0.500000
879 0.600000
880 0.666667
881 0.300000
882 0.457143
883 0.614286
884 0.400000
885 0.300000
886 0.400000
887 0.500000
888 0.600000
889 0.400000
890 0.500000
891 0.600000
892 0.800000
893 0.500000
894 0.600000
895 0.700000
896 -0.000000
897 0.211538
898 0.423077
899 0.634615
900 0.285714
901 0.250000
902 0.375000
903 0.500000
904 0.571429
905 0.375000
906 0.500000
907 0.625000
908 0.857143
909 0.500000
910 0.625000
911 0.750000
912 -0.000000
913 0.157143
914 0.314286
915 0.471429
916 0.200000
917 0.200000
918 0.300000
919 0.400000
920 0.400000
921 0.300000
922 0.400000
923 0.500000
924 0.600000
925 0.400000
926 0.500000
927 0.600000
928 0.416667
929 0.285714
930 0.442857
931 0.600000
932 0.350000
933 0.300000
934 0.400000
935 0.500000
936 0.550000
937 0.400000
938 0.500000
939 0.600000
940 0.750000
941 0.500000
942 0.600000
943 0.700000
944 0.833333
945 0.414286
946 0.571429
947 0.728571
948 0.500000
949 0.400000
950 0.500000
951 0.600000
952 0.700000
953 0.500000
954 0.600000
955 0.700000
956 0.900000
957 0.600000
958 0.700000
959 0.800000
960 1.000000
961 0.365385
962 0.576923
963 0.788462
964 0.428571
965 0.375000
966 0.500000
967 0.625000
968 0.714286
969 0.500000
970 0.625000
971 0.750000
972 1.000000
973 0.625000
974 0.750000
975 0.875000
976 0.166667
977 0.271429
978 0.428571
979 0.585714
980 0.300000
981 0.300000
982 0.400000
983 0.500000
984 0.500000
985 0.400000
986 0.500000
987 0.600000
988 0.700000
989 0.500000
990 0.600000
991 0.700000
992 0.583333
993 0.400000
994 0.557143
995 0.714286
996 0.450000
997 0.400000
998 0.500000
999 0.600000
1000 0.650000
1001 0.500000
1002 0.600000
1003 0.700000
1004 0.850000
1005 0.600000
1006 0.700000
1007 0.800000
1008 1.000000
1009 0.528571
1010 0.685714
1011 0.842857
1012 0.600000
1013 0.500000
1014 0.600000
1015 0.700000
1016 0.800000
1017 0.600000
1018 0.700000
1019 0.800000
1020 1.000000
1021 0.700000
1022 0.800000
1023 0.900000
1024 0
1025 -0.100000
1026 0.199990
1027 0.500000
1028 0.125000
1029 0.000000
1030 0.166667
1031 0.333333
1032 0.500000
1033 0.166667
1034 0.333333
1035 0.500000
1036 0.875000
1037 0.333333
1038 0.500000
1039 0.666667
1040 -0.000000
1041 -0.065790
1042 0.131578
1043 0.328947
1044 0.076923
1045 -0.000000
1046 0.125000
1047 0.250000
1048 0.307692
1049 0.125000
1050 0.250000
1051 0.375000
1052 0.538462
1053 0.250000
1054 0.375000
1055 0.500000
1056 0.500000
1057 0.105261
1058 0.302632
1059 0.500000
1060 0.269231
1061 0.125000
1062 0.250000
1063 0.375000
1064 0.500000
1065 0.250000
1066 0.375000
1067 0.500000
1068 0.730769
1069 0.375000
1070 0.500000
1071 0.625000
1072 1.000000
1073 0.276316
1074 0.473684
1075 0.671053
1076 0.461538
1077 0.250000
1078 0.375000
1079 0.500000
1080 0.692308
1081 0.375000
1082 0.500000
1083 0.625000
1084 0.923077
1085 0.500000
1086 0.625000
1087 0.750000
1088 -0.250000
1089 -0.131579
1090 0.105263
1091 0.342105
1092 0.041667
1093 -0.042378
1094 0.101695
1095 0.245763
1096 0.333333
1097 0.093220
1098 0.237288
1099 0.381356
1100 0.625000
1101 0.228814
1102 0.373006
1103 0.516949
1104 -0.071429
1105 -0.096154
1106 0.076923
1107 0.250000
1108 0.028571
1109 -0.033786
1110 0.081081
1111 0.195946
1112 0.228571
1113 0.074324
1114 0.189189
1115 0.304054
1116 0.428571
1117 0.182432
1118 0.297379
1119 0.412162
1120 0.285714
1121 0.038462
1122 0.211538
1123 0.384611
1124 0.185714
1125 0.067568
1126 0.182432
1127 0.297379
1128 0.385714
1129 0.175676
1130 0.290541
1131 0.405405
1132 0.585714
1133 0.283784
1134 0.398649
1135 0.513513
1136 0.642857
1137 0.173077
1138 0.346148
1139 0.519231
1140 0.342857
1141 0.168919
1142 0.283784
1143 0.398649
1144 0.542857
1145 0.277027
1146 0.391892
1147 0.506756
1148 0.742857
1149 0.385135
1150 0.499999
1151 0.614865
1152 0.500000
1153 0.026316
1154 0.263158
1155 0.499974
1156 0.208333
1157 0.076271
1158 0.220339
1159 0.364407
1160 0.500000
1161 0.211864
1162 0.355932
1163 0.500000
1164 0.791667
1165 0.347458
1166 0.491525
1167 0.635593
1168 0.142857
1169 0.019231
1170 0.192308
1171 0.365379
1172 0.142857
1173 0.060811
1174 0.175676
1175 0.290541
1176 0.342857
1177 0.168919
1178 0.283784
1179 0.398649
1180 0.542857
1181 0.277027
1182 0.391892
1183 0.506756
1184 0.500000
1185 0.153846
1186 0.326916
1187 0.500000
1188 0.300000
1189 0.162162
1190 0.277027
1191 0.391892
1192 0.500000
1193 0.270270
1194 0.385135
1195 0.499999
1196 0.700000
1197 0.378378
1198 0.493242
1199 0.608108
1200 0.857143
1201 0.288452
1202 0.461538
1203 0.634614
1204 0.457143
1205 0.263514
1206 0.378378
1207 0.493242
1208 0.657143
1209 0.371621
1210 0.486485
1211 0.601351
1212 0.857143
1213 0.479728
1214 0.594595
1215 0.709459
1216 1.250000
1217 0.184211
1218 0.421053
1219 0.657895
1220 0.375000
1221 0.194915
1222 0.338983
1223 0.483051
1224 0.666667
1225 0.330508
1226 0.474576
1227 0.618644
1228 0.958333
1229 0.466101
1230 0.610169
1231 0.754237
1232 0.357143
1233 0.134615
1234 0.307684
1235 0.480769
1236 0.257143
1237 0.155405
1238 0.270270
1239 0.385135
1240 0.457143
1241 0.263514
1242 0.378378
1243 0.493242
1244 0.657143
1245 0.371621
1246 0.486485
1247 0.601351
1248 0.714286
1249 0.269220
1250 0.442308
1251 0.615383
1252 0.414286
1253 0.256757
1254 0.371621
1255 0.486485
1256 0.614286
1257 0.364865
1258 0.479728
1259 0.594595
1260 0.814286
1261 0.472971
1262 0.587838
1263 0.702703
1264 1.071430
1265 0.403846
1266 0.576921
1267 0.750000
1268 0.571429
1269 0.358108
1270 0.472971
1271 0.587838
1272 0.771429
1273 0.466216
1274 0.581081
1275 0.695946
1276 0.971429
1277 0.574324
1278 0.689189
1279 0.804054
1280 -1.000000
1281 -0.178571
1282 0.095238
1283 0.369048
1284 0.038462
1285 -0.073529
1286 0.088235
1287 0.250000
1288 0.384615
1289 0.073529
1290 0.235294
1291 0.397057
1292 0.730769
1293 0.220588
1294 0.382351
1295 0.544118
1296 -0.071429
1297 -0.127119
1298 0.067797
1299 0.262712
1300 0.025000
1301 -0.058139
1302 0.069767
1303 0.197664
1304 0.250000
1305 0.058139
1306 0.186035
1307 0.313953
1308 0.475000
1309 0.174406
1310 0.302325
1311 0.430233
1312 0.392857
1313 0.016949
1314 0.211864
1315 0.406780
1316 0.200000
1317 0.046512
1318 0.174406
1319 0.302325
1320 0.425000
1321 0.162777
1322 0.290697
1323 0.418605
1324 0.650000
1325 0.279069
1326 0.406977
1327 0.534884
1328 0.857143
1329 0.161017
1330 0.355932
1331 0.550847
1332 0.375000
1333 0.151147
1334 0.279069
1335 0.406977
1336 0.600000
1337 0.267441
1338 0.395349
1339 0.523256
1340 0.825000
1341 0.383721
1342 0.511628
1343 0.639534
1344 -0.333333
1345 -0.178571
1346 0.053571
1347 0.285714
1348 -0.000000
1349 -0.087209
1350 0.058139
1351 0.203488
1352 0.285714
1353 0.040698
1354 0.186047
1355 0.331395
1356 0.571429
1357 0.168605
1358 0.313953
1359 0.459302
1360 -0.100000
1361 -0.135135
1362 0.040541
1363 0.216216
1364 0.000000
1365 -0.071429
1366 0.047619
1367 0.166667
1368 0.200000
1369 0.033333
1370 0.152381
1371 0.271429
1372 0.400000
1373 0.138095
1374 0.257143
1375 0.376190
1376 0.250000
1377 -0.013513
1378 0.162162
1379 0.337838
1380 0.150000
1381 0.019048
1382 0.138095
1383 0.257143
1384 0.350000
1385 0.123810
1386 0.242857
1387 0.361905
1388 0.550000
1389 0.228571
1390 0.347619
1391 0.466666
1392 0.600000
1393 0.108108
1394 0.283784
1395 0.459459
1396 0.300000
1397 0.109524
1398 0.228571
1399 0.347619
1400 0.500000
1401 0.214286
1402 0.333333
1403 0.452380
1404 0.700000
1405 0.319048
1406 0.438094
1407 0.557143
1408 0.333333
1409 -0.053571
1410 0.178571
1411 0.410714
1412 0.142857
1413 0.005814
1414 0.151163
1415 0.296512
1416 0.428571
1417 0.133721
1418 0.279070
1419 0.424419
1420 0.714286
1421 0.261628
1422 0.406977
1423 0.552322
1424 0.100000
1425 -0.040541
1426 0.135135
1427 0.310811
1428 0.100000
1429 0.004762
1430 0.123810
1431 0.242857
1432 0.300000
1433 0.109524
1434 0.228571
1435 0.347619
1436 0.500000
1437 0.214286
1438 0.333333
1439 0.452380
1440 0.450000
1441 0.081081
1442 0.256757
1443 0.432432
1444 0.250000
1445 0.095238
1446 0.214286
1447 0.333333
1448 0.450000
1449 0.200000
1450 0.319048
1451 0.438094
1452 0.650000
1453 0.304762
1454 0.423808
1455 0.542857
1456 0.800000
1457 0.202703
1458 0.378378
1459 0.554054
1460 0.400000
1461 0.185714
1462 0.304762
1463 0.423808
1464 0.600000
1465 0.290476
1466 0.409522
1467 0.528571
1468 0.800000
1469 0.395236
1470 0.514286
1471 0.633333
1472 1.000000
1473 0.071429
1474 0.303571
1475 0.535714
1476 0.285714
1477 0.098837
1478 0.244186
1479 0.389535
1480 0.571429
1481 0.226744
1482 0.372093
1483 0.517438
1484 0.857143
1485 0.354651
1486 0.499996
1487 0.645349
1488 0.300000
1489 0.054054
1490 0.229730
1491 0.405405
1492 0.200000
1493 0.080952
1494 0.200000
1495 0.319048
1496 0.400000
1497 0.185714
1498 0.304762
1499 0.423808
1500 0.600000
1501 0.290476
1502 0.409522
1503 0.528571
1504 0.650000
1505 0.175676
1506 0.351351
1507 0.527027
1508 0.350000
1509 0.171429
1510 0.290476
1511 0.409522
1512 0.550000
1513 0.276190
1514 0.395236
1515 0.514286
1516 0.750000
1517 0.380951
1518 0.500000
1519 0.619047
1520 1.000000
1521 0.297297
1522 0.472973
1523 0.648649
1524 0.500000
1525 0.261905
1526 0.380951
1527 0.500000
1528 0.700000
1529 0.366665
1530 0.485714
1531 0.604761
1532 0.900000
1533 0.471429
1534 0.590476
1535 0.709524
1536 0.500000
1537 -0.047619
1538 0.226190
1539 0.500000
1540 0.153846
1541 0.029412
1542 0.191176
1543 0.352939
1544 0.500000
1545 0.176471
1546 0.338233
1547 0.500000
1548 0.846154
1549 0.323527
1550 0.485294
1551 0.647058
1552 0.035714
1553 -0.033898
1554 0.161017
1555 0.355932
1556 0.100000
1557 0.023256
1558 0.151147
1559 0.279069
1560 0.325000
1561 0.139518
1562 0.267441
1563 0.395349
1564 0.550000
1565 0.255813
1566 0.383721
1567 0.511628
1568 0.500000
1569 0.110169
1570 0.305085
1571 0.500000
1572 0.275000
1573 0.127907
1574 0.255813
1575 0.383721
1576 0.500000
1577 0.244185
1578 0.372093
1579 0.500000
1580 0.725000
1581 0.360465
1582 0.488372
1583 0.616279
1584 0.964286
1585 0.254237
1586 0.449153
1587 0.644068
1588 0.450000
1589 0.232557
1590 0.360465
1591 0.488372
1592 0.675000
1593 0.348837
1594 0.476744
1595 0.604651
1596 0.900000
1597 0.465116
1598 0.593023
1599 0.720930
1600 -0.166667
1601 -0.089286
1602 0.142857
1603 0.375000
1604 0.071429
1605 -0.011628
1606 0.133721
1607 0.279070
1608 0.357143
1609 0.116279
1610 0.261628
1611 0.406977
1612 0.642857
1613 0.244186
1614 0.389535
1615 0.534880
1616 -0.050000
1617 -0.067568
1618 0.108108
1619 0.283784
1620 0.050000
1621 -0.009524
1622 0.109524
1623 0.228571
1624 0.250000
1625 0.095238
1626 0.214286
1627 0.333333
1628 0.450000
1629 0.200000
1630 0.319048
1631 0.438094
1632 0.300000
1633 0.054054
1634 0.229730
1635 0.405405
1636 0.200000
1637 0.080952
1638 0.200000
1639 0.319048
1640 0.400000
1641 0.185714
1642 0.304762
1643 0.423808
1644 0.600000
1645 0.290476
1646 0.409522
1647 0.528571
1648 0.650000
1649 0.175676
1650 0.351351
1651 0.527027
1652 0.350000
1653 0.171429
1654 0.290476
1655 0.409522
1656 0.550000
1657 0.276190
1658 0.395236
1659 0.514286
1660 0.750000
1661 0.380951
1662 0.500000
1663 0.619047
1664 0.500000
1665 0.035714
1666 0.267857
1667 0.500000
1668 0.214286
1669 0.081395
1670 0.226744
1671 0.372093
1672 0.500000
1673 0.209302
1674 0.354651
1675 0.499996
1676 0.785714
1677 0.337209
1678 0.482554
1679 0.627907
1680 0.150000
1681 0.027027
1682 0.202703
1683 0.378378
1684 0.150000
1685 0.066667
1686 0.185714
1687 0.304762
1688 0.350000
1689 0.171429
1690 0.290476
1691 0.409522
1692 0.550000
1693 0.276190
1694 0.395236
1695 0.514286
1696 0.500000
1697 0.148649
1698 0.324324
1699 0.500000
1700 0.300000
1701 0.157143
1702 0.276190
1703 0.395236
1704 0.500000
1705 0.261905
1706 0.380951
1707 0.500000
1708 0.700000
1709 0.366665
1710 0.485714
1711 0.604761
1712 0.850000
1713 0.270270
1714 0.445946
1715 0.621622
1716 0.450000
1717 0.247619
1718 0.366665
1719 0.485714
1720 0.650000
1721 0.352379
1722 0.471429
1723 0.590476
1724 0.850000
1725 0.457143
1726 0.576190
1727 0.695238
1728 1.166670
1729 0.160714
1730 0.392857
1731 0.625000
1732 0.357143
1733 0.174419
1734 0.319767
1735 0.465111
1736 0.642857
1737 0.302326
1738 0.447669
1739 0.593023
1740 0.928571
1741 0.430227
1742 0.575581
1743 0.720928
1744 0.350000
1745 0.121622
1746 0.297297
1747 0.472973
1748 0.250000
1749 0.142857
1750 0.261905
1751 0.380951
1752 0.450000
1753 0.247619
1754 0.366665
1755 0.485714
1756 0.650000
1757 0.352379
1758 0.471429
1759 0.590476
1760 0.700000
1761 0.243243
1762 0.418919
1763 0.594595
1764 0.400000
1765 0.233333
1766 0.352379
1767 0.471429
1768 0.600000
1769 0.338093
1770 0.457143
1771 0.576190
1772 0.800000
1773 0.442857
1774 0.561904
1775 0.680952
1776 1.050000
1777 0.364865
1778 0.540541
1779 0.716216
1780 0.550000
1781 0.323807
1782 0.442857
1783 0.561904
1784 0.750000
1785 0.428571
1786 0.547618
1787 0.666667
1788 0.950000
1789 0.533332
1790 0.652381
1791 0.771429
1792 2.000000
1793 0.083333
1794 0.357143
1795 0.630952
1796 0.269231
1797 0.132353
1798 0.294115
1799 0.455882
1800 0.615385
1801 0.279409
1802 0.441176
1803 0.602941
1804 0.961538
1805 0.426471
1806 0.588235
1807 0.750000
1808 0.142857
1809 0.059322
1810 0.254237
1811 0.449153
1812 0.175000
1813 0.104651
1814 0.232557
1815 0.360465
1816 0.400000
1817 0.220929
1818 0.348837
1819 0.476744
1820 0.625000
1821 0.337209
1822 0.465116
1823 0.593023
1824 0.607143
1825 0.203390
1826 0.398305
1827 0.593220
1828 0.350000
1829 0.209301
1830 0.337209
1831 0.465116
1832 0.575000
1833 0.325581
1834 0.453488
1835 0.581395
1836 0.800000
1837 0.441860
1838 0.569767
1839 0.697674
1840 1.071430
1841 0.347458
1842 0.542373
1843 0.737288
1844 0.525000
1845 0.313953
1846 0.441860
1847 0.569767
1848 0.750000
1849 0.430232
1850 0.558140
1851 0.686047
1852 0.975000
1853 0.546512
1854 0.674419
1855 0.802326
1856 0.000000
1857 0.000000
1858 0.232143
1859 0.464286
1860 0.142857
1861 0.063953
1862 0.209302
1863 0.354651
1864 0.428571
1865 0.191860
1866 0.337209
1867 0.482554
1868 0.714286
1869 0.319767
1870 0.465111
1871 0.610465
1872 0.000000
1873 0.000000
1874 0.175676
1875 0.351351
1876 0.100000
1877 0.052381
1878 0.171429
1879 0.290476
1880 0.300000
1881 0.157143
1882 0.276190
1883 0.395236
1884 0.500000
1885 0.261905
1886 0.380951
1887 0.500000
1888 0.350000
1889 0.121622
1890 0.297297
1891 0.472973
1892 0.250000
1893 0.142857
1894 0.261905
1895 0.380951
1896 0.450000
1897 0.247619
1898 0.366665
1899 0.485714
1900 0.650000
1901 0.352379
1902 0.471429
1903 0.590476
1904 0.700000
1905 0.243243
1906 0.418919
1907 0.594595
1908 0.400000
1909 0.233333
1910 0.352379
1911 0.471429
1912 0.600000
1913 0.338093
1914 0.457143
1915 0.576190
1916 0.800000
1917 0.442857
1918 0.561904
1919 0.680952
1920 0.666667
1921 0.125000
1922 0.357143
1923 0.589286
1924 0.285714
1925 0.156977
1926 0.302326
1927 0.447669
1928 0.571429
1929 0.284884
1930 0.430227
1931 0.575581
1932 0.857143
1933 0.412784
1934 0.558140
1935 0.703486
1936 0.200000
1937 0.094595
1938 0.270270
1939 0.445946
1940 0.200000
1941 0.128571
1942 0.247619
1943 0.366665
1944 0.400000
1945 0.233333
1946 0.352379
1947 0.471429
1948 0.600000
1949 0.338093
1950 0.457143
1951 0.576190
1952 0.550000
1953 0.216216
1954 0.391892
1955 0.567568
1956 0.350000
1957 0.219048
1958 0.338093
1959 0.457143
1960 0.550000
1961 0.323807
1962 0.442857
1963 0.561904
1964 0.750000
1965 0.428571
1966 0.547618
1967 0.666667
1968 0.900000
1969 0.337838
1970 0.513514
1971 0.689189
1972 0.500000
1973 0.309521
1974 0.428571
1975 0.547618
1976 0.700000
1977 0.414286
1978 0.533332
1979 0.652381
1980 0.900000
1981 0.519047
1982 0.638095
1983 0.757143
1984 1.333330
1985 0.250000
1986 0.482143
1987 0.714286
1988 0.428571
1989 0.250000
1990 0.395341
1991 0.540698
1992 0.714286
1993 0.377899
1994 0.523256
1995 0.668602
1996 1.000000
1997 0.505814
1998 0.651160
1999 0.796512
2000 0.400000
2001 0.189189
2002 0.364865
2003 0.540541
2004 0.300000
2005 0.204762
2006 0.323807
2007 0.442857
2008 0.500000
2009 0.309521
2010 0.428571
2011 0.547618
2012 0.700000
2013 0.414286
2014 0.533332
2015 0.652381
2016 0.750000
2017 0.310811
2018 0.486486
2019 0.662162
2020 0.450000
2021 0.295235
2022 0.414286
2023 0.533332
2024 0.650000
2025 0.400000
2026 0.519047
2027 0.638095
2028 0.850000
2029 0.504761
2030 0.623810
2031 0.742857
2032 1.100000
2033 0.432432
2034 0.608108
2035 0.783784
2036 0.600000
2037 0.385714
2038 0.504761
2039 0.623810
2040 0.800000
2041 0.490475
2042 0.609524
2043 0.728571
2044 1.000000
2045 0.595238
2046 0.714286
2047 0.833333
2048 0
2049 0.100000
2050 0.400000
2051 0.700000
2052 0.250000
2053 0.166667
2054 0.333333
2055 0.500000
2056 0.625000
2057 0.333333
2058 0.500000
2059 0.666667
2060 1.000000
2061 0.500000
2062 0.666667
2063 0.833333
2064 -0.000000
2065 0.065787
2066 0.263158
2067 0.460526
2068 0.153846
2069 0.125000
2070 0.250000
2071 0.375000
2072 0.384615
2073 0.250000
2074 0.375000
2075 0.500000
2076 0.615385
2077 0.375000
2078 0.500000
2079 0.625000
2080 0.500000
2081 0.236842
2082 0.434211
2083 0.631579
2084 0.346154
2085 0.250000
2086 0.375000
2087 0.500000
2088 0.576923
2089 0.375000
2090 0.500000
2091 0.625000
2092 0.807692
2093 0.500000
2094 0.625000
2095 0.750000
2096 1.000000
2097 0.407895
2098 0.605263
2099 0.802632
2100 0.538462
2101 0.375000
2102 0.500000
2103 0.625000
2104 0.769231
2105 0.500000
2106 0.625000
2107 0.750000
2108 1.000000
2109 0.625000
2110 0.750000
2111 0.875000
2112 -0.500000
2113 -0.026316
2114 0.210526
2115 0.447368
2116 0.083333
2117 0.059322
2118 0.203390
2119 0.347458
2120 0.375000
2121 0.194915
2122 0.338983
2123 0.483051
2124 0.666667
2125 0.330508
2126 0.474576
2127 0.618644
2128 -0.142857
2129 -0.019231
2130 0.153846
2131 0.326916
2132 0.057143
2133 0.047297
2134 0.162162
2135 0.277027
2136 0.257143
2137 0.155405
2138 0.270270
2139 0.385135
2140 0.457143
2141 0.263514
2142 0.378378
2143 0.493242
2144 0.214286
2145 0.115385
2146 0.288452
2147 0.461538
2148 0.214286
2149 0.148649
2150 0.263514
2151 0.378378
2152 0.414286
2153 0.256757
2154 0.371621
2155 0.486485
2156 0.614286
2157 0.364865
2158 0.479728
2159 0.594595
2160 0.571429
2161 0.249987
2162 0.423077
2163 0.596152
2164 0.371429
2165 0.250000
2166 0.364865
2167 0.479728
2168 0.571429
2169 0.358108
2170 0.472971
2171 0.587838
2172 0.771429
2173 0.466216
2174 0.581081
2175 0.695946
2176 0.250000
2177 0.131579
2178 0.368421
2179 0.605263
2180 0.250000
2181 0.177966
2182 0.322034
2183 0.466101
2184 0.541667
2185 0.313559
2186 0.457627
2187 0.601695
2188 0.833333
2189 0.449152
2190 0.593220
2191 0.737288
2192 0.071429
2193 0.096154
2194 0.269220
2195 0.442308
2196 0.171429
2197 0.141892
2198 0.256757
2199 0.371621
2200 0.371429
2201 0.250000
2202 0.364865
2203 0.479728
2204 0.571429
2205 0.358108
2206 0.472971
2207 0.587838
2208 0.428571
2209 0.230754
2210 0.403846
2211 0.576921
2212 0.328571
2213 0.243243
2214 0.358108
2215 0.472971
2216 0.528571
2217 0.351351
2218 0.466216
2219 0.581081
2220 0.728571
2221 0.459459
2222 0.574324
2223 0.689189
2224 0.785714
2225 0.365385
2226 0.538459
2227 0.711538
2228 0.485714
2229 0.344594
2230 0.459459
2231 0.574324
2232 0.685714
2233 0.452703
2234 0.567568
2235 0.682432
2236 0.885714
2237 0.560811
2238 0.675676
2239 0.790541
2240 1.000000
2241 0.289474
2242 0.526316
2243 0.763158
2244 0.416667
2245 0.296610
2246 0.440677
2247 0.584746
2248 0.708333
2249 0.432202
2250 0.576271
2251 0.720339
2252 1.000000
2253 0.567797
2254 0.711864
2255 0.855932
2256 0.285714
2257 0.211538
2258 0.384615
2259 0.557690
2260 0.285714
2261 0.236486
2262 0.351351
2263 0.466216
2264 0.485714
2265 0.344594
2266 0.459459
2267 0.574324
2268 0.685714
2269 0.452703
2270 0.567568
2271 0.682432
2272 0.642857
2273 0.346154
2274 0.519231
2275 0.692308
2276 0.442857
2277 0.337837
2278 0.452703
2279 0.567568
2280 0.642857
2281 0.445946
2282 0.560811
2283 0.675676
2284 0.842857
2285 0.554054
2286 0.668919
2287 0.783784
2288 1.000000
2289 0.480769
2290 0.653846
2291 0.826923
2292 0.600000
2293 0.439189
2294 0.554054
2295 0.668919
2296 0.800000
2297 0.547297
2298 0.662162
2299 0.777027
2300 1.000000
2301 0.655405
2302 0.770270
2303 0.885135
2304 -2.000000
2305 -0.083333
2306 0.190476
2307 0.464286
2308 0.076923
2309 0.014706
2310 0.176471
2311 0.338233
2312 0.423077
2313 0.161765
2314 0.323527
2315 0.485294
2316 0.769231
2317 0.308821
2318 0.470588
2319 0.632352
2320 -0.142857
2321 -0.059322
2322 0.135593
2323 0.330508
2324 0.050000
2325 0.011628
2326 0.139518
2327 0.267441
2328 0.275000
2329 0.127907
2330 0.255813
2331 0.383721
2332 0.500000
2333 0.244185
2334 0.372093
2335 0.500000
2336 0.321429
2337 0.084746
2338 0.279661
2339 0.474576
2340 0.225000
2341 0.116279
2342 0.244185
2343 0.372093
2344 0.450000
2345 0.232557
2346 0.360465
2347 0.488372
2348 0.675000
2349 0.348837
2350 0.476744
2351 0.604651
2352 0.785714
2353 0.228814
2354 0.423729
2355 0.618644
2356 0.400000
2357 0.220929
2358 0.348837
2359 0.476744
2360 0.625000
2361 0.337209
2362 0.465116
2363 0.593023
2364 0.850000
2365 0.453488
2366 0.581395
2367 0.709302
2368 -0.666667
2369 -0.125000
2370 0.107143
2371 0.339286
2372 0.000000
2373 -0.029070
2374 0.116279
2375 0.261628
2376 0.285714
2377 0.098837
2378 0.244186
2379 0.389535
2380 0.571429
2381 0.226744
2382 0.372093
2383 0.517438
2384 -0.200000
2385 -0.094595
2386 0.081081
2387 0.256757
2388 0.000000
2389 -0.023810
2390 0.095238
2391 0.214286
2392 0.200000
2393 0.080952
2394 0.200000
2395 0.319048
2396 0.400000
2397 0.185714
2398 0.304762
2399 0.423808
2400 0.150000
2401 0.027027
2402 0.202703
2403 0.378378
2404 0.150000
2405 0.066667
2406 0.185714
2407 0.304762
2408 0.350000
2409 0.171429
2410 0.290476
2411 0.409522
2412 0.550000
2413 0.276190
2414 0.395236
2415 0.514286
2416 0.500000
2417 0.148649
2418 0.324324
2419 0.500000
2420 0.300000
2421 0.157143
2422 0.276190
2423 0.395236
2424 0.500000
2425 0.261905
2426 0.380951
2427 0.500000
2428 0.700000
2429 0.366665
2430 0.485714
2431 0.604761
2432 -0.000000
2433 0.000000
2434 0.232143
2435 0.464286
2436 0.142857
2437 0.063953
2438 0.209302
2439 0.354651
2440 0.428571
2441 0.191860
2442 0.337209
2443 0.482554
2444 0.714286
2445 0.319767
2446 0.465111
2447 0.610465
2448 -0.000000
2449 -0.000000
2450 0.175676
2451 0.351351
2452 0.100000
2453 0.052381
2454 0.171429
2455 0.290476
2456 0.300000
2457 0.157143
2458 0.276190
2459 0.395236
2460 0.500000
2461 0.261905
2462 0.380951
2463 0.500000
2464 0.350000
2465 0.121622
2466 0.297297
2467 0.472973
2468 0.250000
2469 0.142857
2470 0.261905
2471 0.380951
2472 0.450000
2473 0.247619
2474 0.366665
2475 0.485714
2476 0.650000
2477 0.352379
2478 0.471429
2479 0.590476
2480 0.700000
2481 0.243243
2482 0.418919
2483 0.594595
2484 0.400000
2485 0.233333
2486 0.352379
2487 0.471429
2488 0.600000
2489 0.338093
2490 0.457143
2491 0.576190
2492 0.800000
2493 0.442857
2494 0.561904
2495 0.680952
2496 0.666667
2497 0.125000
2498 0.357143
2499 0.589286
2500 0.285714
2501 0.156977
2502 0.302326
2503 0.447669
2504 0.571429
2505 0.284884
2506 0.430227
2507 0.575581
2508 0.857143
2509 0.412784
2510 0.558140
2511 0.703486
2512 0.200000
2513 0.094595
2514 0.270270
2515 0.445946
2516 0.200000
2517 0.128571
2518 0.247619
2519 0.366665
2520 0.400000
2521 0.233333
2522 0.352379
2523 0.471429
2524 0.600000
2525 0.338093
2526 0.457143
2527 0.576190
2528 0.550000
2529 0.216216
2530 0.391892
2531 0.567568
2532 0.350000
2533 0.219048
2534 0.338093
2535 0.457143
2536 0.550000
2537 0.323807
2538 0.442857
2539 0.561904
2540 0.750000
2541 0.428571
2542 0.547618
2543 0.666667
2544 0.900000
2545 0.337838
2546 0.513514
2547 0.689189
2548 0.500000
2549 0.309521
2550 0.428571
2551 0.547618
2552 0.700000
2553 0.414286
2554 0.533332
2555 0.652381
2556 0.900000
2557 0.519047
2558 0.638095
2559 0.757143
2560 -0.500000
2561 0.047619
2562 0.321429
2563 0.595238
2564 0.192308
2565 0.117647
2566 0.279409
2567 0.441176
2568 0.538462
2569 0.264702
2570 0.426471
2571 0.588235
2572 0.884615
2573 0.411765
2574 0.573529
2575 0.735294
2576 -0.035714
2577 0.033898
2578 0.228814
2579 0.423729
2580 0.125000
2581 0.093023
2582 0.220929
2583 0.348837
2584 0.350000
2585 0.209301
2586 0.337209
2587 0.465116
2588 0.575000
2589 0.325581
2590 0.453488
2591 0.581395
2592 0.428571
2593 0.177966
2594 0.372881
2595 0.567797
2596 0.300000
2597 0.197673
2598 0.325581
2599 0.453488
2600 0.525000
2601 0.313953
2602 0.441860
2603 0.569767
2604 0.750000
2605 0.430232
2606 0.558140
2607 0.686047
2608 0.892857
2609 0.322034
2610 0.516949
2611 0.711864
2612 0.475000
2613 0.302326
2614 0.430232
2615 0.558140
2616 0.700000
2617 0.418604
2618 0.546512
2619 0.674419
2620 0.925000
2621 0.534884
2622 0.662791
2623 0.790698
2624 -0.500000
2625 -0.035714
2626 0.196429
2627 0.428571
2628 0.071429
2629 0.046512
2630 0.191860
2631 0.337209
2632 0.357143
2633 0.174419
2634 0.319767
2635 0.465111
2636 0.642857
2637 0.302326
2638 0.447669
2639 0.593023
2640 -0.150000
2641 -0.027027
2642 0.148649
2643 0.324324
2644 0.050000
2645 0.038095
2646 0.157143
2647 0.276190
2648 0.250000
2649 0.142857
2650 0.261905
2651 0.380951
2652 0.450000
2653 0.247619
2654 0.366665
2655 0.485714
2656 0.200000
2657 0.094595
2658 0.270270
2659 0.445946
2660 0.200000
2661 0.128571
2662 0.247619
2663 0.366665
2664 0.400000
2665 0.233333
2666 0.352379
2667 0.471429
2668 0.600000
2669 0.338093
2670 0.457143
2671 0.576190
2672 0.550000
2673 0.216216
2674 0.391892
2675 0.567568
2676 0.350000
2677 0.219048
2678 0.338093
2679 0.457143
2680 0.550000
2681 0.323807
2682 0.442857
2683 0.561904
2684 0.750000
2685 0.428571
2686 0.547618
2687 0.666667
2688 0.166667
2689 0.089286
2690 0.321429
2691 0.553571
2692 0.214286
2693 0.139535
2694 0.284884
2695 0.430227
2696 0.500000
2697 0.267442
2698 0.412784
2699 0.558140
2700 0.785714
2701 0.395341
2702 0.540698
2703 0.686044
2704 0.050000
2705 0.067568
2706 0.243243
2707 0.418919
2708 0.150000
2709 0.114286
2710 0.233333
2711 0.352379
2712 0.350000
2713 0.219048
2714 0.338093
2715 0.457143
2716 0.550000
2717 0.323807
2718 0.442857
2719 0.561904
2720 0.400000
2721 0.189189
2722 0.364865
2723 0.540541
2724 0.300000
2725 0.204762
2726 0.323807
2727 0.442857
2728 0.500000
2729 0.309521
2730 0.428571
2731 0.547618
2732 0.700000
2733 0.414286
2734 0.533332
2735 0.652381
2736 0.750000
2737 0.310811
2738 0.486486
2739 0.662162
2740 0.450000
2741 0.295235
2742 0.414286
2743 0.533332
2744 0.650000
2745 0.400000
2746 0.519047
2747 0.638095
2748 0.850000
2749 0.504761
2750 0.623810
2751 0.742857
2752 0.833333
2753 0.214286
2754 0.446429
2755 0.678571
2756 0.357143
2757 0.232558
2758 0.377899
2759 0.523256
2760 0.642857
2761 0.360456
2762 0.505814
2763 0.651160
2764 0.928571
2765 0.488372
2766 0.633718
2767 0.779070
2768 0.250000
2769 0.162162
2770 0.337838
2771 0.513514
2772 0.250000
2773 0.190476
2774 0.309521
2775 0.428571
2776 0.450000
2777 0.295235
2778 0.414286
2779 0.533332
2780 0.650000
2781 0.400000
2782 0.519047
2783 0.638095
2784 0.600000
2785 0.283784
2786 0.459459
2787 0.635135
2788 0.400000
2789 0.280948
2790 0.400000
2791 0.519047
2792 0.600000
2793 0.385714
2794 0.504761
2795 0.623810
2796 0.800000
2797 0.490475
2798 0.609524
2799 0.728571
2800 0.950000
2801 0.405405
2802 0.581081
2803 0.756757
2804 0.550000
2805 0.371429
2806 0.490475
2807 0.609524
2808 0.750000
2809 0.476189
2810 0.595238
2811 0.714286
2812 0.950000
2813 0.580952
2814 0.700000
2815 0.819048
2816 1.000000
2817 0.178571
2818 0.452381
2819 0.726190
2820 0.307692
2821 0.220583
2822 0.382353
2823 0.544117
2824 0.653846
2825 0.367647
2826 0.529411
2827 0.691176
2828 1.000000
2829 0.514705
2830 0.676471
2831 0.838235
2832 0.071429
2833 0.127119
2834 0.322034
2835 0.516949
2836 0.200000
2837 0.174417
2838 0.302326
2839 0.430232
2840 0.425000
2841 0.290698
2842 0.418604
2843 0.546512
2844 0.650000
2845 0.406976
2846 0.534884
2847 0.662791
2848 0.535714
2849 0.271186
2850 0.466102
2851 0.661017
2852 0.375000
2853 0.279070
2854 0.406976
2855 0.534884
2856 0.600000
2857 0.395349
2858 0.523256
2859 0.651163
2860 0.825000
2861 0.511628
2862 0.639535
2863 0.767442
2864 1.000000
2865 0.415254
2866 0.610169
2867 0.805085
2868 0.550000
2869 0.383721
2870 0.511628
2871 0.639535
2872 0.775000
2873 0.500000
2874 0.627907
2875 0.755814
2876 1.000000
2877 0.616279
2878 0.744186
2879 0.872093
2880 -0.333333
2881 0.053571
2882 0.285714
2883 0.517857
2884 0.142857
2885 0.122093
2886 0.267442
2887 0.412784
2888 0.428571
2889 0.250000
2890 0.395341
2891 0.540698
2892 0.714286
2893 0.377899
2894 0.523256
2895 0.668602
2896 -0.100000
2897 0.040541
2898 0.216216
2899 0.391892
2900 0.100000
2901 0.100000
2902 0.219048
2903 0.338093
2904 0.300000
2905 0.204762
2906 0.323807
2907 0.442857
2908 0.500000
2909 0.309521
2910 0.428571
2911 0.547618
2912 0.250000
2913 0.162162
2914 0.337838
2915 0.513514
2916 0.250000
2917 0.190476
2918 0.309521
2919 0.428571
2920 0.450000
2921 0.295235
2922 0.414286
2923 0.533332
2924 0.650000
2925 0.400000
2926 0.519047
2927 0.638095
2928 0.600000
2929 0.283784
2930 0.459459
2931 0.635135
2932 0.400000
2933 0.280948
2934 0.400000
2935 0.519047
2936 0.600000
2937 0.385714
2938 0.504761
2939 0.623810
2940 0.800000
2941 0.490475
2942 0.609524
2943 0.728571
2944 0.333333
2945 0.178571
2946 0.410714
2947 0.642857
2948 0.285714
2949 0.215116
2950 0.360456
2951 0.505814
2952 0.571429
2953 0.343013
2954 0.488372
2955 0.633718
2956 0.857143
2957 0.470930
2958 0.616276
2959 0.761628
2960 0.100000
2961 0.135135
2962 0.310811
2963 0.486486
2964 0.200000
2965 0.176190
2966 0.295235
2967 0.414286
2968 0.400000
2969 0.280948
2970 0.400000
2971 0.519047
2972 0.600000
2973 0.385714
2974 0.504761
2975 0.623810
2976 0.450000
2977 0.256757
2978 0.432432
2979 0.608108
2980 0.350000
2981 0.266662
2982 0.385714
2983 0.504761
2984 0.550000
2985 0.371429
2986 0.490475
2987 0.609524
2988 0.750000
2989 0.476189
2990 0.595238
2991 0.714286
2992 0.800000
2993 0.378378
2994 0.554054
2995 0.729730
2996 0.500000
2997 0.357143
2998 0.476189
2999 0.595238
3000 0.700000
3001 0.461903
3002 0.580952
3003 0.700000
3004 0.900000
3005 0.566667
3006 0.685714
3007 0.804762
3008 1.000000
3009 0.303571
3010 0.535714
3011 0.767857
3012 0.428571
3013 0.308126
3014 0.453488
3015 0.598834
3016 0.714286
3017 0.436047
3018 0.581392
3019 0.726744
3020 1.000000
3021 0.563950
3022 0.709302
3023 0.854651
3024 0.300000
3025 0.229730
3026 0.405405
3027 0.581081
3028 0.300000
3029 0.252376
3030 0.371429
3031 0.490475
3032 0.500000
3033 0.357143
3034 0.476189
3035 0.595238
3036 0.700000
3037 0.461903
3038 0.580952
3039 0.700000
3040 0.650000
3041 0.351351
3042 0.527027
3043 0.702703
3044 0.450000
3045 0.342857
3046 0.461903
3047 0.580952
3048 0.650000
3049 0.447618
3050 0.566667
3051 0.685714
3052 0.850000
3053 0.552381
3054 0.671429
3055 0.790476
3056 1.000000
3057 0.472973
3058 0.648649
3059 0.824324
3060 0.600000
3061 0.433332
3062 0.552381
3063 0.671429
3064 0.800000
3065 0.538095
3066 0.657143
3067 0.776190
3068 1.000000
3069 0.642857
3070 0.761905
3071 0.880952
3072 0
3073 0.300000
3074 0.600000
3075 0.900000
3076 0.375000
3077 0.333333
3078 0.500000
3079 0.666667
3080 0.750000
3081 0.500000
3082 0.666667
3083 0.833333
3084 1.125000
3085 0.666667
3086 0.833333
3087 1.000000
3088 -0.000000
3089 0.197368
3090 0.394737
3091 0.592105
3092 0.230769
3093 0.250000
3094 0.375000
3095 0.500000
3096 0.461538
3097 0.375000
3098 0.500000
3099 0.625000
3100 0.692308
3101 0.500000
3102 0.625000
3103 0.750000
3104 0.500000
3105 0.368421
3106 0.565789
3107 0.763158
3108 0.423077
3109 0.375000
3110 0.500000
3111 0.625000
3112 0.653846
3113 0.500000
3114 0.625000
3115 0.750000
3116 0.884615
3117 0.625000
3118 0.750000
3119 0.875000
3120 1.000000
3121 0.539474
3122 0.736842
3123 0.934211
3124 0.615385
3125 0.500000
3126 0.625000
3127 0.750000
3128 0.846154
3129 0.625000
3130 0.750000
3131 0.875000
3132 1.076920
3133 0.750000
3134 0.875000
3135 1.000000
3136 -0.750000
3137 0.078947
3138 0.315789
3139 0.552632
3140 0.125000
3141 0.161017
3142 0.305085
3143 0.449152
3144 0.416667
3145 0.296610
3146 0.440677
3147 0.584746
3148 0.708333
3149 0.432202
3150 0.576271
3151 0.720339
3152 -0.214286
3153 0.057692
3154 0.230754
3155 0.403846
3156 0.085714
3157 0.128378
3158 0.243243
3159 0.358108
3160 0.285714
3161 0.236486
3162 0.351351
3163 0.466216
3164 0.485714
3165 0.344594
3166 0.459459
3167 0.574324
3168 0.142857
3169 0.192308
3170 0.365385
3171 0.538459
3172 0.242857
3173 0.229730
3174 0.344594
3175 0.459459
3176 0.442857
3177 0.337837
3178 0.452703
3179 0.567568
3180 0.642857
3181 0.445946
3182 0.560811
3183 0.675676
3184 0.500000
3185 0.326923
3186 0.500000
3187 0.673077
3188 0.400000
3189 0.331080
3190 0.445946
3191 0.560811
3192 0.600000
3193 0.439189
3194 0.554054
3195 0.668919
3196 0.800000
3197 0.547297
3198 0.662162
3199 0.777027
3200 0.000000
3201 0.236842
3202 0.473684
3203 0.710526
3204 0.291667
3205 0.279661
3206 0.423729
3207 0.567797
3208 0.583333
3209 0.415254
3210 0.559322
3211 0.703390
3212 0.875000
3213 0.550847
3214 0.694915
3215 0.838983
3216 -0.000000
3217 0.173077
3218 0.346154
3219 0.519231
3220 0.200000
3221 0.222973
3222 0.337837
3223 0.452703
3224 0.400000
3225 0.331080
3226 0.445946
3227 0.560811
3228 0.600000
3229 0.439189
3230 0.554054
3231 0.668919
3232 0.357143
3233 0.307692
3234 0.480769
3235 0.653846
3236 0.357143
3237 0.324323
3238 0.439189
3239 0.554054
3240 0.557143
3241 0.432432
3242 0.547297
3243 0.662162
3244 0.757143
3245 0.540541
3246 0.655405
3247 0.770270
3248 0.714286
3249 0.442308
3250 0.615385
3251 0.788462
3252 0.514286
3253 0.425676
3254 0.540541
3255 0.655405
3256 0.714286
3257 0.533784
3258 0.648649
3259 0.763514
3260 0.914286
3261 0.641892
3262 0.756757
3263 0.871622
3264 0.750000
3265 0.394737
3266 0.631579
3267 0.868421
3268 0.458333
3269 0.398305
3270 0.542373
3271 0.686441
3272 0.750000
3273 0.533898
3274 0.677966
3275 0.822034
3276 1.041670
3277 0.669492
3278 0.813559
3279 0.957627
3280 0.214286
3281 0.288462
3282 0.461538
3283 0.634615
3284 0.314286
3285 0.317566
3286 0.432432
3287 0.547297
3288 0.514286
3289 0.425676
3290 0.540541
3291 0.655405
3292 0.714286
3293 0.533784
3294 0.648649
3295 0.763514
3296 0.571429
3297 0.423077
3298 0.596154
3299 0.769231
3300 0.471429
3301 0.418919
3302 0.533784
3303 0.648649
3304 0.671429
3305 0.527027
3306 0.641892
3307 0.756757
3308 0.871429
3309 0.635135
3310 0.750000
3311 0.864865
3312 0.928571
3313 0.557692
3314 0.730769
3315 0.903846
3316 0.628571
3317 0.520270
3318 0.635135
3319 0.750000
3320 0.828571
3321 0.628378
3322 0.743243
3323 0.858108
3324 1.028570
3325 0.736486
3326 0.851351
3327 0.966216
3328 -3.000000
3329 0.011905
3330 0.285714
3331 0.559524
3332 0.115385
3333 0.102941
3334 0.264702
3335 0.426471
3336 0.461538
3337 0.249996
3338 0.411765
3339 0.573529
3340 0.807692
3341 0.397059
3342 0.558823
3343 0.720588
3344 -0.214286
3345 0.008475
3346 0.203390
3347 0.398305
3348 0.075000
3349 0.081395
3350 0.209301
3351 0.337209
3352 0.300000
3353 0.197673
3354 0.325581
3355 0.453488
3356 0.525000
3357 0.313953
3358 0.441860
3359 0.569767
3360 0.250000
3361 0.152542
3362 0.347458
3363 0.542373
3364 0.250000
3365 0.186045
3366 0.313953
3367 0.441860
3368 0.475000
3369 0.302326
3370 0.430232
3371 0.558140
3372 0.700000
3373 0.418604
3374 0.546512
3375 0.674419
3376 0.714286
3377 0.296610
3378 0.491525
3379 0.686441
3380 0.425000
3381 0.290698
3382 0.418604
3383 0.546512
3384 0.650000
3385 0.406976
3386 0.534884
3387 0.662791
3388 0.875000
3389 0.523256
3390 0.651163
3391 0.779070
3392 -1.000000
3393 -0.071429
3394 0.160714
3395 0.392857
3396 -0.000000
3397 0.029070
3398 0.174419
3399 0.319767
3400 0.285714
3401 0.156977
3402 0.302326
3403 0.447669
3404 0.571429
3405 0.284884
3406 0.430227
3407 0.575581
3408 -0.300000
3409 -0.054054
3410 0.121622
3411 0.297297
3412 0.000000
3413 0.023810
3414 0.142857
3415 0.261905
3416 0.200000
3417 0.128571
3418 0.247619
3419 0.366665
3420 0.400000
3421 0.233333
3422 0.352379
3423 0.471429
3424 0.050000
3425 0.067568
3426 0.243243
3427 0.418919
3428 0.150000
3429 0.114286
3430 0.233333
3431 0.352379
3432 0.350000
3433 0.219048
3434 0.338093
3435 0.457143
3436 0.550000
3437 0.323807
3438 0.442857
3439 0.561904
3440 0.400000
3441 0.189189
3442 0.364865
3443 0.540541
3444 0.300000
3445 0.204762
3446 0.323807
3447 0.442857
3448 0.500000
3449 0.309521
3450 0.428571
3451 0.547618
3452 0.700000
3453 0.414286
3454 0.533332
3455 0.652381
3456 -0.333333
3457 0.053571
3458 0.285714
3459 0.517857
3460 0.142857
3461 0.122093
3462 0.267442
3463 0.412784
3464 0.428571
3465 0.250000
3466 0.395341
3467 0.540698
3468 0.714286
3469 0.377899
3470 0.523256
3471 0.668602
3472 -0.100000
3473 0.040541
3474 0.216216
3475 0.391892
3476 0.100000
3477 0.100000
3478 0.219048
3479 0.338093
3480 0.300000
3481 0.204762
3482 0.323807
3483 0.442857
3484 0.500000
3485 0.309521
3486 0.428571
3487 0.547618
3488 0.250000
3489 0.162162
3490 0.337838
3491 0.513514
3492 0.250000
3493 0.190476
3494 0.309521
3495 0.428571
3496 0.450000
3497 0.295235
3498 0.414286
3499 0.533332
3500 0.650000
3501 0.400000
3502 0.519047
3503 0.638095
3504 0.600000
3505 0.283784
3506 0.459459
3507 0.635135
3508 0.400000
3509 0.280948
3510 0.400000
3511 0.519047
3512 0.600000
3513 0.385714
3514 0.504761
3515 0.623810
3516 0.800000
3517 0.490475
3518 0.609524
3519 0.728571
3520 0.333333
3521 0.178571
3522 0.410714
3523 0.642857
3524 0.285714
3525 0.215116
3526 0.360456
3527 0.505814
3528 0.571429
3529 0.343013
3530 0.488372
3531 0.633718
3532 0.857143
3533 0.470930
3534 0.616276
3535 0.761628
3536 0.100000
3537 0.135135
3538 0.310811
3539 0.486486
3540 0.200000
3541 0.176190
3542 0.295235
3543 0.414286
3544 0.400000
3545 0.280948
3546 0.400000
3547 0.519047
3548 0.600000
3549 0.385714
3550 0.504761
3551 0.623810
3552 0.450000
3553 0.256757
3554 0.432432
3555 0.608108
3556 0.350000
3557 0.266662
3558 0.385714
3559 0.504761
3560 0.550000
3561 0.371429
3562 0.490475
3563 0.609524
3564 0.750000
3565 0.476189
3566 0.595238
3567 0.714286
3568 0.800000
3569 0.378378
3570 0.554054
3571 0.729730
3572 0.500000
3573 0.357143
3574 0.476189
3575 0.595238
3576 0.700000
3577 0.461903
3578 0.580952
3579 0.700000
3580 0.900000
3581 0.566667
3582 0.685714
3583 0.804762
3584 -1.500000
3585 0.142857
3586 0.416667
3587 0.690476
3588 0.230769
3589 0.205876
3590 0.367647
3591 0.529411
3592 0.576923
3593 0.352941
3594 0.514705
3595 0.676471
3596 0.923077
3597 0.499999
3598 0.661765
3599 0.823529
3600 -0.107143
3601 0.101695
3602 0.296610
3603 0.491525
3604 0.150000
3605 0.162789
3606 0.290698
3607 0.418604
3608 0.375000
3609 0.279070
3610 0.406976
3611 0.534884
3612 0.600000
3613 0.395349
3614 0.523256
3615 0.651163
3616 0.357143
3617 0.245763
3618 0.440678
3619 0.635593
3620 0.325000
3621 0.267442
3622 0.395349
3623 0.523256
3624 0.550000
3625 0.383721
3626 0.511628
3627 0.639535
3628 0.775000
3629 0.500000
3630 0.627907
3631 0.755814
3632 0.821429
3633 0.389831
3634 0.584746
3635 0.779661
3636 0.500000
3637 0.372093
3638 0.500000
3639 0.627907
3640 0.725000
3641 0.488372
3642 0.616279
3643 0.744186
3644 0.950000
3645 0.604651
3646 0.732558
3647 0.860465
3648 -0.833333
3649 0.017857
3650 0.250000
3651 0.482143
3652 0.071429
3653 0.104651
3654 0.250000
3655 0.395341
3656 0.357143
3657 0.232558
3658 0.377899
3659 0.523256
3660 0.642857
3661 0.360456
3662 0.505814
3663 0.651160
3664 -0.250000
3665 0.013513
3666 0.189189
3667 0.364865
3668 0.050000
3669 0.085714
3670 0.204762
3671 0.323807
3672 0.250000
3673 0.190476
3674 0.309521
3675 0.428571
3676 0.450000
3677 0.295235
3678 0.414286
3679 0.533332
3680 0.100000
3681 0.135135
3682 0.310811
3683 0.486486
3684 0.200000
3685 0.176190
3686 0.295235
3687 0.414286
3688 0.400000
3689 0.280948
3690 0.400000
3691 0.519047
3692 0.600000
3693 0.385714
3694 0.504761
3695 0.623810
3696 0.450000
3697 0.256757
3698 0.432432
3699 0.608108
3700 0.350000
3701 0.266662
3702 0.385714
3703 0.504761
3704 0.550000
3705 0.371429
3706 0.490475
3707 0.609524
3708 0.750000
3709 0.476189
3710 0.595238
3711 0.714286
3712 -0.166667
3713 0.142857
3714 0.375000
3715 0.607143
3716 0.214286
3717 0.197674
3718 0.343013
3719 0.488372
3720 0.500000
3721 0.325569
3722 0.470930
3723 0.616276
3724 0.785714
3725 0.453488
3726 0.598834
3727 0.744186
3728 -0.050000
3729 0.108108
3730 0.283784
3731 0.459459
3732 0.150000
3733 0.161905
3734 0.280948
3735 0.400000
3736 0.350000
3737 0.266662
3738 0.385714
3739 0.504761
3740 0.550000
3741 0.371429
3742 0.490475
3743 0.609524
3744 0.300000
3745 0.229730
3746 0.405405
3747 0.581081
3748 0.300000
3749 0.252376
3750 0.371429
3751 0.490475
3752 0.500000
3753 0.357143
3754 0.476189
3755 0.595238
3756 0.700000
3757 0.461903
3758 0.580952
3759 0.700000
3760 0.650000
3761 0.351351
3762 0.527027
3763 0.702703
3764 0.450000
3765 0.342857
3766 0.461903
3767 0.580952
3768 0.650000
3769 0.447618
3770 0.566667
3771 0.685714
3772 0.850000
3773 0.552381
3774 0.671429
3775 0.790476
3776 0.500000
3777 0.267857
3778 0.500000
3779 0.732143
3780 0.357143
3781 0.290682
3782 0.436047
3783 0.581392
3784 0.642857
3785 0.418605
3786 0.563950
3787 0.709302
3788 0.928571
3789 0.546512
3790 0.691860
3791 0.837209
3792 0.150000
3793 0.202703
3794 0.378378
3795 0.554054
3796 0.250000
3797 0.238089
3798 0.357143
3799 0.476189
3800 0.450000
3801 0.342857
3802 0.461903
3803 0.580952
3804 0.650000
3805 0.447618
3806 0.566667
3807 0.685714
3808 0.500000
3809 0.324324
3810 0.500000
3811 0.675676
3812 0.400000
3813 0.328571
3814 0.447618
3815 0.566667
3816 0.600000
3817 0.433332
3818 0.552381
3819 0.671429
3820 0.800000
3821 0.538095
3822 0.657143
3823 0.776190
3824 0.850000
3825 0.445946
3826 0.621622
3827 0.797297
3828 0.550000
3829 0.419046
3830 0.538095
3831 0.657143
3832 0.750000
3833 0.523810
3834 0.642857
3835 0.761905
3836 0.950000
3837 0.628571
3838 0.747619
3839 0.866667
3840 0.000000
3841 0.273810
3842 0.547619
3843 0.821429
3844 0.346154
3845 0.308824
3846 0.470587
3847 0.632353
3848 0.692308
3849 0.455881
3850 0.617647
3851 0.779412
3852 1.038460
3853 0.602941
3854 0.764706
3855 0.926471
3856 0.000000
3857 0.194915
3858 0.389831
3859 0.584746
3860 0.225000
3861 0.244186
3862 0.372093
3863 0.500000
3864 0.450000
3865 0.360465
3866 0.488372
3867 0.616279
3868 0.675000
3869 0.476744
3870 0.604651
3871 0.732558
3872 0.464286
3873 0.338983
3874 0.533898
3875 0.728814
3876 0.400000
3877 0.348837
3878 0.476744
3879 0.604651
3880 0.625000
3881 0.465116
3882 0.593023
3883 0.720930
3884 0.850000
3885 0.581395
3886 0.709302
3887 0.837209
3888 0.928571
3889 0.483051
3890 0.677966
3891 0.872881
3892 0.575000
3893 0.453488
3894 0.581395
3895 0.709302
3896 0.800000
3897 0.569767
3898 0.697674
3899 0.825581
3900 1.025000
3901 0.686047
3902 0.813953
3903 0.941860
3904 -0.666667
3905 0.107143
3906 0.339286
3907 0.571429
3908 0.142857
3909 0.180233
3910 0.325569
3911 0.470930
3912 0.428571
3913 0.308126
3914 0.453488
3915 0.598834
3916 0.714286
3917 0.436047
3918 0.581392
3919 0.726744
3920 -0.200000
3921 0.081081
3922 0.256757
3923 0.432432
3924 0.100000
3925 0.147619
3926 0.266662
3927 0.385714
3928 0.300000
3929 0.252376
3930 0.371429
3931 0.490475
3932 0.500000
3933 0.357143
3934 0.476189
3935 0.595238
3936 0.150000
3937 0.202703
3938 0.378378
3939 0.554054
3940 0.250000
3941 0.238089
3942 0.357143
3943 0.476189
3944 0.450000
3945 0.342857
3946 0.461903
3947 0.580952
3948 0.650000
3949 0.447618
3950 0.566667
3951 0.685714
3952 0.500000
3953 0.324324
3954 0.500000
3955 0.675676
3956 0.400000
3957 0.328571
3958 0.447618
3959 0.566667
3960 0.600000
3961 0.433332
3962 0.552381
3963 0.671429
3964 0.800000
3965 0.538095
3966 0.657143
3967 0.776190
3968 0.000000
3969 0.232143
3970 0.464286
3971 0.696429
3972 0.285714
3973 0.273256
3974 0.418605
3975 0.563950
3976 0.571429
3977 0.401163
3978 0.546512
3979 0.691860
3980 0.857143
3981 0.529070
3982 0.674419
3983 0.819767
3984 0.000000
3985 0.175676
3986 0.351351
3987 0.527027
3988 0.200000
3989 0.223803
3990 0.342857
3991 0.461903
3992 0.400000
3993 0.328571
3994 0.447618
3995 0.566667
3996 0.600000
3997 0.433332
3998 0.552381
3999 0.671429
4000 0.350000
4001 0.297297
4002 0.472973
4003 0.648649
4004 0.350000
4005 0.314286
4006 0.433332
4007 0.552381
4008 0.550000
4009 0.419046
4010 0.538095
4011 0.657143
4012 0.750000
4013 0.523810
4014 0.642857
4015 0.761905
4016 0.700000
4017 0.418919
4018 0.594595
4019 0.770270
4020 0.500000
4021 0.404760
4022 0.523810
4023 0.642857
4024 0.700000
4025 0.509524
4026 0.628571
4027 0.747619
4028 0.900000
4029 0.614286
4030 0.733333
4031 0.852381
4032 0.666667
4033 0.357143
4034 0.589286
4035 0.821429
4036 0.428571
4037 0.366279
4038 0.511628
4039 0.656977
4040 0.714286
4041 0.494186
4042 0.639535
4043 0.784884
4044 1.000000
4045 0.622093
4046 0.767442
4047 0.912791
4048 0.200000
4049 0.270270
4050 0.445946
4051 0.621622
4052 0.300000
4053 0.300000
4054 0.419046
4055 0.538095
4056 0.500000
4057 0.404760
4058 0.523810
4059 0.642857
4060 0.700000
4061 0.509524
4062 0.628571
4063 0.747619
4064 0.550000
4065 0.391892
4066 0.567568
4067 0.743243
4068 0.450000
4069 0.390474
4070 0.509524
4071 0.628571
4072 0.650000
4073 0.495238
4074 0.614286
4075 0.733333
4076 0.850000
4077 0.600000
4078 0.719048
4079 0.838095
4080 0.900000
4081 0.513514
4082 0.689189
4083 0.864865
4084 0.600000
4085 0.480952
4086 0.600000
4087 0.719048
4088 0.800000
4089 0.585714
4090 0.704762
4091 0.823810
4092 1.000000
4093 0.690476
4094 0.809524
4095 0.928571
