#CSC Position Offset LUT
#Structure is comparator code (iCC) -> Stub position offset
#iCC bits: 12
#<header> v1.0 12 32 </header>
0 7
1 7
2 7
3 7
4 7
5 7
6 7
7 0
8 7
9 7
10 5
11 3
12 7
13 11
14 9
15 7
16 7
17 7
18 7
19 3
20 7
21 7
22 2
23 2
24 7
25 4
26 3
27 3
28 3
29 5
30 5
31 4
32 7
33 7
34 5
35 5
36 7
37 5
38 4
39 4
40 5
41 5
42 5
43 4
44 5
45 6
46 6
47 5
48 7
49 7
50 7
51 7
52 7
53 7
54 7
55 6
56 7
57 7
58 7
59 6
60 7
61 8
62 7
63 7
64 7
65 7
66 7
67 4
68 7
69 7
70 3
71 3
72 7
73 4
74 4
75 4
76 5
77 5
78 5
79 5
80 7
81 7
82 3
83 4
84 7
85 3
86 3
87 3
88 3
89 3
90 3
91 4
92 4
93 4
94 4
95 4
96 7
97 4
98 4
99 4
100 4
101 4
102 4
103 4
104 4
105 4
106 4
107 4
108 5
109 5
110 5
111 5
112 7
113 5
114 6
115 6
116 5
117 5
118 5
119 5
120 5
121 5
122 5
123 5
124 6
125 6
126 6
127 6
128 7
129 7
130 5
131 6
132 7
133 4
134 4
135 5
136 5
137 5
138 5
139 5
140 6
141 6
142 6
143 6
144 7
145 4
146 4
147 5
148 3
149 4
150 4
151 5
152 4
153 4
154 4
155 5
156 5
157 5
158 5
159 5
160 5
161 4
162 5
163 5
164 4
165 4
166 5
167 5
168 5
169 5
170 5
171 5
172 6
173 5
174 5
175 6
176 7
177 6
178 6
179 6
180 5
181 5
182 6
183 6
184 6
185 6
186 6
187 6
188 6
189 6
190 6
191 6
192 7
193 6
194 6
195 7
196 5
197 5
198 6
199 6
200 6
201 6
202 6
203 7
204 7
205 7
206 7
207 7
208 3
209 5
210 6
211 6
212 4
213 5
214 5
215 6
216 5
217 5
218 6
219 6
220 6
221 6
222 6
223 6
224 5
225 5
226 6
227 6
228 5
229 5
230 6
231 6
232 6
233 6
234 6
235 6
236 6
237 6
238 6
239 6
240 7
241 6
242 7
243 7
244 6
245 6
246 6
247 7
248 6
249 6
250 6
251 7
252 7
253 7
254 7
255 7
256 7
257 7
258 7
259 5
260 7
261 7
262 3
263 4
264 7
265 4
266 4
267 4
268 6
269 5
270 5
271 5
272 7
273 7
274 3
275 4
276 7
277 3
278 3
279 4
280 4
281 3
282 4
283 4
284 5
285 4
286 5
287 5
288 7
289 4
290 4
291 5
292 4
293 4
294 4
295 4
296 4
297 4
298 4
299 5
300 5
301 5
302 5
303 5
304 7
305 5
306 5
307 6
308 5
309 5
310 5
311 5
312 6
313 5
314 5
315 6
316 6
317 6
318 6
319 6
320 7
321 7
322 4
323 5
324 7
325 3
326 3
327 4
328 4
329 3
330 4
331 4
332 5
333 5
334 5
335 5
336 7
337 3
338 3
339 4
340 3
341 3
342 3
343 4
344 4
345 3
346 4
347 4
348 5
349 4
350 4
351 5
352 5
353 4
354 4
355 5
356 4
357 3
358 4
359 4
360 4
361 4
362 4
363 4
364 5
365 5
366 5
367 5
368 7
369 5
370 5
371 6
372 5
373 5
374 5
375 5
376 5
377 5
378 5
379 5
380 6
381 5
382 5
383 6
384 7
385 4
386 4
387 5
388 4
389 3
390 4
391 5
392 5
393 4
394 4
395 5
396 6
397 5
398 5
399 5
400 4
401 3
402 4
403 5
404 3
405 3
406 4
407 5
408 4
409 4
410 4
411 5
412 5
413 5
414 5
415 5
416 5
417 4
418 5
419 5
420 4
421 4
422 4
423 5
424 5
425 4
426 5
427 5
428 6
429 5
430 5
431 5
432 7
433 5
434 5
435 6
436 5
437 5
438 5
439 5
440 6
441 5
442 5
443 6
444 6
445 6
446 6
447 6
448 11
449 5
450 6
451 6
452 5
453 5
454 5
455 6
456 6
457 5
458 5
459 6
460 7
461 6
462 6
463 6
464 5
465 4
466 5
467 6
468 4
469 4
470 5
471 5
472 5
473 5
474 5
475 6
476 6
477 6
478 6
479 6
480 6
481 5
482 5
483 6
484 5
485 5
486 5
487 6
488 5
489 5
490 5
491 6
492 6
493 6
494 6
495 6
496 8
497 6
498 6
499 6
500 6
501 5
502 6
503 6
504 6
505 6
506 6
507 6
508 7
509 6
510 6
511 6
512 7
513 7
514 5
515 6
516 7
517 4
518 4
519 5
520 5
521 4
522 5
523 5
524 6
525 6
526 6
527 6
528 7
529 3
530 4
531 5
532 3
533 3
534 4
535 5
536 4
537 4
538 5
539 5
540 6
541 5
542 5
543 6
544 5
545 4
546 5
547 6
548 4
549 4
550 5
551 5
552 5
553 5
554 5
555 5
556 6
557 5
558 5
559 6
560 7
561 5
562 6
563 6
564 6
565 5
566 5
567 6
568 6
569 5
570 6
571 6
572 7
573 6
574 6
575 6
576 7
577 3
578 4
579 5
580 3
581 3
582 4
583 5
584 4
585 4
586 5
587 5
588 6
589 5
590 5
591 6
592 2
593 3
594 4
595 5
596 3
597 3
598 4
599 5
600 4
601 4
602 4
603 5
604 5
605 5
606 5
607 5
608 4
609 4
610 5
611 5
612 4
613 4
614 4
615 5
616 5
617 4
618 5
619 5
620 6
621 5
622 5
623 6
624 7
625 5
626 5
627 6
628 5
629 5
630 5
631 6
632 6
633 5
634 5
635 6
636 6
637 6
638 6
639 6
640 5
641 4
642 5
643 6
644 4
645 4
646 5
647 5
648 5
649 4
650 5
651 5
652 6
653 5
654 6
655 6
656 3
657 4
658 5
659 5
660 3
661 4
662 4
663 5
664 4
665 4
666 5
667 5
668 6
669 5
670 5
671 6
672 5
673 4
674 5
675 6
676 4
677 4
678 5
679 5
680 5
681 5
682 5
683 5
684 6
685 5
686 5
687 6
688 7
689 5
690 6
691 6
692 5
693 5
694 5
695 6
696 6
697 5
698 5
699 6
700 6
701 6
702 6
703 6
704 9
705 5
706 6
707 6
708 5
709 5
710 5
711 6
712 6
713 5
714 6
715 6
716 7
717 6
718 6
719 7
720 5
721 5
722 5
723 6
724 4
725 4
726 5
727 6
728 5
729 5
730 5
731 6
732 6
733 6
734 6
735 6
736 6
737 5
738 5
739 6
740 5
741 5
742 5
743 6
744 5
745 5
746 5
747 6
748 6
749 6
750 6
751 6
752 7
753 6
754 6
755 7
756 6
757 5
758 6
759 6
760 6
761 6
762 6
763 6
764 7
765 6
766 6
767 7
768 7
769 5
770 6
771 7
772 4
773 5
774 5
775 6
776 6
777 5
778 6
779 6
780 7
781 6
782 6
783 7
784 3
785 4
786 5
787 6
788 4
789 4
790 5
791 6
792 5
793 5
794 5
795 6
796 6
797 6
798 6
799 7
800 5
801 5
802 6
803 6
804 4
805 5
806 5
807 6
808 5
809 5
810 6
811 6
812 6
813 6
814 6
815 7
816 7
817 6
818 6
819 7
820 6
821 6
822 6
823 7
824 6
825 6
826 6
827 7
828 7
829 6
830 7
831 7
832 0
833 4
834 5
835 6
836 3
837 4
838 5
839 6
840 5
841 5
842 5
843 6
844 6
845 6
846 6
847 7
848 2
849 4
850 5
851 6
852 3
853 4
854 5
855 6
856 5
857 5
858 5
859 6
860 6
861 5
862 6
863 6
864 4
865 4
866 5
867 6
868 4
869 4
870 5
871 6
872 5
873 5
874 5
875 6
876 6
877 6
878 6
879 6
880 6
881 5
882 6
883 7
884 5
885 5
886 6
887 6
888 6
889 5
890 6
891 6
892 7
893 6
894 6
895 7
896 3
897 4
898 5
899 6
900 4
901 4
902 5
903 6
904 5
905 5
906 5
907 6
908 7
909 6
910 6
911 7
912 3
913 4
914 5
915 6
916 4
917 4
918 5
919 6
920 5
921 5
922 5
923 6
924 6
925 6
926 6
927 6
928 4
929 5
930 5
931 6
932 4
933 4
934 5
935 6
936 5
937 5
938 5
939 6
940 6
941 6
942 6
943 6
944 6
945 6
946 6
947 7
948 5
949 5
950 6
951 6
952 6
953 6
954 6
955 6
956 7
957 6
958 6
959 7
960 7
961 5
962 6
963 7
964 5
965 5
966 6
967 7
968 6
969 5
970 6
971 7
972 7
973 6
974 7
975 7
976 4
977 5
978 6
979 7
980 4
981 5
982 5
983 6
984 5
985 5
986 6
987 6
988 6
989 6
990 6
991 7
992 5
993 5
994 6
995 7
996 5
997 5
998 6
999 6
1000 6
1001 5
1002 6
1003 6
1004 6
1005 6
1006 6
1007 7
1008 7
1009 6
1010 6
1011 7
1012 6
1013 6
1014 6
1015 7
1016 6
1017 6
1018 6
1019 7
1020 7
1021 6
1022 7
1023 7
1024 7
1025 7
1026 7
1027 5
1028 7
1029 7
1030 4
1031 5
1032 7
1033 4
1034 4
1035 5
1036 6
1037 5
1038 5
1039 6
1040 7
1041 7
1042 4
1043 5
1044 7
1045 3
1046 3
1047 4
1048 4
1049 4
1050 4
1051 4
1052 5
1053 5
1054 5
1055 5
1056 7
1057 4
1058 4
1059 5
1060 4
1061 4
1062 4
1063 5
1064 5
1065 4
1066 4
1067 5
1068 6
1069 5
1070 5
1071 5
1072 7
1073 5
1074 5
1075 6
1076 5
1077 5
1078 5
1079 6
1080 6
1081 5
1082 5
1083 6
1084 6
1085 6
1086 6
1087 6
1088 7
1089 7
1090 4
1091 5
1092 7
1093 3
1094 3
1095 4
1096 4
1097 4
1098 4
1099 5
1100 5
1101 5
1102 5
1103 5
1104 7
1105 3
1106 4
1107 5
1108 3
1109 3
1110 3
1111 4
1112 4
1113 3
1114 4
1115 4
1116 5
1117 4
1118 5
1119 5
1120 4
1121 4
1122 4
1123 5
1124 4
1125 3
1126 4
1127 5
1128 4
1129 4
1130 4
1131 5
1132 5
1133 5
1134 5
1135 5
1136 6
1137 5
1138 5
1139 6
1140 5
1141 5
1142 5
1143 5
1144 5
1145 5
1146 5
1147 5
1148 6
1149 5
1150 6
1151 6
1152 7
1153 4
1154 4
1155 5
1156 4
1157 3
1158 4
1159 5
1160 5
1161 4
1162 4
1163 5
1164 6
1165 5
1166 5
1167 6
1168 4
1169 3
1170 4
1171 5
1172 3
1173 3
1174 4
1175 5
1176 4
1177 4
1178 4
1179 5
1180 5
1181 5
1182 5
1183 5
1184 5
1185 4
1186 5
1187 5
1188 4
1189 4
1190 4
1191 5
1192 5
1193 4
1194 5
1195 5
1196 6
1197 5
1198 5
1199 5
1200 7
1201 5
1202 5
1203 6
1204 5
1205 5
1206 5
1207 6
1208 6
1209 5
1210 5
1211 6
1212 6
1213 6
1214 6
1215 6
1216 9
1217 5
1218 6
1219 6
1220 5
1221 5
1222 5
1223 6
1224 6
1225 5
1226 5
1227 6
1228 7
1229 6
1230 6
1231 6
1232 6
1233 5
1234 5
1235 6
1236 5
1237 4
1238 5
1239 5
1240 5
1241 5
1242 5
1243 6
1244 6
1245 6
1246 6
1247 6
1248 6
1249 5
1250 5
1251 6
1252 5
1253 5
1254 5
1255 6
1256 5
1257 5
1258 5
1259 6
1260 6
1261 6
1262 6
1263 6
1264 8
1265 6
1266 6
1267 7
1268 6
1269 5
1270 6
1271 6
1272 6
1273 6
1274 6
1275 6
1276 7
1277 6
1278 6
1279 7
1280 7
1281 7
1282 4
1283 5
1284 7
1285 3
1286 4
1287 5
1288 4
1289 4
1290 4
1291 5
1292 6
1293 5
1294 5
1295 5
1296 7
1297 3
1298 4
1299 5
1300 3
1301 3
1302 3
1303 4
1304 4
1305 3
1306 4
1307 4
1308 5
1309 5
1310 5
1311 5
1312 5
1313 4
1314 4
1315 5
1316 4
1317 3
1318 4
1319 5
1320 4
1321 4
1322 4
1323 5
1324 5
1325 5
1326 5
1327 5
1328 7
1329 5
1330 5
1331 6
1332 5
1333 5
1334 5
1335 5
1336 6
1337 5
1338 5
1339 5
1340 6
1341 6
1342 6
1343 6
1344 7
1345 3
1346 4
1347 5
1348 3
1349 3
1350 3
1351 4
1352 4
1353 4
1354 4
1355 5
1356 5
1357 5
1358 5
1359 5
1360 3
1361 3
1362 4
1363 5
1364 3
1365 3
1366 3
1367 4
1368 4
1369 3
1370 4
1371 4
1372 5
1373 4
1374 5
1375 5
1376 4
1377 4
1378 4
1379 5
1380 4
1381 3
1382 4
1383 4
1384 4
1385 4
1386 4
1387 5
1388 5
1389 5
1390 5
1391 5
1392 6
1393 5
1394 5
1395 6
1396 5
1397 4
1398 5
1399 5
1400 5
1401 5
1402 5
1403 5
1404 6
1405 5
1406 5
1407 6
1408 6
1409 4
1410 4
1411 5
1412 4
1413 3
1414 4
1415 5
1416 5
1417 4
1418 4
1419 5
1420 6
1421 5
1422 5
1423 5
1424 4
1425 3
1426 4
1427 5
1428 3
1429 3
1430 4
1431 5
1432 4
1433 4
1434 4
1435 5
1436 5
1437 5
1438 5
1439 5
1440 5
1441 4
1442 4
1443 5
1444 4
1445 4
1446 4
1447 5
1448 5
1449 4
1450 4
1451 5
1452 6
1453 5
1454 5
1455 5
1456 7
1457 5
1458 5
1459 6
1460 5
1461 5
1462 5
1463 5
1464 6
1465 5
1466 5
1467 5
1468 6
1469 6
1470 6
1471 6
1472 9
1473 5
1474 5
1475 6
1476 5
1477 4
1478 5
1479 6
1480 6
1481 5
1482 5
1483 6
1484 7
1485 6
1486 6
1487 6
1488 6
1489 4
1490 5
1491 6
1492 5
1493 4
1494 5
1495 5
1496 5
1497 5
1498 5
1499 5
1500 6
1501 5
1502 5
1503 6
1504 6
1505 5
1506 5
1507 6
1508 5
1509 4
1510 5
1511 5
1512 5
1513 5
1514 5
1515 6
1516 6
1517 6
1518 6
1519 6
1520 8
1521 6
1522 6
1523 6
1524 6
1525 5
1526 5
1527 6
1528 6
1529 5
1530 6
1531 6
1532 7
1533 6
1534 6
1535 6
1536 7
1537 3
1538 5
1539 6
1540 3
1541 3
1542 4
1543 5
1544 5
1545 4
1546 5
1547 5
1548 6
1549 5
1550 5
1551 6
1552 3
1553 3
1554 4
1555 5
1556 3
1557 3
1558 4
1559 5
1560 4
1561 4
1562 4
1563 5
1564 6
1565 5
1566 5
1567 6
1568 5
1569 4
1570 5
1571 5
1572 4
1573 4
1574 4
1575 5
1576 5
1577 4
1578 5
1579 5
1580 6
1581 5
1582 5
1583 6
1584 7
1585 5
1586 5
1587 6
1588 6
1589 5
1590 5
1591 6
1592 6
1593 5
1594 5
1595 6
1596 6
1597 6
1598 6
1599 6
1600 4
1601 3
1602 4
1603 5
1604 3
1605 3
1606 4
1607 5
1608 4
1609 4
1610 4
1611 5
1612 6
1613 5
1614 5
1615 6
1616 3
1617 3
1618 4
1619 5
1620 3
1621 3
1622 4
1623 5
1624 4
1625 4
1626 4
1627 5
1628 5
1629 5
1630 5
1631 5
1632 5
1633 4
1634 4
1635 5
1636 4
1637 4
1638 4
1639 5
1640 5
1641 4
1642 4
1643 5
1644 6
1645 5
1646 5
1647 5
1648 7
1649 5
1650 5
1651 6
1652 5
1653 5
1654 5
1655 5
1656 5
1657 5
1658 5
1659 6
1660 6
1661 6
1662 6
1663 6
1664 6
1665 4
1666 5
1667 6
1668 4
1669 4
1670 4
1671 5
1672 5
1673 4
1674 5
1675 5
1676 6
1677 5
1678 5
1679 6
1680 4
1681 4
1682 4
1683 5
1684 4
1685 4
1686 4
1687 5
1688 4
1689 4
1690 4
1691 5
1692 6
1693 5
1694 5
1695 6
1696 5
1697 4
1698 5
1699 5
1700 4
1701 4
1702 4
1703 5
1704 5
1705 4
1706 5
1707 5
1708 6
1709 5
1710 5
1711 6
1712 7
1713 5
1714 5
1715 6
1716 5
1717 5
1718 5
1719 6
1720 6
1721 5
1722 5
1723 6
1724 6
1725 6
1726 6
1727 6
1728 9
1729 5
1730 5
1731 6
1732 5
1733 5
1734 5
1735 6
1736 6
1737 5
1738 5
1739 6
1740 7
1741 6
1742 6
1743 6
1744 6
1745 5
1746 5
1747 6
1748 5
1749 4
1750 5
1751 6
1752 5
1753 5
1754 5
1755 6
1756 6
1757 6
1758 6
1759 6
1760 6
1761 5
1762 5
1763 6
1764 5
1765 5
1766 5
1767 6
1768 5
1769 5
1770 5
1771 6
1772 6
1773 6
1774 6
1775 6
1776 8
1777 6
1778 6
1779 6
1780 6
1781 5
1782 6
1783 6
1784 6
1785 6
1786 6
1787 6
1788 7
1789 6
1790 6
1791 6
1792 15
1793 5
1794 5
1795 7
1796 4
1797 4
1798 5
1799 6
1800 5
1801 5
1802 5
1803 6
1804 7
1805 6
1806 6
1807 7
1808 4
1809 4
1810 5
1811 6
1812 4
1813 4
1814 5
1815 6
1816 5
1817 5
1818 5
1819 6
1820 6
1821 6
1822 6
1823 6
1824 6
1825 5
1826 5
1827 6
1828 5
1829 4
1830 5
1831 6
1832 5
1833 5
1834 5
1835 6
1836 6
1837 6
1838 6
1839 6
1840 7
1841 6
1842 6
1843 7
1844 6
1845 5
1846 6
1847 6
1848 6
1849 6
1850 6
1851 6
1852 7
1853 6
1854 6
1855 7
1856 5
1857 4
1858 5
1859 6
1860 4
1861 4
1862 5
1863 6
1864 5
1865 5
1866 5
1867 6
1868 6
1869 6
1870 6
1871 6
1872 4
1873 4
1874 5
1875 6
1876 4
1877 4
1878 4
1879 5
1880 5
1881 4
1882 5
1883 5
1884 6
1885 5
1886 5
1887 6
1888 5
1889 4
1890 5
1891 6
1892 4
1893 4
1894 5
1895 5
1896 5
1897 5
1898 5
1899 6
1900 6
1901 5
1902 6
1903 6
1904 7
1905 5
1906 6
1907 6
1908 6
1909 5
1910 5
1911 6
1912 6
1913 5
1914 6
1915 6
1916 7
1917 6
1918 6
1919 6
1920 6
1921 4
1922 5
1923 6
1924 4
1925 4
1926 5
1927 6
1928 5
1929 5
1930 5
1931 6
1932 6
1933 6
1934 6
1935 6
1936 4
1937 4
1938 5
1939 6
1940 4
1941 4
1942 5
1943 5
1944 5
1945 5
1946 5
1947 6
1948 6
1949 5
1950 6
1951 6
1952 5
1953 5
1954 5
1955 6
1956 5
1957 4
1958 5
1959 6
1960 5
1961 5
1962 5
1963 6
1964 6
1965 6
1966 6
1967 6
1968 7
1969 6
1970 6
1971 6
1972 6
1973 5
1974 5
1975 6
1976 6
1977 5
1978 6
1979 6
1980 7
1981 6
1982 6
1983 6
1984 9
1985 5
1986 6
1987 7
1988 5
1989 5
1990 5
1991 6
1992 6
1993 5
1994 6
1995 6
1996 7
1997 6
1998 6
1999 7
2000 6
2001 5
2002 6
2003 6
2004 5
2005 5
2006 5
2007 6
2008 5
2009 5
2010 5
2011 6
2012 6
2013 6
2014 6
2015 6
2016 6
2017 5
2018 6
2019 6
2020 5
2021 5
2022 5
2023 6
2024 6
2025 5
2026 6
2027 6
2028 6
2029 6
2030 6
2031 6
2032 8
2033 6
2034 6
2035 7
2036 6
2037 6
2038 6
2039 6
2040 6
2041 6
2042 6
2043 6
2044 7
2045 6
2046 6
2047 7
2048 7
2049 7
2050 5
2051 6
2052 7
2053 3
2054 4
2055 5
2056 5
2057 4
2058 5
2059 6
2060 6
2061 6
2062 6
2063 6
2064 7
2065 3
2066 4
2067 6
2068 3
2069 3
2070 4
2071 5
2072 4
2073 4
2074 5
2075 5
2076 6
2077 5
2078 5
2079 6
2080 5
2081 4
2082 5
2083 6
2084 4
2085 4
2086 5
2087 5
2088 5
2089 4
2090 5
2091 5
2092 6
2093 5
2094 6
2095 6
2096 7
2097 5
2098 6
2099 6
2100 6
2101 5
2102 5
2103 6
2104 6
2105 5
2106 6
2107 6
2108 7
2109 6
2110 6
2111 6
2112 7
2113 3
2114 4
2115 6
2116 3
2117 3
2118 4
2119 5
2120 4
2121 4
2122 5
2123 5
2124 6
2125 5
2126 5
2127 6
2128 2
2129 3
2130 4
2131 5
2132 3
2133 3
2134 4
2135 5
2136 4
2137 4
2138 4
2139 5
2140 5
2141 5
2142 5
2143 6
2144 4
2145 4
2146 5
2147 5
2148 4
2149 4
2150 4
2151 5
2152 5
2153 4
2154 5
2155 5
2156 6
2157 5
2158 5
2159 6
2160 6
2161 5
2162 5
2163 6
2164 5
2165 5
2166 5
2167 6
2168 6
2169 5
2170 5
2171 6
2172 6
2173 6
2174 6
2175 6
2176 5
2177 4
2178 5
2179 6
2180 4
2181 4
2182 4
2183 5
2184 5
2185 4
2186 5
2187 6
2188 6
2189 5
2190 6
2191 6
2192 4
2193 4
2194 5
2195 5
2196 3
2197 4
2198 4
2199 5
2200 4
2201 4
2202 5
2203 5
2204 6
2205 5
2206 5
2207 6
2208 5
2209 4
2210 5
2211 6
2212 4
2213 4
2214 5
2215 5
2216 5
2217 5
2218 5
2219 5
2220 6
2221 5
2222 5
2223 6
2224 7
2225 5
2226 6
2227 6
2228 5
2229 5
2230 5
2231 6
2232 6
2233 5
2234 5
2235 6
2236 6
2237 6
2238 6
2239 6
2240 8
2241 5
2242 6
2243 7
2244 5
2245 5
2246 5
2247 6
2248 6
2249 5
2250 5
2251 6
2252 7
2253 6
2254 6
2255 7
2256 6
2257 5
2258 5
2259 6
2260 5
2261 4
2262 5
2263 6
2264 5
2265 5
2266 5
2267 6
2268 6
2269 6
2270 6
2271 6
2272 6
2273 5
2274 5
2275 6
2276 5
2277 5
2278 5
2279 6
2280 5
2281 5
2282 5
2283 6
2284 6
2285 6
2286 6
2287 6
2288 7
2289 6
2290 6
2291 7
2292 6
2293 5
2294 6
2295 6
2296 6
2297 6
2298 6
2299 6
2300 7
2301 6
2302 6
2303 7
2304 7
2305 3
2306 4
2307 6
2308 3
2309 3
2310 4
2311 5
2312 5
2313 4
2314 5
2315 5
2316 6
2317 5
2318 5
2319 6
2320 2
2321 3
2322 4
2323 5
2324 3
2325 3
2326 4
2327 5
2328 4
2329 4
2330 4
2331 5
2332 6
2333 5
2334 5
2335 6
2336 5
2337 4
2338 5
2339 6
2340 4
2341 4
2342 4
2343 5
2344 5
2345 4
2346 5
2347 5
2348 6
2349 5
2350 5
2351 6
2352 7
2353 5
2354 5
2355 6
2356 5
2357 5
2358 5
2359 6
2360 6
2361 5
2362 5
2363 6
2364 6
2365 6
2366 6
2367 6
2368 1
2369 3
2370 4
2371 5
2372 3
2373 3
2374 4
2375 5
2376 4
2377 4
2378 4
2379 5
2380 6
2381 5
2382 5
2383 6
2384 2
2385 3
2386 4
2387 5
2388 3
2389 3
2390 4
2391 5
2392 4
2393 4
2394 4
2395 5
2396 5
2397 5
2398 5
2399 5
2400 4
2401 4
2402 4
2403 5
2404 4
2405 4
2406 4
2407 5
2408 4
2409 4
2410 4
2411 5
2412 6
2413 5
2414 5
2415 6
2416 6
2417 5
2418 5
2419 6
2420 5
2421 5
2422 5
2423 6
2424 5
2425 5
2426 5
2427 6
2428 6
2429 6
2430 6
2431 6
2432 4
2433 4
2434 5
2435 6
2436 4
2437 4
2438 4
2439 5
2440 5
2441 4
2442 5
2443 5
2444 6
2445 5
2446 5
2447 6
2448 3
2449 3
2450 4
2451 5
2452 3
2453 3
2454 4
2455 5
2456 4
2457 4
2458 4
2459 5
2460 6
2461 5
2462 5
2463 6
2464 5
2465 4
2466 5
2467 5
2468 4
2469 4
2470 4
2471 5
2472 5
2473 4
2474 5
2475 5
2476 6
2477 5
2478 5
2479 6
2480 6
2481 5
2482 5
2483 6
2484 5
2485 5
2486 5
2487 6
2488 6
2489 5
2490 5
2491 6
2492 6
2493 6
2494 6
2495 6
2496 8
2497 5
2498 5
2499 6
2500 5
2501 4
2502 5
2503 6
2504 6
2505 5
2506 5
2507 6
2508 7
2509 6
2510 6
2511 6
2512 5
2513 4
2514 5
2515 6
2516 4
2517 4
2518 5
2519 6
2520 5
2521 5
2522 5
2523 6
2524 6
2525 5
2526 6
2527 6
2528 6
2529 5
2530 5
2531 6
2532 5
2533 5
2534 5
2535 6
2536 5
2537 5
2538 5
2539 6
2540 6
2541 6
2542 6
2543 6
2544 7
2545 6
2546 6
2547 6
2548 6
2549 5
2550 6
2551 6
2552 6
2553 6
2554 6
2555 6
2556 7
2557 6
2558 6
2559 6
2560 5
2561 4
2562 5
2563 6
2564 3
2565 4
2566 4
2567 5
2568 5
2569 4
2570 5
2571 6
2572 6
2573 5
2574 6
2575 6
2576 3
2577 3
2578 4
2579 6
2580 3
2581 3
2582 4
2583 5
2584 4
2585 4
2586 5
2587 5
2588 6
2589 5
2590 5
2591 6
2592 5
2593 4
2594 5
2595 6
2596 4
2597 4
2598 5
2599 5
2600 5
2601 4
2602 5
2603 5
2604 6
2605 5
2606 5
2607 6
2608 7
2609 5
2610 6
2611 6
2612 6
2613 5
2614 5
2615 6
2616 6
2617 5
2618 5
2619 6
2620 7
2621 6
2622 6
2623 6
2624 2
2625 3
2626 5
2627 6
2628 3
2629 3
2630 4
2631 5
2632 4
2633 4
2634 5
2635 5
2636 6
2637 5
2638 5
2639 6
2640 3
2641 3
2642 4
2643 5
2644 3
2645 3
2646 4
2647 5
2648 4
2649 4
2650 4
2651 5
2652 5
2653 5
2654 5
2655 6
2656 4
2657 4
2658 5
2659 5
2660 4
2661 4
2662 4
2663 5
2664 5
2665 4
2666 5
2667 5
2668 6
2669 5
2670 5
2671 6
2672 6
2673 5
2674 5
2675 6
2676 5
2677 5
2678 5
2679 6
2680 6
2681 5
2682 5
2683 6
2684 6
2685 6
2686 6
2687 6
2688 5
2689 4
2690 5
2691 6
2692 4
2693 4
2694 5
2695 5
2696 5
2697 4
2698 5
2699 6
2700 6
2701 5
2702 6
2703 6
2704 4
2705 4
2706 5
2707 6
2708 4
2709 4
2710 4
2711 5
2712 4
2713 4
2714 5
2715 5
2716 6
2717 5
2718 5
2719 6
2720 5
2721 4
2722 5
2723 6
2724 4
2725 4
2726 5
2727 5
2728 5
2729 4
2730 5
2731 5
2732 6
2733 5
2734 5
2735 6
2736 6
2737 5
2738 6
2739 6
2740 5
2741 5
2742 5
2743 6
2744 6
2745 5
2746 5
2747 6
2748 6
2749 6
2750 6
2751 6
2752 8
2753 5
2754 6
2755 6
2756 5
2757 5
2758 5
2759 6
2760 6
2761 5
2762 5
2763 6
2764 7
2765 6
2766 6
2767 6
2768 5
2769 5
2770 5
2771 6
2772 5
2773 4
2774 5
2775 6
2776 5
2777 5
2778 5
2779 6
2780 6
2781 6
2782 6
2783 6
2784 6
2785 5
2786 5
2787 6
2788 5
2789 5
2790 5
2791 6
2792 5
2793 5
2794 5
2795 6
2796 6
2797 6
2798 6
2799 6
2800 7
2801 6
2802 6
2803 7
2804 6
2805 5
2806 6
2807 6
2808 6
2809 6
2810 6
2811 6
2812 7
2813 6
2814 6
2815 7
2816 11
2817 5
2818 6
2819 7
2820 4
2821 4
2822 5
2823 6
2824 5
2825 5
2826 5
2827 6
2828 7
2829 6
2830 6
2831 7
2832 4
2833 4
2834 5
2835 6
2836 4
2837 4
2838 5
2839 6
2840 5
2841 5
2842 5
2843 6
2844 6
2845 6
2846 6
2847 6
2848 5
2849 5
2850 5
2851 6
2852 5
2853 4
2854 5
2855 6
2856 5
2857 5
2858 5
2859 6
2860 6
2861 6
2862 6
2863 6
2864 7
2865 6
2866 6
2867 7
2868 6
2869 5
2870 6
2871 6
2872 6
2873 6
2874 6
2875 6
2876 7
2877 6
2878 6
2879 7
2880 4
2881 4
2882 5
2883 6
2884 4
2885 4
2886 5
2887 6
2888 5
2889 5
2890 5
2891 6
2892 6
2893 6
2894 6
2895 6
2896 3
2897 4
2898 5
2899 6
2900 3
2901 4
2902 5
2903 5
2904 5
2905 4
2906 5
2907 6
2908 6
2909 5
2910 6
2911 6
2912 5
2913 4
2914 5
2915 6
2916 4
2917 4
2918 5
2919 6
2920 5
2921 5
2922 5
2923 6
2924 6
2925 5
2926 6
2927 6
2928 7
2929 5
2930 6
2931 6
2932 6
2933 5
2934 5
2935 6
2936 6
2937 5
2938 6
2939 6
2940 7
2941 6
2942 6
2943 6
2944 6
2945 4
2946 5
2947 6
2948 4
2949 4
2950 5
2951 6
2952 5
2953 5
2954 5
2955 6
2956 6
2957 6
2958 6
2959 6
2960 4
2961 4
2962 5
2963 6
2964 4
2965 4
2966 5
2967 6
2968 5
2969 5
2970 5
2971 6
2972 6
2973 5
2974 6
2975 6
2976 5
2977 5
2978 5
2979 6
2980 5
2981 4
2982 5
2983 6
2984 5
2985 5
2986 5
2987 6
2988 6
2989 6
2990 6
2991 6
2992 7
2993 6
2994 6
2995 6
2996 6
2997 5
2998 6
2999 6
3000 6
3001 5
3002 6
3003 6
3004 7
3005 6
3006 6
3007 7
3008 8
3009 5
3010 6
3011 7
3012 5
3013 5
3014 5
3015 6
3016 6
3017 5
3018 6
3019 6
3020 7
3021 6
3022 6
3023 7
3024 6
3025 5
3026 6
3027 6
3028 5
3029 5
3030 5
3031 6
3032 5
3033 5
3034 5
3035 6
3036 6
3037 6
3038 6
3039 6
3040 6
3041 5
3042 6
3043 6
3044 5
3045 5
3046 5
3047 6
3048 6
3049 5
3050 6
3051 6
3052 6
3053 6
3054 6
3055 7
3056 7
3057 6
3058 6
3059 7
3060 6
3061 6
3062 6
3063 6
3064 6
3065 6
3066 6
3067 6
3068 7
3069 6
3070 6
3071 7
3072 7
3073 4
3074 6
3075 7
3076 4
3077 4
3078 5
3079 6
3080 5
3081 5
3082 6
3083 6
3084 7
3085 6
3086 6
3087 7
3088 3
3089 4
3090 5
3091 6
3092 3
3093 4
3094 5
3095 6
3096 5
3097 5
3098 5
3099 6
3100 6
3101 6
3102 6
3103 7
3104 5
3105 5
3106 5
3107 6
3108 4
3109 4
3110 5
3111 6
3112 5
3113 5
3114 5
3115 6
3116 6
3117 6
3118 6
3119 7
3120 7
3121 6
3122 6
3123 7
3124 6
3125 5
3126 6
3127 7
3128 6
3129 6
3130 6
3131 7
3132 7
3133 6
3134 7
3135 7
3136 1
3137 4
3138 5
3139 6
3140 3
3141 4
3142 5
3143 6
3144 5
3145 5
3146 5
3147 6
3148 6
3149 6
3150 6
3151 7
3152 2
3153 4
3154 5
3155 6
3156 3
3157 4
3158 4
3159 6
3160 4
3161 4
3162 5
3163 6
3164 6
3165 5
3166 6
3167 6
3168 4
3169 4
3170 5
3171 6
3172 4
3173 4
3174 5
3175 6
3176 5
3177 5
3178 5
3179 6
3180 6
3181 6
3182 6
3183 6
3184 6
3185 5
3186 6
3187 7
3188 5
3189 5
3190 5
3191 6
3192 6
3193 5
3194 6
3195 6
3196 7
3197 6
3198 6
3199 7
3200 4
3201 4
3202 5
3203 6
3204 4
3205 4
3206 5
3207 6
3208 5
3209 5
3210 5
3211 6
3212 6
3213 6
3214 6
3215 7
3216 3
3217 4
3218 5
3219 6
3220 3
3221 4
3222 5
3223 6
3224 5
3225 4
3226 5
3227 6
3228 6
3229 5
3230 6
3231 6
3232 5
3233 4
3234 5
3235 6
3236 4
3237 4
3238 5
3239 6
3240 5
3241 5
3242 5
3243 6
3244 6
3245 6
3246 6
3247 6
3248 6
3249 5
3250 6
3251 7
3252 5
3253 5
3254 6
3255 6
3256 6
3257 5
3258 6
3259 6
3260 7
3261 6
3262 6
3263 7
3264 7
3265 5
3266 6
3267 7
3268 5
3269 5
3270 6
3271 6
3272 6
3273 5
3274 6
3275 7
3276 7
3277 6
3278 6
3279 7
3280 5
3281 5
3282 6
3283 7
3284 5
3285 5
3286 5
3287 6
3288 5
3289 5
3290 6
3291 6
3292 6
3293 6
3294 6
3295 7
3296 6
3297 5
3298 6
3299 7
3300 5
3301 5
3302 5
3303 6
3304 6
3305 5
3306 6
3307 6
3308 6
3309 6
3310 6
3311 7
3312 7
3313 6
3314 6
3315 7
3316 6
3317 6
3318 6
3319 7
3320 6
3321 6
3322 6
3323 7
3324 7
3325 6
3326 7
3327 7
3328 0
3329 4
3330 5
3331 6
3332 3
3333 4
3334 5
3335 6
3336 5
3337 5
3338 5
3339 6
3340 7
3341 6
3342 6
3343 7
3344 2
3345 3
3346 5
3347 6
3348 3
3349 4
3350 4
3351 6
3352 4
3353 4
3354 5
3355 6
3356 6
3357 5
3358 6
3359 6
3360 4
3361 4
3362 5
3363 6
3364 4
3365 4
3366 5
3367 6
3368 5
3369 5
3370 5
3371 6
3372 6
3373 6
3374 6
3375 6
3376 7
3377 5
3378 6
3379 7
3380 5
3381 5
3382 5
3383 6
3384 6
3385 5
3386 6
3387 6
3388 7
3389 6
3390 6
3391 7
3392 0
3393 3
3394 5
3395 6
3396 3
3397 3
3398 4
3399 6
3400 4
3401 4
3402 5
3403 6
3404 6
3405 5
3406 6
3407 6
3408 2
3409 3
3410 4
3411 6
3412 3
3413 3
3414 4
3415 5
3416 4
3417 4
3418 5
3419 5
3420 6
3421 5
3422 5
3423 6
3424 4
3425 4
3426 5
3427 6
3428 4
3429 4
3430 5
3431 5
3432 5
3433 4
3434 5
3435 6
3436 6
3437 5
3438 6
3439 6
3440 6
3441 5
3442 6
3443 6
3444 5
3445 5
3446 5
3447 6
3448 6
3449 5
3450 5
3451 6
3452 6
3453 6
3454 6
3455 6
3456 3
3457 4
3458 5
3459 6
3460 3
3461 4
3462 5
3463 6
3464 5
3465 5
3466 5
3467 6
3468 6
3469 6
3470 6
3471 6
3472 3
3473 4
3474 5
3475 6
3476 3
3477 4
3478 4
3479 5
3480 4
3481 4
3482 5
3483 6
3484 6
3485 5
3486 5
3487 6
3488 4
3489 4
3490 5
3491 6
3492 4
3493 4
3494 5
3495 6
3496 5
3497 5
3498 5
3499 6
3500 6
3501 5
3502 6
3503 6
3504 6
3505 5
3506 6
3507 6
3508 5
3509 5
3510 5
3511 6
3512 6
3513 5
3514 6
3515 6
3516 6
3517 6
3518 6
3519 6
3520 6
3521 5
3522 6
3523 7
3524 5
3525 5
3526 5
3527 6
3528 6
3529 5
3530 6
3531 6
3532 7
3533 6
3534 6
3535 7
3536 5
3537 5
3538 5
3539 6
3540 4
3541 4
3542 5
3543 6
3544 5
3545 5
3546 5
3547 6
3548 6
3549 6
3550 6
3551 6
3552 5
3553 5
3554 5
3555 6
3556 5
3557 5
3558 5
3559 6
3560 5
3561 5
3562 5
3563 6
3564 6
3565 6
3566 6
3567 6
3568 7
3569 6
3570 6
3571 7
3572 6
3573 5
3574 6
3575 6
3576 6
3577 6
3578 6
3579 6
3580 7
3581 6
3582 6
3583 7
3584 1
3585 4
3586 5
3587 7
3588 3
3589 4
3590 5
3591 6
3592 5
3593 5
3594 5
3595 6
3596 7
3597 6
3598 6
3599 7
3600 2
3601 4
3602 5
3603 6
3604 3
3605 4
3606 5
3607 6
3608 5
3609 4
3610 5
3611 6
3612 6
3613 5
3614 6
3615 6
3616 4
3617 4
3618 5
3619 6
3620 4
3621 4
3622 5
3623 6
3624 5
3625 5
3626 5
3627 6
3628 6
3629 6
3630 6
3631 6
3632 7
3633 6
3634 6
3635 7
3636 6
3637 5
3638 6
3639 6
3640 6
3641 5
3642 6
3643 6
3644 7
3645 6
3646 6
3647 7
3648 1
3649 4
3650 5
3651 6
3652 3
3653 4
3654 5
3655 6
3656 5
3657 4
3658 5
3659 6
3660 6
3661 5
3662 6
3663 6
3664 2
3665 3
3666 5
3667 6
3668 3
3669 3
3670 4
3671 5
3672 4
3673 4
3674 5
3675 6
3676 6
3677 5
3678 5
3679 6
3680 4
3681 4
3682 5
3683 6
3684 4
3685 4
3686 5
3687 6
3688 5
3689 4
3690 5
3691 6
3692 6
3693 5
3694 6
3695 6
3696 6
3697 5
3698 6
3699 6
3700 5
3701 5
3702 5
3703 6
3704 6
3705 5
3706 5
3707 6
3708 6
3709 6
3710 6
3711 6
3712 3
3713 4
3714 5
3715 6
3716 4
3717 4
3718 5
3719 6
3720 5
3721 5
3722 5
3723 6
3724 6
3725 6
3726 6
3727 6
3728 3
3729 4
3730 5
3731 6
3732 3
3733 4
3734 5
3735 6
3736 4
3737 4
3738 5
3739 6
3740 6
3741 5
3742 6
3743 6
3744 4
3745 4
3746 5
3747 6
3748 4
3749 4
3750 5
3751 6
3752 5
3753 5
3754 5
3755 6
3756 6
3757 5
3758 6
3759 6
3760 6
3761 5
3762 6
3763 6
3764 5
3765 5
3766 5
3767 6
3768 6
3769 5
3770 6
3771 6
3772 6
3773 6
3774 6
3775 7
3776 6
3777 5
3778 6
3779 7
3780 5
3781 5
3782 5
3783 6
3784 6
3785 5
3786 6
3787 6
3788 7
3789 6
3790 6
3791 7
3792 5
3793 5
3794 5
3795 6
3796 4
3797 4
3798 5
3799 6
3800 5
3801 5
3802 5
3803 6
3804 6
3805 6
3806 6
3807 6
3808 5
3809 5
3810 6
3811 6
3812 5
3813 5
3814 5
3815 6
3816 5
3817 5
3818 5
3819 6
3820 6
3821 6
3822 6
3823 6
3824 7
3825 6
3826 6
3827 7
3828 6
3829 5
3830 6
3831 6
3832 6
3833 6
3834 6
3835 6
3836 7
3837 6
3838 6
3839 7
3840 7
3841 5
3842 6
3843 7
3844 4
3845 4
3846 5
3847 6
3848 6
3849 5
3850 6
3851 6
3852 7
3853 6
3854 6
3855 7
3856 4
3857 4
3858 5
3859 6
3860 4
3861 4
3862 5
3863 6
3864 5
3865 5
3866 5
3867 6
3868 6
3869 6
3870 6
3871 7
3872 5
3873 5
3874 6
3875 7
3876 5
3877 5
3878 5
3879 6
3880 5
3881 5
3882 6
3883 6
3884 6
3885 6
3886 6
3887 7
3888 7
3889 6
3890 6
3891 7
3892 6
3893 5
3894 6
3895 7
3896 6
3897 6
3898 6
3899 7
3900 7
3901 6
3902 7
3903 7
3904 3
3905 4
3906 5
3907 7
3908 4
3909 4
3910 5
3911 6
3912 5
3913 5
3914 5
3915 6
3916 6
3917 6
3918 6
3919 7
3920 3
3921 4
3922 5
3923 6
3924 3
3925 4
3926 5
3927 6
3928 5
3929 5
3930 5
3931 6
3932 6
3933 6
3934 6
3935 6
3936 4
3937 4
3938 5
3939 6
3940 4
3941 4
3942 5
3943 6
3944 5
3945 5
3946 5
3947 6
3948 6
3949 6
3950 6
3951 6
3952 6
3953 5
3954 6
3955 7
3956 5
3957 5
3958 6
3959 6
3960 6
3961 5
3962 6
3963 6
3964 7
3965 6
3966 6
3967 7
3968 4
3969 4
3970 5
3971 7
3972 4
3973 4
3974 5
3975 6
3976 5
3977 5
3978 5
3979 6
3980 7
3981 6
3982 6
3983 7
3984 4
3985 4
3986 5
3987 6
3988 4
3989 4
3990 5
3991 6
3992 5
3993 5
3994 5
3995 6
3996 6
3997 6
3998 6
3999 6
4000 5
4001 5
4002 5
4003 6
4004 4
4005 4
4006 5
4007 6
4008 5
4009 5
4010 5
4011 6
4012 6
4013 6
4014 6
4015 6
4016 6
4017 6
4018 6
4019 7
4020 6
4021 5
4022 6
4023 6
4024 6
4025 6
4026 6
4027 6
4028 7
4029 6
4030 6
4031 7
4032 7
4033 5
4034 6
4035 7
4036 5
4037 5
4038 6
4039 6
4040 6
4041 5
4042 6
4043 7
4044 7
4045 6
4046 6
4047 7
4048 5
4049 5
4050 6
4051 7
4052 5
4053 5
4054 5
4055 6
4056 5
4057 5
4058 6
4059 6
4060 6
4061 6
4062 6
4063 7
4064 6
4065 5
4066 6
4067 7
4068 5
4069 5
4070 5
4071 6
4072 6
4073 5
4074 6
4075 6
4076 6
4077 6
4078 6
4079 7
4080 7
4081 6
4082 6
4083 7
4084 6
4085 6
4086 6
4087 7
4088 6
4089 6
4090 6
4091 7
4092 7
4093 6
4094 7
4095 7
