#CSC Position Offset LUT
#Structure is comparator code (iCC) -> Stub position offset
#iCC bits: 12
#<header> v1.0 12 32 </header>
0 0
1 0
2 0
3 0
4 0
5 0
6 0
7 -4
8 0
9 0
10 -2.5
11 -3
12 0
13 -1
14 -1.5
15 -2
16 0
17 0
18 0
19 -2
20 0
21 0
22 -2.27273
23 -2.375
24 0
25 -2
26 -2.14286
27 -2.3
28 -2
29 -1.7
30 -1.82353
31 -2
32 0
33 0
34 -1.5
35 -1.5
36 0
37 -1.63636
38 -1.7
39 -1.75862
40 -1.5
41 -1.57143
42 -1.66667
43 -1.76471
44 -1.5
45 -1.41176
46 -1.5
47 -1.61538
48 0
49 -1
50 -1
51 -1
52 -1
53 -1.125
54 -1.17241
55 -1.21429
56 -1
57 -1.1
58 -1.17647
59 -1.25
60 -1
61 -1
62 -1.07692
63 -1.16667
64 0
65 0
66 0
67 -1.33333
68 0
69 0
70 -1.75
71 -1.64706
72 0
73 -1.73684
74 -1.7
75 -1.65854
76 -1.5
77 -1.5
78 -1.5
79 -1.5
80 0
81 0
82 -1.66667
83 -1.55
84 0
85 -1.9
86 -1.82353
87 -1.75
88 -1.81818
89 -1.80769
90 -1.78049
91 -1.75
92 -1.625
93 -1.625
94 -1.625
95 -1.625
96 0
97 -1.57895
98 -1.5
99 -1.41509
100 -1.75
101 -1.69231
102 -1.63636
103 -1.58065
104 -1.64286
105 -1.63636
106 -1.61538
107 -1.59155
108 -1.5
109 -1.5
110 -1.5
111 -1.5
112 -1
113 -1.25
114 -1.2
115 -1.13636
116 -1.4
117 -1.375
118 -1.33333
119 -1.28947
120 -1.35294
121 -1.35
122 -1.33333
123 -1.31395
124 -1.25
125 -1.25
126 -1.25
127 -1.25
128 0
129 0
130 -1.16667
131 -1
132 0
133 -1.51852
134 -1.36957
135 -1.23077
136 -1.5
137 -1.44444
138 -1.35714
139 -1.26316
140 -1.25
141 -1.26667
142 -1.22727
143 -1.17241
144 0
145 -1.5
146 -1.34783
147 -1.20588
148 -1.81818
149 -1.61765
150 -1.49123
151 -1.375
152 -1.6
153 -1.54545
154 -1.47059
155 -1.3913
156 -1.37931
157 -1.38889
158 -1.35443
159 -1.30769
160 -1.5
161 -1.4
162 -1.28571
163 -1.17073
164 -1.64286
165 -1.5122
166 -1.41176
167 -1.31579
168 -1.5
169 -1.46154
170 -1.4
171 -1.33333
172 -1.32353
173 -1.33333
174 -1.30435
175 -1.26446
176 -1
177 -1.16667
178 -1.09091
179 -1
180 -1.35294
181 -1.29167
182 -1.21519
183 -1.13636
184 -1.28571
185 -1.26667
186 -1.21739
187 -1.16129
188 -1.15385
189 -1.16667
190 -1.14286
191 -1.1087
192 0
193 -1
194 -0.833333
195 -0.666667
196 -1.5
197 -1.2
198 -1.02941
199 -0.875
200 -1.25
201 -1.15094
202 -1.03659
203 -0.918919
204 -1
205 -1
206 -0.9375
207 -0.857143
208 -2
209 -1.20588
210 -1.03077
211 -0.875
212 -1.625
213 -1.33333
214 -1.175
215 -1.03571
216 -1.37931
217 -1.27419
218 -1.16842
219 -1.0625
220 -1.14286
221 -1.13158
222 -1.07273
223 -1
224 -1.5
225 -1.17073
226 -1.02632
227 -0.891892
228 -1.5
229 -1.28571
230 -1.15217
231 -1.03125
232 -1.32353
233 -1.23944
234 -1.14815
235 -1.05517
236 -1.125
237 -1.11628
238 -1.06452
239 -1
240 -1
241 -1
242 -0.896552
243 -0.785714
244 -1.25
245 -1.125
246 -1.01923
247 -0.916667
248 -1.15385
249 -1.1
250 -1.02479
251 -0.944444
252 -1
253 -1
254 -0.956522
255 -0.9
256 0
257 0
258 0
259 -1
260 0
261 0
262 -1.51163
263 -1.3
264 0
265 -1.61111
266 -1.48148
267 -1.33333
268 -1.33333
269 -1.36957
270 -1.30769
271 -1.21429
272 0
273 0
274 -1.45455
275 -1.25
276 0
277 -1.8
278 -1.625
279 -1.45455
280 -1.75
281 -1.69565
282 -1.58824
283 -1.46667
284 -1.47059
285 -1.49123
286 -1.4375
287 -1.35922
288 0
289 -1.5
290 -1.35714
291 -1.2
292 -1.73684
293 -1.63636
294 -1.50725
295 -1.37234
296 -1.6
297 -1.57143
298 -1.4878
299 -1.38889
300 -1.39024
301 -1.41176
302 -1.36842
303 -1.30328
304 -1
305 -1.2
306 -1.11765
307 -1
308 -1.375
309 -1.35849
310 -1.26829
311 -1.16216
312 -1.33333
313 -1.33333
314 -1.27083
315 -1.19048
316 -1.1875
317 -1.21519
318 -1.18182
319 -1.12766
320 0
321 0
322 -1.35294
323 -1.13158
324 0
325 -1.75
326 -1.54545
327 -1.34783
328 -1.7037
329 -1.64815
330 -1.51852
331 -1.37037
332 -1.4
333 -1.44118
334 -1.375
335 -1.27419
336 0
337 -1.68571
338 -1.48438
339 -1.29032
340 -2
341 -1.8
342 -1.625
343 -1.45455
344 -1.76471
345 -1.70769
346 -1.59375
347 -1.46457
348 -1.5
349 -1.525
350 -1.46429
351 -1.375
352 -1.54545
353 -1.54545
354 -1.4026
355 -1.24545
356 -1.76923
357 -1.66667
358 -1.53191
359 -1.39062
360 -1.63415
361 -1.60526
362 -1.51351
363 -1.40411
364 -1.42857
365 -1.45652
366 -1.40625
367 -1.32927
368 -1.0625
369 -1.28302
370 -1.2
371 -1.07874
372 -1.4375
373 -1.42857
374 -1.33333
375 -1.21918
376 -1.39583
377 -1.4023
378 -1.33333
379 -1.24242
380 -1.25
381 -1.28846
382 -1.25
383 -1.18478
384 0
385 -1.38889
386 -1.2
387 -1
388 -1.78947
389 -1.57407
390 -1.38202
391 -1.19355
392 -1.55556
393 -1.5
394 -1.37037
395 -1.22222
396 -1.28302
397 -1.32222
398 -1.25197
399 -1.14634
400 -1.75
401 -1.52174
402 -1.33333
403 -1.14754
404 -1.84615
405 -1.64615
406 -1.47115
407 -1.3007
408 -1.63636
409 -1.57143
410 -1.45161
411 -1.31707
412 -1.3871
413 -1.40777
414 -1.34028
415 -1.24324
416 -1.42857
417 -1.42857
418 -1.28571
419 -1.12857
420 -1.66667
421 -1.55263
422 -1.41176
423 -1.26543
424 -1.53846
425 -1.5
426 -1.4
427 -1.28261
428 -1.33803
429 -1.36207
430 -1.30435
431 -1.21845
432 -1
433 -1.21212
434 -1.125
435 -1
436 -1.375
437 -1.35632
438 -1.25373
439 -1.1326
440 -1.33333
441 -1.33333
442 -1.25641
443 -1.15686
444 -1.1875
445 -1.22481
446 -1.17978
447 -1.10573
448 3.35731e-13
449 -1.1087
450 -0.955056
451 -0.772727
452 -1.5
453 -1.32353
454 -1.14286
455 -0.961538
456 -1.33333
457 -1.27778
458 -1.14815
459 -1
460 -1.09091
461 -1.125
462 -1.05063
463 -0.941176
464 -1.4
465 -1.2807
466 -1.10577
467 -0.927152
468 -1.625
469 -1.425
470 -1.25
471 -1.07955
472 -1.44444
473 -1.36893
474 -1.24342
475 -1.10448
476 -1.21053
477 -1.22222
478 -1.14773
479 -1.04425
480 -1.23529
481 -1.23529
482 -1.09244
483 -0.935294
484 -1.5
485 -1.36957
486 -1.22222
487 -1.07143
488 -1.38095
489 -1.32759
490 -1.21893
491 -1.09459
492 -1.18605
493 -1.2
494 -1.13402
495 -1.04032
496 -0.875
497 -1.06329
498 -0.970149
499 -0.84127
500 -1.25
501 -1.21154
502 -1.1
503 -0.972222
504 -1.20833
505 -1.1938
506 -1.10753
507 -1
508 -1.0625
509 -1.09091
510 -1.03774
511 -0.955556
512 0
513 0
514 -1
515 -0.75
516 0
517 -1.4902
518 -1.2381
519 -1
520 -1.5
521 -1.4
522 -1.23077
523 -1.04348
524 -1.16667
525 -1.19101
526 -1.09677
527 -0.962264
528 0
529 -1.45455
530 -1.2
531 -0.965517
532 -1.88889
533 -1.59375
534 -1.36634
535 -1.15217
536 -1.6087
537 -1.5
538 -1.34426
539 -1.175
540 -1.30769
541 -1.30769
542 -1.21678
543 -1.09341
544 -1.5
545 -1.35714
546 -1.16667
547 -0.970588
548 -1.66667
549 -1.49351
550 -1.31356
551 -1.13208
552 -1.5
553 -1.42857
554 -1.3
555 -1.15385
556 -1.26316
557 -1.26891
558 -1.19136
559 -1.08293
560 -1
561 -1.11765
562 -1
563 -0.846154
564 -1.33333
565 -1.27778
566 -1.14815
567 -1
568 -1.27273
569 -1.25
570 -1.1519
571 -1.02941
572 -1.10345
573 -1.12687
574 -1.0663
575 -0.973684
576 0
577 -1.39535
578 -1.14286
579 -0.904
580 -1.91667
581 -1.57576
582 -1.33333
583 -1.10667
584 -1.58696
585 -1.48315
586 -1.31818
587 -1.13714
588 -1.26471
589 -1.28571
590 -1.19231
591 -1.06
592 -2.09091
593 -1.53571
594 -1.28713
595 -1.06164
596 -1.94118
597 -1.65
598 -1.42857
599 -1.22093
600 -1.66667
601 -1.55769
602 -1.40397
603 -1.23737
604 -1.375
605 -1.375
606 -1.28409
607 -1.16071
608 -1.6
609 -1.43478
610 -1.24576
611 -1.05389
612 -1.72727
613 -1.55319
614 -1.375
615 -1.19588
616 -1.55882
617 -1.48739
618 -1.35882
619 -1.21267
620 -1.32609
621 -1.33333
622 -1.2551
623 -1.14516
624 -1.10345
625 -1.20732
626 -1.08889
627 -0.93617
628 -1.40741
629 -1.35185
630 -1.22222
631 -1.07407
632 -1.34177
633 -1.3209
634 -1.22222
635 -1.09836
636 -1.17308
637 -1.2
638 -1.13889
639 -1.04412
640 -1.5
641 -1.2963
642 -1.07692
643 -0.857143
644 -1.76667
645 -1.48148
646 -1.25758
647 -1.04372
648 -1.5
649 -1.40741
650 -1.25
651 -1.07547
652 -1.20732
653 -1.22963
654 -1.1383
655 -1.0083
656 -1.85714
657 -1.44118
658 -1.21311
659 -1
660 -1.82927
661 -1.5625
662 -1.35099
663 -1.15049
664 -1.58824
665 -1.48387
666 -1.33333
667 -1.16949
668 -1.31579
669 -1.31579
670 -1.22488
671 -1.1015
672 -1.5
673 -1.36585
674 -1.18571
675 -1
676 -1.65385
677 -1.48649
678 -1.31176
679 -1.13537
680 -1.5
681 -1.42857
682 -1.3
683 -1.15385
684 -1.27778
685 -1.28402
686 -1.20435
687 -1.09278
688 -1.05882
689 -1.16667
690 -1.05063
691 -0.9
692 -1.36508
693 -1.30952
694 -1.17989
695 -1.03175
696 -1.30435
697 -1.28205
698 -1.18182
699 -1.05634
700 -1.1405
701 -1.16667
702 -1.10359
703 -1.00633
704 -0.5
705 -1.07692
706 -0.903226
707 -0.704918
708 -1.5
709 -1.29167
710 -1.08974
711 -0.888889
712 -1.31818
713 -1.24409
714 -1.09574
715 -0.927711
716 -1.0625
717 -1.08861
718 -1
719 -0.87234
720 -1.47059
721 -1.25
722 -1.04895
723 -0.849515
724 -1.625
725 -1.39286
726 -1.19318
727 -1
728 -1.43038
729 -1.33333
730 -1.1866
731 -1.02555
732 -1.18182
733 -1.18182
734 -1.09091
735 -0.967532
736 -1.28571
737 -1.21053
738 -1.04321
739 -0.864629
740 -1.5
741 -1.34375
742 -1.17347
743 -1
744 -1.36957
745 -1.29814
746 -1.16957
747 -1.02341
748 -1.16129
749 -1.16495
750 -1.08333
751 -0.97006
752 -0.923077
753 -1.04545
754 -0.933702
755 -0.785714
756 -1.25
757 -1.19444
758 -1.06481
759 -0.916667
760 -1.2
761 -1.17416
762 -1.07171
763 -0.944445
764 -1.04348
765 -1.06604
766 -1
767 -0.9
768 0
769 -1
770 -0.75
771 -0.5
772 -1.66667
773 -1.26316
774 -0.992
775 -0.741379
776 -1.33333
777 -1.19231
778 -1
779 -0.794118
780 -1
781 -1
782 -0.885246
783 -0.730769
784 -2
785 -1.25
786 -0.965517
787 -0.714286
788 -1.775
789 -1.39785
790 -1.13699
791 -0.899498
792 -1.47059
793 -1.31148
794 -1.125
795 -0.930435
796 -1.15625
797 -1.12583
798 -1.00971
799 -0.862069
800 -1.5
801 -1.2
802 -0.970588
803 -0.75
804 -1.58491
805 -1.33636
806 -1.11976
807 -0.910714
808 -1.39024
809 -1.27143
810 -1.11111
811 -0.9375
812 -1.13514
813 -1.11176
814 -1.00873
815 -0.875
816 -1
817 -1
818 -0.846154
819 -0.666667
820 -1.27273
821 -1.15748
822 -0.994681
823 -0.819277
824 -1.1875
825 -1.12658
826 -1
827 -0.851064
828 -1
829 -1
830 -0.916667
831 -0.8
832 -3
833 -1.2
834 -0.923077
835 -0.672414
836 -1.82353
837 -1.3913
838 -1.12
839 -0.875
840 -1.46154
841 -1.30645
842 -1.11475
843 -0.913223
844 -1.125
845 -1.11538
846 -1
847 -0.847826
848 -2.1875
849 -1.37662
850 -1.08696
851 -0.839196
852 -1.875
853 -1.49091
854 -1.23256
855 -1
856 -1.5625
857 -1.3986
858 -1.21359
859 -1.0223
860 -1.25
861 -1.21591
862 -1.1
863 -0.953947
864 -1.65517
865 -1.30851
866 -1.07547
867 -0.857143
868 -1.67742
869 -1.42188
870 -1.20619
871 -1
872 -1.47368
873 -1.35185
874 -1.19214
875 -1.02027
876 -1.21875
877 -1.19388
878 -1.09091
879 -0.957831
880 -1.14286
881 -1.10811
882 -0.95
883 -0.771084
884 -1.36842
885 -1.24658
886 -1.08333
887 -0.909091
888 -1.27273
889 -1.20994
890 -1.08333
891 -0.934985
892 -1.08333
893 -1.08333
894 -1
895 -0.883333
896 -2
897 -1.16667
898 -0.913043
899 -0.676471
900 -1.73171
901 -1.35185
902 -1.09714
903 -0.863636
904 -1.42105
905 -1.27778
906 -1.09434
907 -0.9
908 -1.10811
909 -1.1
910 -0.987952
911 -0.839623
912 -2
913 -1.33333
914 -1.0625
915 -0.826087
916 -1.80357
917 -1.44882
918 -1.20202
919 -0.977695
920 -1.52174
921 -1.36585
922 -1.18644
923 -1
924 -1.22656
925 -1.19403
926 -1.08029
927 -0.936599
928 -1.58824
929 -1.27778
930 -1.05495
931 -0.84375
932 -1.6338
933 -1.39041
934 -1.181
935 -0.97973
936 -1.44444
937 -1.32609
938 -1.16923
939 -1
940 -1.2
941 -1.17568
942 -1.07358
943 -0.94149
944 -1.125
945 -1.09524
946 -0.941176
947 -0.765957
948 -1.34884
949 -1.2303
950 -1.06967
951 -0.897833
952 -1.25806
953 -1.19608
954 -1.07042
955 -0.923077
956 -1.07407
957 -1.07407
958 -0.990741
959 -0.874075
960 -1
961 -1
962 -0.792453
963 -0.576923
964 -1.5
965 -1.20968
966 -0.98
967 -0.76087
968 -1.27586
969 -1.15854
970 -0.987552
971 -0.801887
972 -1
973 -1
974 -0.893617
975 -0.75
976 -1.625
977 -1.18447
978 -0.945055
979 -0.724138
980 -1.625
981 -1.31944
982 -1.08929
983 -0.875
984 -1.39423
985 -1.25405
986 -1.08271
987 -0.902018
988 -1.125
989 -1.09735
990 -0.987013
991 -0.846154
992 -1.38462
993 -1.15574
994 -0.951219
995 -0.75
996 -1.5
997 -1.28049
998 -1.08065
999 -0.885542
1000 -1.33884
1001 -1.22816
1002 -1.0756
1003 -0.909575
1004 -1.11111
1005 -1.08871
1006 -0.988024
1007 -0.857143
1008 -1
1009 -1
1010 -0.855263
1011 -0.685714
1012 -1.25
1013 -1.1413
1014 -0.985294
1015 -0.816667
1016 -1.17391
1017 -1.11454
1018 -0.990506
1019 -0.844445
1020 -1
1021 -1
1022 -0.916667
1023 -0.8
1024 0
1025 0
1026 0
1027 -1.2
1028 0
1029 0
1030 -1.73529
1031 -1.46809
1032 0
1033 -1.84746
1034 -1.68605
1035 -1.48673
1036 -1.5
1037 -1.57895
1038 -1.5
1039 -1.36364
1040 0
1041 0
1042 -1.62687
1043 -1.375
1044 0
1045 -2
1046 -1.7907
1047 -1.56897
1048 -1.90698
1049 -1.87838
1050 -1.74286
1051 -1.57353
1052 -1.6
1053 -1.65217
1054 -1.58065
1055 -1.46154
1056 0
1057 -1.64706
1058 -1.5
1059 -1.30769
1060 -1.83333
1061 -1.8
1062 -1.65385
1063 -1.47826
1064 -1.72222
1065 -1.73034
1066 -1.62903
1067 -1.49057
1068 -1.5
1069 -1.55556
1070 -1.5
1071 -1.4
1072 -1
1073 -1.3125
1074 -1.24752
1075 -1.1087
1076 -1.43478
1077 -1.5
1078 -1.40984
1079 -1.275
1080 -1.43077
1081 -1.48077
1082 -1.41259
1083 -1.3022
1084 -1.28571
1085 -1.35484
1086 -1.31707
1087 -1.23529
1088 0
1089 0
1090 -1.5
1091 -1.24528
1092 0
1093 -1.91525
1094 -1.69149
1095 -1.45736
1096 -1.81818
1097 -1.8
1098 -1.65517
1099 -1.47368
1100 -1.5
1101 -1.57426
1102 -1.5
1103 -1.37143
1104 0
1105 -1.80769
1106 -1.6
1107 -1.375
1108 -2.05714
1109 -1.93243
1110 -1.74336
1111 -1.53947
1112 -1.85714
1113 -1.83333
1114 -1.70588
1115 -1.54545
1116 -1.58442
1117 -1.63559
1118 -1.56604
1119 -1.45
1120 -1.5
1121 -1.63636
1122 -1.5
1123 -1.32
1124 -1.80435
1125 -1.77528
1126 -1.63636
1127 -1.46857
1128 -1.70588
1129 -1.71429
1130 -1.61538
1131 -1.48
1132 -1.5
1133 -1.55556
1134 -1.5
1135 -1.4
1136 -1.05882
1137 -1.35
1138 -1.28571
1139 -1.15116
1140 -1.45614
1141 -1.51923
1142 -1.43046
1143 -1.29798
1144 -1.45
1145 -1.5
1146 -1.43182
1147 -1.32143
1148 -1.31068
1149 -1.38158
1150 -1.34328
1151 -1.26
1152 0
1153 -1.47059
1154 -1.30851
1155 -1.09489
1156 -1.75
1157 -1.68421
1158 -1.5
1159 -1.29268
1160 -1.60714
1161 -1.61386
1162 -1.4863
1163 -1.31937
1164 -1.35
1165 -1.42857
1166 -1.36047
1167 -1.23853
1168 -1.47368
1169 -1.59091
1170 -1.42478
1171 -1.225
1172 -1.81818
1173 -1.73913
1174 -1.57143
1175 -1.38298
1176 -1.68116
1177 -1.66949
1178 -1.5509
1179 -1.39815
1180 -1.44681
1181 -1.5
1182 -1.43299
1183 -1.31967
1184 -1.3
1185 -1.48148
1186 -1.36364
1187 -1.19672
1188 -1.64286
1189 -1.62963
1190 -1.5
1191 -1.33962
1192 -1.57317
1193 -1.58519
1194 -1.48936
1195 -1.35685
1196 -1.38889
1197 -1.44444
1198 -1.38889
1199 -1.28889
1200 -0.951219
1201 -1.25
1202 -1.19205
1203 -1.06311
1204 -1.35294
1205 -1.41935
1206 -1.33333
1207 -1.20339
1208 -1.35789
1209 -1.40789
1210 -1.33971
1211 -1.22932
1212 -1.22951
1213 -1.3
1214 -1.2605
1215 -1.17568
1216 4.74287e-13
1217 -1.125
1218 -1.03448
1219 -0.857143
1220 -1.35
1221 -1.3871
1222 -1.23973
1223 -1.05528
1224 -1.32353
1225 -1.36066
1226 -1.25
1227 -1.09565
1228 -1.125
1229 -1.21192
1230 -1.15049
1231 -1.03448
1232 -1
1233 -1.3
1234 -1.17647
1235 -1
1236 -1.50943
1237 -1.48182
1238 -1.33533
1239 -1.16071
1240 -1.43902
1241 -1.44286
1242 -1.33333
1243 -1.1875
1244 -1.24324
1245 -1.3
1246 -1.23581
1247 -1.125
1248 -1
1249 -1.25
1250 -1.15385
1251 -1
1252 -1.40909
1253 -1.41732
1254 -1.29787
1255 -1.14458
1256 -1.375
1257 -1.39241
1258 -1.3
1259 -1.17021
1260 -1.21429
1261 -1.26984
1262 -1.21429
1263 -1.11429
1264 -0.75
1265 -1.07143
1266 -1.02273
1267 -0.9
1268 -1.17722
1269 -1.25
1270 -1.16746
1271 -1.04015
1272 -1.2
1273 -1.25
1274 -1.18182
1275 -1.07143
1276 -1.08511
1277 -1.15385
1278 -1.11273
1279 -1.02632
1280 0
1281 0
1282 -1.38554
1283 -1.1129
1284 0
1285 -1.85294
1286 -1.6
1287 -1.34211
1288 -1.76471
1289 -1.73404
1290 -1.56934
1291 -1.36667
1292 -1.42105
1293 -1.5
1294 -1.41463
1295 -1.26923
1296 0
1297 -1.74576
1298 -1.50962
1299 -1.26174
1300 -2.05
1301 -1.88372
1302 -1.66667
1303 -1.4382
1304 -1.81818
1305 -1.77876
1306 -1.63125
1307 -1.44928
1308 -1.52174
1309 -1.57143
1310 -1.48936
1311 -1.35593
1312 -1.44444
1313 -1.57895
1314 -1.424
1315 -1.22414
1316 -1.77778
1317 -1.73077
1318 -1.57143
1319 -1.38235
1320 -1.66667
1321 -1.66667
1322 -1.55191
1323 -1.39744
1324 -1.44444
1325 -1.5
1326 -1.43396
1327 -1.31818
1328 -0.975
1329 -1.29032
1330 -1.21918
1331 -1.07035
1332 -1.41176
1333 -1.47541
1334 -1.375
1335 -1.22609
1336 -1.40625
1337 -1.45695
1338 -1.37864
1339 -1.25287
1340 -1.25806
1341 -1.33333
1342 -1.28814
1343 -1.19178
1344 0
1345 -1.64286
1346 -1.41509
1347 -1.16667
1348 -2
1349 -1.82558
1350 -1.59854
1351 -1.3617
1352 -1.75
1353 -1.72414
1354 -1.57143
1355 -1.38182
1356 -1.44086
1357 -1.5137
1358 -1.43216
1359 -1.29365
1360 -1.80008
1361 -1.72973
1362 -1.51562
1363 -1.28571
1364 -2
1365 -1.85714
1366 -1.65625
1367 -1.44186
1368 -1.8
1369 -1.76471
1370 -1.625
1371 -1.45161
1372 -1.52727
1373 -1.57485
1374 -1.49554
1375 -1.36655
1376 -1.47059
1377 -1.58696
1378 -1.44
1379 -1.25
1380 -1.76923
1381 -1.72581
1382 -1.57377
1383 -1.39256
1384 -1.66667
1385 -1.66667
1386 -1.55556
1387 -1.4058
1388 -1.45669
1389 -1.51064
1390 -1.44578
1391 -1.33226
1392 -1.04167
1393 -1.32727
1394 -1.25581
1395 -1.11111
1396 -1.4375
1397 -1.4965
1398 -1.39806
1399 -1.25279
1400 -1.42857
1401 -1.47727
1402 -1.4
1403 -1.27632
1404 -1.28472
1405 -1.35885
1406 -1.31387
1407 -1.21829
1408 -0.727273
1409 -1.44286
1410 -1.27907
1411 -1.06383
1412 -1.72727
1413 -1.65385
1414 -1.46341
1415 -1.25
1416 -1.58442
1417 -1.58696
1418 -1.45226
1419 -1.27692
1420 -1.32727
1421 -1.40698
1422 -1.33333
1423 -1.2027
1424 -1.46154
1425 -1.5618
1426 -1.38816
1427 -1.1814
1428 -1.8
1429 -1.70968
1430 -1.53191
1431 -1.33333
1432 -1.65957
1433 -1.64151
1434 -1.51339
1435 -1.34948
1436 -1.42188
1437 -1.47423
1438 -1.4
1439 -1.27607
1440 -1.29268
1441 -1.46296
1442 -1.33714
1443 -1.16116
1444 -1.63158
1445 -1.61111
1446 -1.4717
1447 -1.3
1448 -1.55856
1449 -1.56667
1450 -1.46185
1451 -1.31761
1452 -1.36986
1453 -1.42593
1454 -1.36364
1455 -1.25281
1456 -0.946429
1457 -1.24409
1458 -1.18182
1459 -1.04461
1460 -1.34783
1461 -1.41463
1462 -1.32203
1463 -1.18182
1464 -1.35156
1465 -1.40299
1466 -1.32847
1467 -1.20749
1468 -1.21951
1469 -1.29412
1470 -1.25
1471 -1.15544
1472 1.17417e-12
1473 -1.14286
1474 -1.05263
1475 -0.872727
1476 -1.35849
1477 -1.40164
1478 -1.25131
1479 -1.06154
1480 -1.33333
1481 -1.375
1482 -1.26087
1483 -1.1
1484 -1.13386
1485 -1.22727
1486 -1.16357
1487 -1.04118
1488 -1
1489 -1.30769
1490 -1.18182
1491 -1
1492 -1.51429
1493 -1.48951
1494 -1.33796
1495 -1.15571
1496 -1.44444
1497 -1.45055
1498 -1.33594
1499 -1.18182
1500 -1.24658
1501 -1.30769
1502 -1.23986
1503 -1.12129
1504 -1
1505 -1.25806
1506 -1.16
1507 -1
1508 -1.41379
1509 -1.42683
1510 -1.3029
1511 -1.14151
1512 -1.38095
1513 -1.40196
1514 -1.30496
1515 -1.16667
1516 -1.21818
1517 -1.27869
1518 -1.21981
1519 -1.11194
1520 -0.75
1521 -1.08333
1522 -1.03571
1523 -0.907895
1524 -1.18269
1525 -1.26486
1526 -1.18045
1527 -1.04611
1528 -1.20833
1529 -1.26549
1530 -1.19481
1531 -1.07692
1532 -1.09239
1533 -1.16854
1534 -1.12571
1535 -1.03233
1536 0
1537 -1.38983
1538 -1.17241
1539 -0.919075
1540 -1.83333
1541 -1.6383
1542 -1.39474
1543 -1.14286
1544 -1.58571
1545 -1.55039
1546 -1.38298
1547 -1.17814
1548 -1.26923
1549 -1.34146
1550 -1.25
1551 -1.09859
1552 -1.63158
1553 -1.55
1554 -1.31915
1555 -1.07426
1556 -1.88889
1557 -1.7069
1558 -1.48315
1559 -1.25
1560 -1.67416
1561 -1.61842
1562 -1.46047
1563 -1.26978
1564 -1.3871
1565 -1.42553
1566 -1.33333
1567 -1.18987
1568 -1.33333
1569 -1.43564
1570 -1.27108
1571 -1.06494
1572 -1.66667
1573 -1.5942
1574 -1.42157
1575 -1.22222
1576 -1.55556
1577 -1.53714
1578 -1.40909
1579 -1.24272
1580 -1.33333
1581 -1.37736
1582 -1.3
1583 -1.17241
1584 -0.90566
1585 -1.18852
1586 -1.10471
1587 -0.946154
1588 -1.33333
1589 -1.375
1590 -1.26087
1591 -1.1
1592 -1.32283
1593 -1.35859
1594 -1.26766
1595 -1.12941
1596 -1.17073
1597 -1.23729
1598 -1.18182
1599 -1.07368
1600 -1
1601 -1.45946
1602 -1.24286
1603 -1
1604 -1.84783
1605 -1.66372
1606 -1.43333
1607 -1.19433
1608 -1.61905
1609 -1.57895
1610 -1.41818
1611 -1.22222
1612 -1.31967
1613 -1.3822
1614 -1.29231
1615 -1.1459
1616 -1.69231
1617 -1.58333
1618 -1.36145
1619 -1.12712
1620 -1.89231
1621 -1.72059
1622 -1.50725
1623 -1.28417
1624 -1.69231
1625 -1.63636
1626 -1.48387
1627 -1.3
1628 -1.41958
1629 -1.4537
1630 -1.36332
1631 -1.22376
1632 -1.40909
1633 -1.47458
1634 -1.3125
1635 -1.11278
1636 -1.69048
1637 -1.61635
1638 -1.44872
1639 -1.25566
1640 -1.58065
1641 -1.56
1642 -1.43478
1643 -1.27273
1644 -1.36585
1645 -1.40664
1646 -1.33019
1647 -1.20506
1648 -1
1649 -1.24286
1650 -1.15596
1651 -1
1652 -1.37864
1653 -1.41209
1654 -1.29885
1655 -1.14118
1656 -1.36111
1657 -1.39286
1658 -1.30263
1659 -1.16667
1660 -1.21081
1661 -1.27444
1662 -1.21902
1663 -1.11215
1664 -0.642857
1665 -1.32584
1666 -1.15854
1667 -0.941423
1668 -1.64286
1669 -1.54545
1670 -1.34615
1671 -1.12676
1672 -1.5
1673 -1.48571
1674 -1.34127
1675 -1.15805
1676 -1.24286
1677 -1.31193
1678 -1.22973
1679 -1.09091
1680 -1.42424
1681 -1.46429
1682 -1.27749
1683 -1.06296
1684 -1.73684
1685 -1.61538
1686 -1.42373
1687 -1.21519
1688 -1.58824
1689 -1.55
1690 -1.40925
1691 -1.23481
1692 -1.34568
1693 -1.38525
1694 -1.30061
1695 -1.16667
1696 -1.26923
1697 -1.38519
1698 -1.24312
1699 -1.05648
1700 -1.58333
1701 -1.53333
1702 -1.37879
1703 -1.1954
1704 -1.5
1705 -1.48889
1706 -1.37097
1707 -1.21519
1708 -1.30435
1709 -1.34815
1710 -1.27528
1711 -1.15385
1712 -0.929577
1713 -1.18354
1714 -1.10612
1715 -0.957831
1716 -1.31034
1717 -1.35294
1718 -1.24658
1719 -1.09474
1720 -1.30435
1721 -1.34
1722 -1.25369
1723 -1.1215
1724 -1.16505
1725 -1.22973
1726 -1.17617
1727 -1.07143
1728 -4.70735e-13
1729 -1.07692
1730 -0.978723
1731 -0.794118
1732 -1.31818
1733 -1.33775
1734 -1.17797
1735 -0.981308
1736 -1.28571
1737 -1.31313
1738 -1.19014
1739 -1.02162
1740 -1.08228
1741 -1.16735
1742 -1.09639
1743 -0.966587
1744 -1
1745 -1.25
1746 -1.11111
1747 -0.921053
1748 -1.48276
1749 -1.43182
1750 -1.26792
1751 -1.07627
1752 -1.40299
1753 -1.39286
1754 -1.26752
1755 -1.10396
1756 -1.19889
1757 -1.25
1758 -1.17355
1759 -1.04626
1760 -1
1761 -1.21053
1762 -1.09836
1763 -0.928571
1764 -1.38889
1765 -1.37811
1766 -1.2415
1767 -1.06977
1768 -1.34615
1769 -1.352
1770 -1.24419
1771 -1.09589
1772 -1.17647
1773 -1.22742
1774 -1.1599
1775 -1.04295
1776 -0.75
1777 -1.04545
1778 -0.985294
1779 -0.847826
1780 -1.16279
1781 -1.22566
1782 -1.13003
1783 -0.985714
1784 -1.17978
1785 -1.22464
1786 -1.14438
1787 -1.01695
1788 -1.05727
1789 -1.12577
1790 -1.07529
1791 -0.973283
1792 3
1793 -1.10526
1794 -0.926175
1795 -0.689189
1796 -1.56522
1797 -1.4
1798 -1.16495
1799 -0.91791
1800 -1.38202
1801 -1.34146
1802 -1.17155
1803 -0.964968
1804 -1.09091
1805 -1.15385
1806 -1.05634
1807 -0.9
1808 -1.375
1809 -1.32673
1810 -1.10112
1811 -0.858824
1812 -1.70588
1813 -1.50685
1814 -1.27679
1815 -1.03974
1816 -1.50893
1817 -1.43455
1818 -1.26667
1819 -1.06879
1820 -1.23077
1821 -1.25424
1822 -1.1519
1823 -1
1824 -1.2
1825 -1.2619
1826 -1.08696
1827 -0.875
1828 -1.53333
1829 -1.43023
1830 -1.24409
1831 -1.03571
1832 -1.42222
1833 -1.38073
1834 -1.2392
1835 -1.0625
1836 -1.2
1837 -1.22727
1838 -1.13793
1839 -1
1840 -0.818182
1841 -1.05298
1842 -0.95339
1843 -0.785047
1844 -1.23214
1845 -1.24242
1846 -1.11268
1847 -0.940541
1848 -1.21519
1849 -1.22857
1850 -1.12349
1851 -0.973747
1852 -1.05882
1853 -1.10959
1854 -1.04211
1855 -0.923077
1856 -0.6
1857 -1.23913
1858 -1.03448
1859 -0.796875
1860 -1.66667
1861 -1.47143
1862 -1.23767
1863 -0.996732
1864 -1.46154
1865 -1.40426
1866 -1.23529
1867 -1.03371
1868 -1.17219
1869 -1.22034
1870 -1.1215
1871 -0.96798
1872 -1.5625
1873 -1.40678
1874 -1.17647
1875 -0.937931
1876 -1.7625
1877 -1.55689
1878 -1.33071
1879 -1.09971
1880 -1.5625
1881 -1.48148
1882 -1.31579
1883 -1.12245
1884 -1.28977
1885 -1.30566
1886 -1.20339
1887 -1.05418
1888 -1.33333
1889 -1.33333
1890 -1.15385
1891 -0.944444
1892 -1.59223
1893 -1.47938
1894 -1.29474
1895 -1.09043
1896 -1.47368
1897 -1.42623
1898 -1.28571
1899 -1.11215
1900 -1.25373
1901 -1.27551
1902 -1.18605
1903 -1.05
1904 -0.947368
1905 -1.12941
1906 -1.02273
1907 -0.854749
1908 -1.30159
1909 -1.29864
1910 -1.16772
1911 -0.997567
1912 -1.27273
1913 -1.27941
1914 -1.17391
1915 -1.02586
1916 -1.11504
1917 -1.16099
1918 -1.09286
1919 -0.974855
1920 -0.529412
1921 -1.16667
1922 -0.994975
1923 -0.775862
1924 -1.52941
1925 -1.4
1926 -1.19048
1927 -0.965116
1928 -1.38655
1929 -1.34906
1930 -1.19344
1931 -1.00251
1932 -1.12941
1933 -1.18182
1934 -1.08939
1935 -0.942478
1936 -1.375
1937 -1.33333
1938 -1.13043
1939 -0.907692
1940 -1.65217
1941 -1.48936
1942 -1.28169
1943 -1.06316
1944 -1.49306
1945 -1.42739
1946 -1.27219
1947 -1.08736
1948 -1.2449
1949 -1.26531
1950 -1.16837
1951 -1.02449
1952 -1.2381
1953 -1.27778
1954 -1.11494
1955 -0.916667
1956 -1.51724
1957 -1.42593
1958 -1.25316
1959 -1.05769
1960 -1.42012
1961 -1.38148
1962 -1.24798
1963 -1.08051
1964 -1.21622
1965 -1.24074
1966 -1.15493
1967 -1.02273
1968 -0.906977
1969 -1.09524
1970 -0.996575
1971 -0.835443
1972 -1.25714
1973 -1.2623
1974 -1.13793
1975 -0.973451
1976 -1.23711
1977 -1.24749
1978 -1.14604
1979 -1.00196
1980 -1.08871
1981 -1.13559
1982 -1.06957
1983 -0.954064
1984 -4.93827e-13
1985 -0.967742
1986 -0.857143
1987 -0.666667
1988 -1.25316
1989 -1.23333
1990 -1.0605
1991 -0.856021
1992 -1.20896
1993 -1.21186
1994 -1.07692
1995 -0.9
1996 -1
1997 -1.06849
1998 -0.987342
1999 -0.849398
2000 -1
2001 -1.15789
2002 -1
2003 -0.8
2004 -1.43269
2005 -1.33971
2006 -1.15924
2007 -0.957041
2008 -1.3375
2009 -1.30075
2010 -1.16129
2011 -0.987448
2012 -1.125
2013 -1.15789
2014 -1.06977
2015 -0.932961
2016 -1
2017 -1.13333
2018 -1
2019 -0.818182
2020 -1.34884
2021 -1.29832
2022 -1.14409
2023 -0.960526
2024 -1.29032
2025 -1.27027
2026 -1.14778
2027 -0.988372
2028 -1.11111
2029 -1.14407
2030 -1.06452
2031 -0.9375
2032 -0.75
2033 -0.980769
2034 -0.9
2035 -0.75
2036 -1.12987
2037 -1.1573
2038 -1.04474
2039 -0.888438
2040 -1.13208
2041 -1.15337
2042 -1.05909
2043 -0.920578
2044 -1
2045 -1.05195
2046 -0.99
2047 -0.878049
2048 0
2049 0
2050 -1.3
2051 -1
2052 0
2053 -1.81928
2054 -1.52985
2055 -1.24324
2056 -1.75
2057 -1.68966
2058 -1.5
2059 -1.27273
2060 -1.375
2061 -1.44295
2062 -1.34158
2063 -1.17647
2064 0
2065 -1.72222
2066 -1.44444
2067 -1.16667
2068 -2.07843
2069 -1.85849
2070 -1.6087
2071 -1.35185
2072 -1.80952
2073 -1.74286
2074 -1.57143
2075 -1.36508
2076 -1.48718
2077 -1.52299
2078 -1.42424
2079 -1.27083
2080 -1.5
2081 -1.55319
2082 -1.36842
2083 -1.14286
2084 -1.78571
2085 -1.70543
2086 -1.52128
2087 -1.30769
2088 -1.65385
2089 -1.63415
2090 -1.5
2091 -1.32394
2092 -1.41304
2093 -1.45729
2094 -1.37692
2095 -1.24299
2096 -1
2097 -1.25862
2098 -1.16854
2099 -1
2100 -1.40449
2101 -1.44737
2102 -1.33023
2103 -1.16187
2104 -1.3871
2105 -1.42553
2106 -1.33333
2107 -1.18987
2108 -1.22642
2109 -1.29464
2110 -1.23875
2111 -1.12712
2112 0
2113 -1.62687
2114 -1.35714
2115 -1.08108
2116 -2.04545
2117 -1.80769
2118 -1.54878
2119 -1.28571
2120 -1.75
2121 -1.69504
2122 -1.5198
2123 -1.30798
2124 -1.41379
2125 -1.47191
2126 -1.375
2127 -1.21854
2128 -1.92593
2129 -1.72222
2130 -1.47059
2131 -1.21296
2132 -2.03125
2133 -1.84375
2134 -1.61458
2135 -1.375
2136 -1.80198
2137 -1.74096
2138 -1.58009
2139 -1.38514
2140 -1.50725
2141 -1.53922
2142 -1.44444
2143 -1.29762
2144 -1.54348
2145 -1.57522
2146 -1.4
2147 -1.18623
2148 -1.78571
2149 -1.71053
2150 -1.53636
2151 -1.33333
2152 -1.66393
2153 -1.64398
2154 -1.51538
2155 -1.3465
2156 -1.4375
2157 -1.47826
2158 -1.4
2159 -1.27027
2160 -1.09231
2161 -1.30882
2162 -1.21739
2163 -1.05396
2164 -1.44231
2165 -1.47727
2166 -1.3629
2167 -1.2
2168 -1.41958
2169 -1.4537
2170 -1.36332
2171 -1.22376
2172 -1.26374
2173 -1.32812
2174 -1.27273
2175 -1.16337
2176 -1
2177 -1.42857
2178 -1.23684
2179 -1
2180 -1.75
2181 -1.64
2182 -1.42784
2183 -1.19392
2184 -1.58333
2185 -1.56627
2186 -1.41525
2187 -1.22222
2188 -1.30882
2189 -1.37681
2190 -1.29137
2191 -1.14613
2192 -1.55556
2193 -1.55556
2194 -1.35556
2195 -1.12698
2196 -1.81818
2197 -1.7
2198 -1.50224
2199 -1.28378
2200 -1.66102
2201 -1.625
2202 -1.4812
2203 -1.3
2204 -1.40881
2205 -1.44872
2206 -1.36246
2207 -1.22396
2208 -1.35714
2209 -1.45455
2210 -1.30769
2211 -1.11268
2212 -1.64286
2213 -1.6
2214 -1.44444
2215 -1.25532
2216 -1.55714
2217 -1.55046
2218 -1.43243
2219 -1.27273
2220 -1.35714
2221 -1.4023
2222 -1.32941
2223 -1.20525
2224 -1
2225 -1.23077
2226 -1.15254
2227 -1
2228 -1.35294
2229 -1.4
2230 -1.29537
2231 -1.14088
2232 -1.34568
2233 -1.38525
2234 -1.30061
2235 -1.16667
2236 -1.20488
2237 -1.27083
2238 -1.21833
2239 -1.11234
2240 -0.25
2241 -1.11881
2242 -1.01685
2243 -0.823529
2244 -1.35294
2245 -1.38356
2246 -1.22321
2247 -1.01987
2248 -1.32143
2249 -1.35602
2250 -1.23333
2251 -1.06017
2252 -1.11538
2253 -1.20339
2254 -1.13291
2255 -1
2256 -1.06667
2257 -1.29365
2258 -1.15459
2259 -0.958333
2260 -1.51111
2261 -1.47674
2262 -1.31496
2263 -1.11905
2264 -1.43704
2265 -1.43578
2266 -1.31229
2267 -1.14583
2268 -1.23333
2269 -1.28788
2270 -1.21264
2271 -1.08333
2272 -1.04545
2273 -1.24503
2274 -1.13559
2275 -0.962617
2276 -1.41071
2277 -1.41414
2278 -1.28169
2279 -1.10811
2280 -1.37342
2281 -1.38776
2282 -1.28313
2283 -1.13365
2284 -1.20588
2285 -1.26027
2286 -1.19474
2287 -1.07692
2288 -0.793103
2289 -1.06818
2290 -1.01132
2291 -0.872881
2292 -1.1791
2293 -1.25
2294 -1.15924
2295 -1.01485
2296 -1.19889
2297 -1.25
2298 -1.17355
2299 -1.04626
2300 -1.07895
2301 -1.15
2302 -1.10194
2303 -1
2304 0
2305 -1.55882
2306 -1.28358
2307 -1
2308 -2.04651
2309 -1.77273
2310 -1.49718
2311 -1.22131
2312 -1.71429
2313 -1.65789
2314 -1.47273
2315 -1.25
2316 -1.36
2317 -1.42784
2318 -1.327
2319 -1.16265
2320 -1.91667
2321 -1.68085
2322 -1.41463
2323 -1.1453
2324 -2.0303
2325 -1.81752
2326 -1.57212
2327 -1.319
2328 -1.77778
2329 -1.71111
2330 -1.53968
2331 -1.33333
2332 -1.46667
2333 -1.50224
2334 -1.40203
2335 -1.24661
2336 -1.47826
2337 -1.53333
2338 -1.35052
2339 -1.12687
2340 -1.76405
2341 -1.68293
2342 -1.49791
2343 -1.28344
2344 -1.63636
2345 -1.61538
2346 -1.47887
2347 -1.3
2348 -1.4
2349 -1.44444
2350 -1.3617
2351 -1.22414
2352 -1
2353 -1.26027
2354 -1.16964
2355 -1
2356 -1.40179
2357 -1.44503
2358 -1.32593
2359 -1.15473
2360 -1.38462
2361 -1.42373
2362 -1.32911
2363 -1.18182
2364 -1.225
2365 -1.29537
2366 -1.23757
2367 -1.1219
2368 -1.63636
2369 -1.59302
2370 -1.3354
2371 -1.0678
2372 -2
2373 -1.77273
2374 -1.51923
2375 -1.26056
2376 -1.72277
2377 -1.66854
2378 -1.49412
2379 -1.28313
2380 -1.39726
2381 -1.45536
2382 -1.35762
2383 -1.2
2384 -1.88235
2385 -1.69027
2386 -1.44271
2387 -1.18819
2388 -2
2389 -1.8125
2390 -1.58333
2391 -1.34375
2392 -1.77778
2393 -1.71498
2394 -1.55208
2395 -1.35503
2396 -1.48837
2397 -1.51969
2398 -1.42262
2399 -1.27273
2400 -1.52632
2401 -1.55714
2402 -1.38117
2403 -1.16667
2404 -1.76923
2405 -1.69149
2406 -1.51471
2407 -1.30899
2408 -1.64901
2409 -1.62712
2410 -1.49533
2411 -1.32266
2412 -1.42424
2413 -1.46479
2414 -1.38378
2415 -1.25
2416 -1.0875
2417 -1.30539
2418 -1.2126
2419 -1.04692
2420 -1.4375
2421 -1.47222
2422 -1.35526
2423 -1.18878
2424 -1.41477
2425 -1.44906
2426 -1.35593
2427 -1.21219
2428 -1.25893
2429 -1.32484
2430 -1.26733
2431 -1.15385
2432 -1
2433 -1.42308
2434 -1.23404
2435 -1
2436 -1.73913
2437 -1.62987
2438 -1.41841
2439 -1.18519
2440 -1.57627
2441 -1.55882
2442 -1.4069
2443 -1.21277
2444 -1.30539
2445 -1.37402
2446 -1.28739
2447 -1.14019
2448 -1.54545
2449 -1.54545
2450 -1.34545
2451 -1.11688
2452 -1.80851
2453 -1.68852
2454 -1.48897
2455 -1.2687
2456 -1.65278
2457 -1.61538
2458 -1.46914
2459 -1.28502
2460 -1.40206
2461 -1.44211
2462 -1.35372
2463 -1.21199
2464 -1.35294
2465 -1.45
2466 -1.30159
2467 -1.10465
2468 -1.63866
2469 -1.59434
2470 -1.43607
2471 -1.24372
2472 -1.55294
2473 -1.54545
2474 -1.42458
2475 -1.26106
2476 -1.35294
2477 -1.39873
2478 -1.3236
2479 -1.19565
2480 -1
2481 -1.23404
2482 -1.15493
2483 -1
2484 -1.35417
2485 -1.40249
2486 -1.29586
2487 -1.13793
2488 -1.34694
2489 -1.38776
2490 -1.30102
2491 -1.16327
2492 -1.20565
2493 -1.27378
2494 -1.21973
2495 -1.11009
2496 -0.275862
2497 -1.13934
2498 -1.03721
2499 -0.844156
2500 -1.36585
2501 -1.39773
2502 -1.23704
2503 -1.03297
2504 -1.33333
2505 -1.36957
2506 -1.24615
2507 -1.07143
2508 -1.12766
2509 -1.21831
2510 -1.14737
2511 -1.01261
2512 -1.07407
2513 -1.30464
2514 -1.16532
2515 -0.968116
2516 -1.51852
2517 -1.48544
2518 -1.32237
2519 -1.12438
2520 -1.44444
2521 -1.44444
2522 -1.31944
2523 -1.15033
2524 -1.24074
2525 -1.29747
2526 -1.22115
2527 -1.08915
2528 -1.05063
2529 -1.25556
2530 -1.14591
2531 -0.971204
2532 -1.41791
2533 -1.42373
2534 -1.28994
2535 -1.11364
2536 -1.38095
2537 -1.39726
2538 -1.29114
2539 -1.13855
2540 -1.21311
2541 -1.27011
2542 -1.20354
2543 -1.08273
2544 -0.798077
2545 -1.08134
2546 -1.02548
2547 -0.885442
2548 -1.1875
2549 -1.26316
2550 -1.17204
2551 -1.0251
2552 -1.20833
2553 -1.26316
2554 -1.18605
2555 -1.05587
2556 -1.08824
2557 -1.16316
2558 -1.11475
2559 -1.01007
2560 0.5
2561 -1.37209
2562 -1.14286
2563 -0.88
2564 -1.83333
2565 -1.62044
2566 -1.36364
2567 -1.09901
2568 -1.57692
2569 -1.53191
2570 -1.35294
2571 -1.13483
2572 -1.25325
2573 -1.32218
2574 -1.22222
2575 -1.05868
2576 -1.66667
2577 -1.53448
2578 -1.28713
2579 -1.02778
2580 -1.88889
2581 -1.69048
2582 -1.45098
2583 -1.20175
2584 -1.66667
2585 -1.6
2586 -1.42857
2587 -1.22222
2588 -1.37158
2589 -1.40441
2590 -1.30194
2591 -1.14444
2592 -1.35725
2593 -1.42466
2594 -1.24576
2595 -1.02454
2596 -1.66667
2597 -1.58291
2598 -1.39655
2599 -1.1811
2600 -1.55
2601 -1.52381
2602 -1.38372
2603 -1.20183
2604 -1.32075
2605 -1.36066
2606 -1.27387
2607 -1.13238
2608 -0.926829
2609 -1.18182
2610 -1.08889
2611 -0.917582
2612 -1.33333
2613 -1.36957
2614 -1.24615
2615 -1.07143
2616 -1.31915
2617 -1.35211
2618 -1.25263
2619 -1.10084
2620 -1.16183
2621 -1.22781
2622 -1.16552
2623 -1.04511
2624 -1.21429
2625 -1.44762
2626 -1.21429
2627 -0.958188
2628 -1.85294
2629 -1.65
2630 -1.40476
2631 -1.15116
2632 -1.61475
2633 -1.56279
2634 -1.38961
2635 -1.17955
2636 -1.30682
2637 -1.36296
2638 -1.26374
2639 -1.1048
2640 -1.73171
2641 -1.57353
2642 -1.33333
2643 -1.08282
2644 -1.89583
2645 -1.70833
2646 -1.47917
2647 -1.23958
2648 -1.68874
2649 -1.62097
2650 -1.45507
2651 -1.25566
2652 -1.40777
2653 -1.43421
2654 -1.33333
2655 -1.18
2656 -1.44122
2657 -1.46707
2658 -1.28947
2659 -1.07397
2660 -1.69355
2661 -1.60714
2662 -1.42593
2663 -1.21698
2664 -1.57778
2665 -1.54804
2666 -1.41099
2667 -1.23395
2668 -1.35593
2669 -1.39053
2670 -1.30455
2671 -1.16605
2672 -1.03158
2673 -1.23737
2674 -1.13953
2675 -0.970297
2676 -1.38158
2677 -1.40625
2678 -1.28333
2679 -1.11207
2680 -1.35885
2681 -1.38535
2682 -1.2864
2683 -1.1374
2684 -1.20301
2685 -1.26344
2686 -1.20084
2687 -1.08219
2688 -0.833333
2689 -1.32258
2690 -1.14286
2691 -0.91358
2692 -1.64634
2693 -1.54098
2694 -1.33099
2695 -1.0987
2696 -1.5
2697 -1.47934
2698 -1.32558
2699 -1.13004
2700 -1.23737
2701 -1.30233
2702 -1.21287
2703 -1.06312
2704 -1.46154
2705 -1.46154
2706 -1.26154
2707 -1.03297
2708 -1.73874
2709 -1.61111
2710 -1.4081
2711 -1.18545
2712 -1.58824
2713 -1.54348
2714 -1.39267
2715 -1.20492
2716 -1.34061
2717 -1.375
2718 -1.28217
2719 -1.13636
2720 -1.3
2721 -1.38298
2722 -1.22973
2723 -1.0297
2724 -1.58571
2725 -1.53012
2726 -1.36592
2727 -1.16916
2728 -1.5
2729 -1.48387
2730 -1.35714
2731 -1.18868
2732 -1.3
2733 -1.33962
2734 -1.25934
2735 -1.12648
2736 -0.962963
2737 -1.18182
2738 -1.09639
2739 -0.936937
2740 -1.31361
2741 -1.35106
2742 -1.23797
2743 -1.0748
2744 -1.30435
2745 -1.33721
2746 -1.24454
2747 -1.1014
2748 -1.16151
2749 -1.22414
2750 -1.16507
2751 -1.05031
2752 -0.205882
2753 -1.07692
2754 -0.97619
2755 -0.783934
2756 -1.3125
2757 -1.33981
2758 -1.17722
2759 -0.971831
2760 -1.28481
2761 -1.31599
2762 -1.18947
2763 -1.01222
2764 -1.08182
2765 -1.16867
2766 -1.09459
2767 -0.956835
2768 -1.03175
2769 -1.25
2770 -1.10727
2771 -0.90796
2772 -1.47619
2773 -1.43333
2774 -1.26554
2775 -1.0641
2776 -1.40212
2777 -1.39474
2778 -1.26492
2779 -1.09176
2780 -1.19841
2781 -1.25
2782 -1.16942
2783 -1.03333
2784 -1.02174
2785 -1.21053
2786 -1.09509
2787 -0.916479
2788 -1.38462
2789 -1.37956
2790 -1.2398
2791 -1.05882
2792 -1.34545
2793 -1.35398
2794 -1.24236
2795 -1.08492
2796 -1.17606
2797 -1.22772
2798 -1.15649
2799 -1.03106
2800 -0.77686
2801 -1.04545
2802 -0.983471
2803 -0.838843
2804 -1.16129
2805 -1.22727
2806 -1.13023
2807 -0.978261
2808 -1.17928
2809 -1.22727
2810 -1.14487
2811 -1.00968
2812 -1.05696
2813 -1.12727
2814 -1.07447
2815 -0.965116
2816 2
2817 -1.11538
2818 -0.940594
2819 -0.7
2820 -1.55385
2821 -1.41463
2822 -1.17871
2823 -0.925414
2824 -1.3871
2825 -1.35714
2826 -1.18519
2827 -0.971698
2828 -1.09836
2829 -1.16901
2830 -1.07013
2831 -0.907407
2832 -1.33333
2833 -1.33333
2834 -1.10833
2835 -0.859649
2836 -1.69792
2837 -1.51759
2838 -1.28477
2839 -1.03951
2840 -1.51282
2841 -1.44615
2842 -1.27473
2843 -1.06838
2844 -1.23611
2845 -1.2648
2846 -1.15962
2847 -1
2848 -1.18182
2849 -1.26744
2850 -1.09353
2851 -0.875
2852 -1.52756
2853 -1.44017
2854 -1.2522
2855 -1.03571
2856 -1.42553
2857 -1.39189
2858 -1.24752
2859 -1.0625
2860 -1.20482
2861 -1.23743
2862 -1.14561
2863 -1
2864 -0.8125
2865 -1.05825
2866 -0.962025
2867 -0.788732
2868 -1.22785
2869 -1.25279
2870 -1.12368
2871 -0.94501
2872 -1.21818
2873 -1.24096
2874 -1.13514
2875 -0.978417
2876 -1.06383
2877 -1.12152
2878 -1.05315
2879 -0.927536
2880 -0.647059
2881 -1.24194
2882 -1.03896
2883 -0.795858
2884 -1.65
2885 -1.47872
2886 -1.24324
2887 -0.995049
2888 -1.46154
2889 -1.4127
2890 -1.241
2891 -1.03191
2892 -1.17476
2893 -1.22785
2894 -1.12676
2895 -0.966418
2896 -1.52083
2897 -1.40881
2898 -1.17778
2899 -0.931759
2900 -1.75
2901 -1.5625
2902 -1.33333
2903 -1.09375
2904 -1.5625
2905 -1.48789
2906 -1.31841
2907 -1.1165
2908 -1.29167
2909 -1.31073
2910 -1.20513
2911 -1.04811
2912 -1.31646
2913 -1.33505
2914 -1.15534
2915 -0.938679
2916 -1.58333
2917 -1.48462
2918 -1.29787
2919 -1.08537
2920 -1.47368
2921 -1.43252
2922 -1.28894
2923 -1.10714
2924 -1.25547
2925 -1.28061
2926 -1.18824
2927 -1.04459
2928 -0.945455
2929 -1.131
2930 -1.02586
2931 -0.852248
2932 -1.29545
2933 -1.30405
2934 -1.17308
2935 -0.996269
2936 -1.27273
2937 -1.2865
2938 -1.17975
2939 -1.02479
2940 -1.11688
2941 -1.16744
2942 -1.09783
2943 -0.973294
2944 -0.571429
2945 -1.16667
2946 -1
2947 -0.776596
2948 -1.50518
2949 -1.40566
2950 -1.19757
2951 -0.966368
2952 -1.38272
2953 -1.35714
2954 -1.201
2955 -1.00388
2956 -1.131
2957 -1.18966
2958 -1.09636
2959 -0.943686
2960 -1.33333
2961 -1.33333
2962 -1.13333
2963 -0.904762
2964 -1.63281
2965 -1.49398
2966 -1.28649
2967 -1.0611
2968 -1.4898
2969 -1.43396
2970 -1.27727
2971 -1.08541
2972 -1.24621
2973 -1.27132
2974 -1.17255
2975 -1.02212
2976 -1.21739
2977 -1.27778
2978 -1.11765
2979 -0.913793
2980 -1.50311
2981 -1.43007
2982 -1.25791
2983 -1.05597
2984 -1.41739
2985 -1.38764
2986 -1.25311
2987 -1.07895
2988 -1.21739
2989 -1.24648
2990 -1.15913
2991 -1.02059
2992 -0.903226
2993 -1.09524
2994 -1
2995 -0.834646
2996 -1.24742
2997 -1.26625
2998 -1.14381
2999 -0.974182
3000 -1.23485
3001 -1.25381
3002 -1.15267
3003 -1.00306
3004 -1.08982
3005 -1.14194
3006 -1.0755
3007 -0.954608
3008 -0.0769231
3009 -0.963415
3010 -0.865052
3011 -0.673913
3012 -1.21831
3013 -1.23729
3014 -1.07182
3015 -0.864754
3016 -1.19889
3017 -1.22078
3018 -1.08966
3019 -0.909253
3020 -1
3021 -1.07895
3022 -1
3023 -0.858491
3024 -0.958333
3025 -1.15423
3026 -1.00606
3027 -0.803922
3028 -1.40278
3029 -1.34307
3030 -1.16832
3031 -0.962547
3032 -1.3287
3033 -1.30836
3034 -1.17155
3035 -0.993432
3036 -1.125
3037 -1.16667
3038 -1.07971
3039 -0.938596
3040 -0.971429
3041 -1.13025
3042 -1.00539
3043 -0.821429
3044 -1.32584
3045 -1.30128
3046 -1.15247
3047 -0.965517
3048 -1.28287
3049 -1.2772
3050 -1.15739
3051 -0.993902
3052 -1.11111
3053 -1.15217
3054 -1.07383
3055 -0.942623
3056 -0.73913
3057 -0.978182
3058 -0.90534
3059 -0.754098
3060 -1.11321
3061 -1.16
3062 -1.05328
3063 -0.894569
3064 -1.12587
3065 -1.16
3066 -1.06915
3067 -0.927454
3068 -1
3069 -1.06
3070 -1
3071 -0.884615
3072 0
3073 -1.4
3074 -1.1
3075 -0.8
3076 -2
3077 -1.64516
3078 -1.34
3079 -1.04348
3080 -1.625
3081 -1.53179
3082 -1.324
3083 -1.08257
3084 -1.25
3085 -1.2973
3086 -1.18
3087 -1
3088 -2
3089 -1.57547
3090 -1.27027
3091 -0.977273
3092 -2
3093 -1.71795
3094 -1.44068
3095 -1.16456
3096 -1.712
3097 -1.6068
3098 -1.41115
3099 -1.18478
3100 -1.37931
3101 -1.39062
3102 -1.27219
3103 -1.1
3104 -1.5
3105 -1.44526
3106 -1.22727
3107 -0.980198
3108 -1.73077
3109 -1.59574
3110 -1.38235
3111 -1.14607
3112 -1.57792
3113 -1.52301
3114 -1.3642
3115 -1.16627
3116 -1.32353
3117 -1.34483
3118 -1.24468
3119 -1.09091
3120 -1
3121 -1.17857
3122 -1.05882
3123 -0.868421
3124 -1.36364
3125 -1.36364
3126 -1.22078
3127 -1.0303
3128 -1.32787
3129 -1.33824
3130 -1.22438
3131 -1.06
3132 -1.15385
3133 -1.2037
3134 -1.13043
3135 -1
3136 -2
3137 -1.5
3138 -1.2
3139 -0.909091
3140 -2
3141 -1.68456
3142 -1.39744
3143 -1.11599
3144 -1.67241
3145 -1.57426
3146 -1.375
3147 -1.14438
3148 -1.32143
3149 -1.35294
3150 -1.23684
3151 -1.06294
3152 -2
3153 -1.625
3154 -1.33333
3155 -1.05263
3156 -2
3157 -1.74176
3158 -1.4797
3159 -1.21667
3160 -1.73973
3161 -1.63559
3162 -1.44785
3163 -1.23077
3164 -1.42714
3165 -1.43103
3166 -1.31496
3167 -1.14831
3168 -1.58824
3169 -1.5
3170 -1.28571
3171 -1.04651
3172 -1.7623
3173 -1.62791
3174 -1.42208
3175 -1.19451
3176 -1.61364
3177 -1.55556
3178 -1.4011
3179 -1.20961
3180 -1.36957
3181 -1.38462
3182 -1.28571
3183 -1.13592
3184 -1.125
3185 -1.25
3186 -1.125
3187 -0.9375
3188 -1.42384
3189 -1.41129
3190 -1.26957
3191 -1.08371
3192 -1.37864
3193 -1.38158
3194 -1.26866
3195 -1.108
3196 -1.2069
3197 -1.25
3198 -1.17647
3199 -1.04839
3200 -1.25
3201 -1.35897
3202 -1.12857
3203 -0.871287
3204 -1.75
3205 -1.56322
3206 -1.3209
3207 -1.0663
3208 -1.54412
3209 -1.48485
3210 -1.30982
3211 -1.09739
3212 -1.25
3213 -1.29167
3214 -1.1875
3215 -1.025
3216 -1.66038
3217 -1.5
3218 -1.25911
3219 -1.00581
3220 -1.81818
3221 -1.63462
3222 -1.40523
3223 -1.16337
3224 -1.62874
3225 -1.55263
3226 -1.38356
3227 -1.18103
3228 -1.35714
3229 -1.37037
3230 -1.26415
3231 -1.10687
3232 -1.42683
3233 -1.40984
3234 -1.22535
3235 -1.00519
3236 -1.64286
3237 -1.54545
3238 -1.36047
3239 -1.14798
3240 -1.5303
3241 -1.48837
3242 -1.34653
3243 -1.16568
3244 -1.3125
3245 -1.33333
3246 -1.24138
3247 -1.09859
3248 -1.05405
3249 -1.19444
3250 -1.08411
3251 -0.908451
3252 -1.35294
3253 -1.35507
3254 -1.22513
3255 -1.04918
3256 -1.32314
3257 -1.33333
3258 -1.22799
3259 -1.07455
3260 -1.16667
3261 -1.21212
3262 -1.14286
3263 -1.01961
3264 -0.5
3265 -1.08696
3266 -0.95
3267 -0.736842
3268 -1.375
3269 -1.34171
3270 -1.15563
3271 -0.933333
3272 -1.30769
3273 -1.30769
3274 -1.16484
3275 -0.974359
3276 -1.08333
3277 -1.14953
3278 -1.06338
3279 -0.915254
3280 -1.18182
3281 -1.26744
3282 -1.09353
3283 -0.875
3284 -1.52756
3285 -1.44017
3286 -1.2522
3287 -1.03571
3288 -1.42553
3289 -1.39189
3290 -1.24752
3291 -1.0625
3292 -1.20482
3293 -1.23743
3294 -1.14561
3295 -1
3296 -1.125
3297 -1.2233
3298 -1.08228
3299 -0.887324
3300 -1.42405
3301 -1.3829
3302 -1.22632
3303 -1.03259
3304 -1.36364
3305 -1.3494
3306 -1.22523
3307 -1.05755
3308 -1.18085
3309 -1.21519
3310 -1.13386
3311 -1
3312 -0.857143
3313 -1.05
3314 -0.966102
3315 -0.807692
3316 -1.19048
3317 -1.22368
3318 -1.11217
3319 -0.949438
3320 -1.19048
3321 -1.21739
3322 -1.12397
3323 -0.98
3324 -1.05714
3325 -1.11111
3326 -1.04918
3327 -0.932432
3328 -2
3329 -1.43617
3330 -1.14054
3331 -0.847826
3332 -2
3333 -1.65789
3334 -1.36066
3335 -1.07143
3336 -1.64103
3337 -1.54762
3338 -1.34323
3339 -1.10606
3340 -1.27586
3341 -1.3209
3342 -1.20442
3343 -1.02632
3344 -2
3345 -1.58915
3346 -1.29018
3347 -1.00313
3348 -2
3349 -1.7234
3350 -1.4507
3351 -1.17895
3352 -1.72
3353 -1.61538
3354 -1.42151
3355 -1.19728
3356 -1.39423
3357 -1.40523
3358 -1.28713
3359 -1.11554
3360 -1.52308
3361 -1.46341
3362 -1.24715
3363 -1.00276
3364 -1.74194
3365 -1.60714
3366 -1.39506
3367 -1.16038
3368 -1.59016
3369 -1.53521
3370 -1.37662
3371 -1.17901
3372 -1.33884
3373 -1.36047
3374 -1.26009
3375 -1.10584
3376 -1.03125
3377 -1.20603
3378 -1.08609
3379 -0.896296
3380 -1.38462
3381 -1.38462
3382 -1.24176
3383 -1.05128
3384 -1.34722
3385 -1.35826
3386 -1.24413
3387 -1.0791
3388 -1.17391
3389 -1.22513
3390 -1.15164
3391 -1.0202
3392 -2
3393 -1.51724
3394 -1.22222
3395 -0.936709
3396 -2
3397 -1.69101
3398 -1.4086
3399 -1.13158
3400 -1.68116
3401 -1.58333
3402 -1.38596
3403 -1.15766
3404 -1.33668
3405 -1.36755
3406 -1.25185
3407 -1.07874
3408 -2
3409 -1.63158
3410 -1.34375
3411 -1.06667
3412 -2
3413 -1.74419
3414 -1.48438
3415 -1.22353
3416 -1.74419
3417 -1.64029
3418 -1.45312
3419 -1.23673
3420 -1.4359
3421 -1.43988
3422 -1.32366
3423 -1.15676
3424 -1.6
3425 -1.51064
3426 -1.2973
3427 -1.05941
3428 -1.76923
3429 -1.63492
3430 -1.42936
3431 -1.20213
3432 -1.62136
3433 -1.56329
3434 -1.40845
3435 -1.21642
3436 -1.37918
3437 -1.39474
3438 -1.29532
3439 -1.14452
3440 -1.14286
3441 -1.26786
3442 -1.14286
3443 -0.955357
3444 -1.4375
3445 -1.42561
3446 -1.28358
3447 -1.09709
3448 -1.39167
3449 -1.39548
3450 -1.28205
3451 -1.12027
3452 -1.22039
3453 -1.26492
3454 -1.19101
3455 -1.06163
3456 -1.31034
3457 -1.38406
3458 -1.15385
3459 -0.898876
3460 -1.76596
3461 -1.57843
3462 -1.33758
3463 -1.08491
3464 -1.55975
3465 -1.5
3466 -1.32546
3467 -1.11382
3468 -1.26786
3469 -1.30952
3470 -1.20536
3471 -1.04286
3472 -1.67742
3473 -1.51429
3474 -1.27431
3475 -1.02244
3476 -1.82812
3477 -1.64463
3478 -1.41573
3479 -1.17447
3480 -1.63918
3481 -1.56311
3482 -1.39387
3483 -1.19109
3484 -1.36923
3485 -1.38298
3486 -1.27642
3487 -1.11842
3488 -1.44208
3489 -1.42453
3490 -1.24012
3491 -1.02018
3492 -1.65432
3493 -1.55714
3494 -1.37186
3495 -1.15891
3496 -1.54148
3497 -1.5
3498 -1.3576
3499 -1.17577
3500 -1.32432
3501 -1.34615
3502 -1.25373
3503 -1.10976
3504 -1.07031
3505 -1.21285
3506 -1.1027
3507 -0.92668
3508 -1.36735
3509 -1.37107
3510 -1.24091
3511 -1.06406
3512 -1.33712
3513 -1.34884
3514 -1.24314
3515 -1.08847
3516 -1.18072
3517 -1.22807
3518 -1.15862
3519 -1.03409
3520 -0.571429
3521 -1.125
3522 -0.985611
3523 -0.772727
3524 -1.40541
3525 -1.36957
3526 -1.18338
3527 -0.961538
3528 -1.33333
3529 -1.33333
3530 -1.19048
3531 -1
3532 -1.10843
3533 -1.17568
3534 -1.08961
3535 -0.941176
3536 -1.21053
3537 -1.29293
3538 -1.11875
3539 -0.900452
3540 -1.54795
3541 -1.46097
3542 -1.27296
3543 -1.05631
3544 -1.44444
3545 -1.41176
3546 -1.26724
3547 -1.08163
3548 -1.22378
3549 -1.25791
3550 -1.16604
3551 -1.01967
3552 -1.14545
3553 -1.24576
3554 -1.10497
3555 -0.909836
3556 -1.44199
3557 -1.4026
3558 -1.24598
3559 -1.0516
3560 -1.38095
3561 -1.36842
3562 -1.24409
3563 -1.07547
3564 -1.19814
3565 -1.23451
3566 -1.15318
3567 -1.01831
3568 -0.875
3569 -1.07299
3570 -0.990099
3571 -0.831461
3572 -1.20833
3573 -1.24496
3574 -1.13389
3575 -0.970443
3576 -1.20833
3577 -1.2381
3578 -1.14493
3579 -1
3580 -1.075
3581 -1.13185
3582 -1.07029
3583 -0.952569
3584 -0.5
3585 -1.30973
3586 -1.05455
3587 -0.779817
3588 -1.83333
3589 -1.55556
3590 -1.27778
3591 -1
3592 -1.54348
3593 -1.46559
3594 -1.26966
3595 -1.03871
3596 -1.20588
3597 -1.25478
3598 -1.14151
3599 -0.966292
3600 -1.78049
3601 -1.48684
3602 -1.20913
3603 -0.933155
3604 -1.88889
3605 -1.63636
3606 -1.37349
3607 -1.10811
3608 -1.64
3609 -1.54167
3610 -1.35162
3611 -1.13035
3612 -1.33058
3613 -1.3427
3614 -1.22553
3615 -1.05479
3616 -1.42105
3617 -1.38743
3618 -1.17974
3619 -0.940618
3620 -1.66667
3621 -1.53846
3622 -1.32979
3623 -1.09756
3624 -1.5283
3625 -1.47416
3626 -1.31614
3627 -1.11901
3628 -1.28571
3629 -1.30653
3630 -1.20543
3631 -1.05047
3632 -0.972973
3633 -1.15217
3634 -1.03438
3635 -0.846154
3636 -1.33333
3637 -1.33333
3638 -1.19048
3639 -1
3640 -1.3012
3641 -1.31081
3642 -1.19552
3643 -1.02941
3644 -1.13208
3645 -1.18182
3646 -1.10676
3647 -0.973684
3648 -1.6
3649 -1.41176
3650 -1.14286
3651 -0.869565
3652 -1.87778
3653 -1.60386
3654 -1.33333
3655 -1.06349
3656 -1.6
3657 -1.51079
3658 -1.31818
3659 -1.09339
3660 -1.27391
3661 -1.30659
3662 -1.19231
3663 -1.02044
3664 -1.85714
3665 -1.54545
3666 -1.27027
3667 -1
3668 -1.91339
3669 -1.66935
3670 -1.41463
3671 -1.15714
3672 -1.67677
3673 -1.575
3674 -1.38914
3675 -1.17376
3676 -1.37918
3677 -1.38265
3678 -1.26602
3679 -1.09875
3680 -1.52174
3681 -1.44444
3682 -1.23529
3683 -1
3684 -1.70732
3685 -1.57439
3686 -1.36957
3687 -1.14286
3688 -1.5678
3689 -1.50829
3690 -1.35246
3691 -1.15961
3692 -1.33117
3693 -1.34483
3694 -1.24377
3695 -1.09144
3696 -1.09375
3697 -1.21875
3698 -1.09375
3699 -0.90625
3700 -1.39303
3701 -1.37879
3702 -1.23529
3703 -1.04762
3704 -1.35036
3705 -1.35149
3706 -1.23595
3707 -1.07229
3708 -1.18156
3709 -1.22385
3710 -1.14778
3711 -1.01622
3712 -1.14706
3713 -1.30818
3714 -1.09155
3715 -0.843521
3716 -1.68519
3717 -1.51282
3718 -1.27778
3719 -1.02881
3720 -1.5
3721 -1.44337
3722 -1.27064
3723 -1.06039
3724 -1.21875
3725 -1.26042
3726 -1.15625
3727 -0.99375
3728 -1.59155
3729 -1.45
3730 -1.21581
3731 -0.967249
3732 -1.76712
3733 -1.58696
3734 -1.35961
3735 -1.1194
3736 -1.58824
3737 -1.51136
3738 -1.34161
3739 -1.13844
3740 -1.32432
3741 -1.33645
3742 -1.22857
3743 -1.06936
3744 -1.38889
3745 -1.37344
3746 -1.18984
3747 -0.970414
3748 -1.6087
3749 -1.50943
3750 -1.32301
3751 -1.10922
3752 -1.5
3753 -1.4557
3754 -1.31132
3755 -1.12782
3756 -1.28571
3757 -1.30508
3758 -1.21053
3759 -1.06452
3760 -1.03448
3761 -1.17376
3762 -1.06205
3763 -0.884892
3764 -1.33333
3765 -1.33333
3766 -1.2008
3767 -1.02201
3768 -1.30435
3769 -1.31279
3770 -1.20451
3771 -1.04749
3772 -1.14894
3773 -1.1938
3774 -1.12195
3775 -0.994975
3776 -0.5
3777 -1.07692
3778 -0.943038
3779 -0.733333
3780 -1.35714
3781 -1.32567
3782 -1.14141
3783 -0.920904
3784 -1.29412
3785 -1.29412
3786 -1.15126
3787 -0.960784
3788 -1.07447
3789 -1.14081
3790 -1.05396
3791 -0.904762
3792 -1.16279
3793 -1.25
3794 -1.07735
3795 -0.86
3796 -1.50909
3797 -1.42105
3798 -1.23251
3799 -1.01546
3800 -1.40984
3801 -1.375
3802 -1.22901
3803 -1.04217
3804 -1.19195
3805 -1.22414
3806 -1.13058
3807 -0.982574
3808 -1.1129
3809 -1.21053
3810 -1.06863
3811 -0.872727
3812 -1.41176
3813 -1.36888
3814 -1.2102
3815 -1.01422
3816 -1.35211
3817 -1.33645
3818 -1.20979
3819 -1.03911
3820 -1.17033
3821 -1.20432
3822 -1.1208
3823 -0.98373
3824 -0.851852
3825 -1.04545
3826 -0.960352
3827 -0.8
3828 -1.18519
3829 -1.21795
3830 -1.10428
3831 -0.938596
3832 -1.18519
3833 -1.21186
3834 -1.11613
3835 -0.96875
3836 -1.05185
3837 -1.1065
3838 -1.04267
3839 -0.922535
3840 1
3841 -1.09091
3842 -0.894118
3843 -0.642857
3844 -1.57143
3845 -1.38462
3846 -1.13253
3847 -0.868421
3848 -1.37736
3849 -1.32394
3850 -1.13936
3851 -0.91573
3852 -1.07692
3853 -1.13333
3854 -1.02469
3855 -0.852941
3856 -1.4375
3857 -1.31429
3858 -1.06623
3859 -0.804196
3860 -1.70968
3861 -1.49206
3862 -1.24211
3863 -0.984252
3864 -1.505
3865 -1.41641
3866 -1.23144
3867 -1.01363
3868 -1.21739
3869 -1.23153
3870 -1.11567
3871 -0.945946
3872 -1.24138
3873 -1.25229
3874 -1.05731
3875 -0.825
3876 -1.53659
3877 -1.41892
3878 -1.21495
3879 -0.985714
3880 -1.41909
3881 -1.36631
3882 -1.20907
3883 -1.0125
3884 -1.18868
3885 -1.20796
3886 -1.1058
3887 -0.95
3888 -0.857143
3889 -1.04598
3890 -0.931818
3891 -0.745763
3892 -1.23529
3893 -1.23529
3894 -1.09244
3895 -0.901961
3896 -1.21277
3897 -1.21957
3898 -1.10252
3899 -0.935065
3900 -1.05
3901 -1.09639
3902 -1.01887
3903 -0.883721
3904 -1
3905 -1.23077
3906 -1
3907 -0.742857
3908 -1.67961
3909 -1.45763
3910 -1.20325
3911 -0.942231
3912 -1.46154
3913 -1.38608
3914 -1.2
3915 -0.979452
3916 -1.16092
3917 -1.19697
3918 -1.08475
3919 -0.914414
3920 -1.625
3921 -1.4
3922 -1.14286
3923 -0.881356
3924 -1.77083
3925 -1.54448
3926 -1.29665
3927 -1.04324
3928 -1.5625
3929 -1.46409
3930 -1.28
3931 -1.06583
3932 -1.27961
3933 -1.28217
3934 -1.16495
3935 -0.997226
3936 -1.38462
3937 -1.32787
3938 -1.125
3939 -0.89313
3940 -1.6
3941 -1.46933
3942 -1.26552
3943 -1.03947
3944 -1.47368
3945 -1.41176
3946 -1.25455
3947 -1.06069
3948 -1.24496
3949 -1.2551
3950 -1.15166
3951 -0.997423
3952 -1
3953 -1.125
3954 -1
3955 -0.8125
3956 -1.30973
3957 -1.29111
3958 -1.14535
3959 -0.956127
3960 -1.27273
3961 -1.26872
3962 -1.15
3963 -0.983914
3964 -1.10769
3965 -1.14525
3966 -1.06579
3967 -0.931408
3968 -0.846154
3969 -1.16667
3970 -0.971963
3971 -0.733766
3972 -1.54098
3973 -1.39394
3974 -1.16749
3975 -0.923358
3976 -1.39024
3977 -1.33908
3978 -1.16904
3979 -0.960568
3980 -1.125
3981 -1.16667
3982 -1.0625
3983 -0.9
3984 -1.4375
3985 -1.33333
3986 -1.10811
3987 -0.864078
3988 -1.65854
3989 -1.48387
3990 -1.25877
3991 -1.01993
3992 -1.49597
3993 -1.41772
3994 -1.24723
3995 -1.04354
3996 -1.24096
3997 -1.25
3998 -1.14013
3999 -0.979381
4000 -1.28926
4001 -1.27778
4002 -1.09547
4003 -0.876761
4004 -1.52427
4005 -1.42135
4006 -1.2332
4007 -1.01829
4008 -1.42268
4009 -1.3733
4010 -1.22597
4011 -1.04032
4012 -1.21277
4013 -1.22727
4014 -1.12941
4015 -0.980769
4016 -0.962963
4017 -1.09524
4018 -0.980769
4019 -0.801932
4020 -1.26613
4021 -1.25871
4022 -1.1223
4023 -0.940845
4024 -1.23952
4025 -1.24131
4026 -1.12888
4027 -0.968711
4028 -1.08571
4029 -1.125
4030 -1.04918
4031 -0.918919
4032 -0.333333
4033 -0.970588
4034 -0.847458
4035 -0.642857
4036 -1.25532
4037 -1.23288
4038 -1.05192
4039 -0.833333
4040 -1.21053
4041 -1.21053
4042 -1.06767
4043 -0.877193
4044 -1
4045 -1.0641
4046 -0.975845
4047 -0.825581
4048 -1.0625
4049 -1.16
4050 -0.990099
4051 -0.774194
4052 -1.42935
4053 -1.33923
4054 -1.1498
4055 -0.932203
4056 -1.33824
4057 -1.29907
4058 -1.15068
4059 -0.962162
4060 -1.125
4061 -1.1528
4062 -1.05638
4063 -0.906137
4064 -1.04348
4065 -1.13514
4066 -0.991189
4067 -0.794118
4068 -1.34802
4069 -1.29793
4070 -1.13578
4071 -0.9375
4072 -1.29114
4073 -1.26891
4074 -1.13836
4075 -0.964824
4076 -1.11111
4077 -1.13958
4078 -1.05227
4079 -0.912162
4080 -0.8
4081 -0.982456
4082 -0.892857
4083 -0.72973
4084 -1.13333
4085 -1.15704
4086 -1.03859
4087 -0.869565
4088 -1.13333
4089 -1.15267
4090 -1.05233
4091 -0.901408
4092 -1
4093 -1.04878
4094 -0.980769
4095 -0.857143
