#CSC Slope LUT
#Structure is comparator code (iCC) -> Stub slope
#iCC bits: 12
#<header> v1.0 12 32 </header>
0 0
1 0
2 0
3 0
4 0
5 -0.000000
6 0.500000
7 1.000000
8 0
9 -0.500000
10 -0.000000
11 0.500000
12 0
13 -1.000000
14 -0.500000
15 0.000000
16 0
17 0.000000
18 0.250000
19 0.500000
20 -0.000000
21 -0.000000
22 0.250000
23 0.500000
24 0.500000
25 0.000000
26 0.250000
27 0.500000
28 1.000000
29 -0.000000
30 0.250000
31 0.500000
32 0
33 -0.250000
34 -0.000000
35 0.250000
36 -0.500000
37 -0.250000
38 -0.000000
39 0.250000
40 -0.000000
41 -0.250000
42 -0.000000
43 0.250000
44 0.500000
45 -0.250000
46 0.000000
47 0.250000
48 0
49 -0.500000
50 -0.250000
51 -0.000000
52 -1.000000
53 -0.500000
54 -0.250000
55 0.000000
56 -0.500000
57 -0.500000
58 -0.250000
59 -0.000000
60 0.000000
61 -0.500000
62 -0.250000
63 0.000000
64 0
65 -0.000000
66 0.166667
67 0.333333
68 -0.000000
69 -0.000000
70 0.142857
71 0.285714
72 0.250000
73 0.035714
74 0.178571
75 0.321429
76 0.500000
77 0.071429
78 0.214286
79 0.357143
80 0.000000
81 -0.000000
82 0.178571
83 0.357143
84 -0.000000
85 -0.000000
86 0.150000
87 0.300000
88 0.250000
89 0.050000
90 0.200000
91 0.350000
92 0.500000
93 0.100000
94 0.250000
95 0.400000
96 0.500000
97 -0.035714
98 0.142857
99 0.321429
100 -0.000000
101 -0.050000
102 0.100000
103 0.250000
104 0.250000
105 0.000000
106 0.150000
107 0.300000
108 0.500000
109 0.050000
110 0.200000
111 0.350000
112 1.000000
113 -0.071429
114 0.107143
115 0.285714
116 -0.000000
117 -0.100000
118 0.050000
119 0.200000
120 0.250000
121 -0.050000
122 0.100000
123 0.250000
124 0.500000
125 -0.000000
126 0.150000
127 0.300000
128 0
129 -0.166667
130 -0.000000
131 0.166667
132 -0.250000
133 -0.178571
134 -0.035714
135 0.107143
136 -0.000000
137 -0.142857
138 -0.000000
139 0.142857
140 0.250000
141 -0.107143
142 0.035714
143 0.178571
144 -0.500000
145 -0.142857
146 0.035714
147 0.214286
148 -0.250000
149 -0.150000
150 -0.000000
151 0.150000
152 -0.000000
153 -0.100000
154 0.050000
155 0.200000
156 0.250000
157 -0.050000
158 0.100000
159 0.250000
160 -0.000000
161 -0.178571
162 -0.000000
163 0.178571
164 -0.250000
165 -0.200000
166 -0.050000
167 0.100000
168 -0.000000
169 -0.150000
170 -0.000000
171 0.150000
172 0.250000
173 -0.100000
174 0.050000
175 0.200000
176 0.500000
177 -0.214286
178 -0.035714
179 0.142857
180 -0.250000
181 -0.250000
182 -0.100000
183 0.050000
184 -0.000000
185 -0.200000
186 -0.050000
187 0.100000
188 0.250000
189 -0.150000
190 0.000000
191 0.150000
192 0
193 -0.333333
194 -0.166667
195 0.000000
196 -0.500000
197 -0.357143
198 -0.214286
199 -0.071429
200 -0.250000
201 -0.321429
202 -0.178571
203 -0.035714
204 -0.000000
205 -0.285714
206 -0.142857
207 0.000000
208 -1.000000
209 -0.285714
210 -0.107143
211 0.071429
212 -0.500000
213 -0.300000
214 -0.150000
215 -0.000000
216 -0.250000
217 -0.250000
218 -0.100000
219 0.050000
220 0.000000
221 -0.200000
222 -0.050000
223 0.100000
224 -0.500000
225 -0.321429
226 -0.142857
227 0.035714
228 -0.500000
229 -0.350000
230 -0.200000
231 -0.050000
232 -0.250000
233 -0.300000
234 -0.150000
235 -0.000000
236 -0.000000
237 -0.250000
238 -0.100000
239 0.050000
240 -0.000000
241 -0.357143
242 -0.178571
243 0.000000
244 -0.500000
245 -0.400000
246 -0.250000
247 -0.100000
248 -0.250000
249 -0.350000
250 -0.200000
251 -0.050000
252 0.000000
253 -0.300000
254 -0.150000
255 0.000000
256 0
257 -0.000000
258 0.125000
259 0.250000
260 0.000000
261 -0.000000
262 0.096154
263 0.192308
264 0.166667
265 0.038462
266 0.134615
267 0.230769
268 0.333333
269 0.076923
270 0.173077
271 0.269231
272 -0.000000
273 -0.000000
274 0.125000
275 0.250000
276 0.000000
277 0.000000
278 0.100000
279 0.200000
280 0.142857
281 0.042857
282 0.142857
283 0.242857
284 0.285714
285 0.085714
286 0.185714
287 0.285714
288 0.250000
289 -0.000000
290 0.125000
291 0.250000
292 0.035714
293 -0.014286
294 0.085714
295 0.185714
296 0.178571
297 0.028571
298 0.128571
299 0.228571
300 0.321429
301 0.071429
302 0.171429
303 0.271429
304 0.500000
305 -0.000000
306 0.125000
307 0.250000
308 0.071429
309 -0.028571
310 0.071429
311 0.171429
312 0.214286
313 0.014286
314 0.114286
315 0.214286
316 0.357143
317 0.057143
318 0.157143
319 0.257143
320 0.000000
321 0.000000
322 0.134615
323 0.269231
324 0.000000
325 -0.000000
326 0.100000
327 0.200000
328 0.178571
329 0.050000
330 0.150000
331 0.250000
332 0.357143
333 0.100000
334 0.200000
335 0.300000
336 -0.000000
337 0.000000
338 0.128571
339 0.257143
340 -0.000000
341 -0.000000
342 0.100000
343 0.200000
344 0.150000
345 0.050000
346 0.150000
347 0.250000
348 0.300000
349 0.100000
350 0.200000
351 0.300000
352 0.250000
353 0.014286
354 0.142857
355 0.271429
356 0.050000
357 -0.000000
358 0.100000
359 0.200000
360 0.200000
361 0.050000
362 0.150000
363 0.250000
364 0.350000
365 0.100000
366 0.200000
367 0.300000
368 0.500000
369 0.028571
370 0.157143
371 0.285714
372 0.100000
373 -0.000000
374 0.100000
375 0.200000
376 0.250000
377 0.050000
378 0.150000
379 0.250000
380 0.400000
381 0.100000
382 0.200000
383 0.300000
384 0.500000
385 -0.038462
386 0.096154
387 0.230769
388 -0.035714
389 -0.050000
390 0.050000
391 0.150000
392 0.142857
393 -0.000000
394 0.100000
395 0.200000
396 0.321429
397 0.050000
398 0.150000
399 0.250000
400 -0.000000
401 -0.042857
402 0.085714
403 0.214286
404 -0.050000
405 -0.050000
406 0.050000
407 0.150000
408 0.100000
409 -0.000000
410 0.100000
411 0.200000
412 0.250000
413 0.050000
414 0.150000
415 0.250000
416 0.250000
417 -0.028571
418 0.100000
419 0.228571
420 -0.000000
421 -0.050000
422 0.050000
423 0.150000
424 0.150000
425 -0.000000
426 0.100000
427 0.200000
428 0.300000
429 0.050000
430 0.150000
431 0.250000
432 0.500000
433 -0.014286
434 0.114286
435 0.242857
436 0.050000
437 -0.050000
438 0.050000
439 0.150000
440 0.200000
441 -0.000000
442 0.100000
443 0.200000
444 0.350000
445 0.050000
446 0.150000
447 0.250000
448 1.000000
449 -0.076923
450 0.057692
451 0.192308
452 -0.071429
453 -0.100000
454 -0.000000
455 0.100000
456 0.107143
457 -0.050000
458 0.050000
459 0.150000
460 0.285714
461 -0.000000
462 0.100000
463 0.200000
464 -0.000000
465 -0.085714
466 0.042857
467 0.171429
468 -0.100000
469 -0.100000
470 -0.000000
471 0.100000
472 0.050000
473 -0.050000
474 0.050000
475 0.150000
476 0.200000
477 -0.000000
478 0.100000
479 0.200000
480 0.250000
481 -0.071429
482 0.057143
483 0.185714
484 -0.050000
485 -0.100000
486 -0.000000
487 0.100000
488 0.100000
489 -0.050000
490 0.050000
491 0.150000
492 0.250000
493 -0.000000
494 0.100000
495 0.200000
496 0.500000
497 -0.057143
498 0.071429
499 0.200000
500 0.000000
501 -0.100000
502 -0.000000
503 0.100000
504 0.150000
505 -0.050000
506 0.050000
507 0.150000
508 0.300000
509 -0.000000
510 0.100000
511 0.200000
512 0
513 -0.125000
514 -0.000000
515 0.125000
516 -0.166667
517 -0.134615
518 -0.038462
519 0.057692
520 -0.000000
521 -0.096154
522 -0.000000
523 0.096154
524 0.166667
525 -0.057692
526 0.038462
527 0.134615
528 -0.250000
529 -0.125000
530 -0.000000
531 0.125000
532 -0.178571
533 -0.128571
534 -0.028571
535 0.071429
536 -0.035714
537 -0.085714
538 0.014286
539 0.114286
540 0.107143
541 -0.042857
542 0.057143
543 0.157143
544 -0.000000
545 -0.125000
546 -0.000000
547 0.125000
548 -0.142857
549 -0.142857
550 -0.042857
551 0.057143
552 -0.000000
553 -0.100000
554 -0.000000
555 0.100000
556 0.142857
557 -0.057143
558 0.042857
559 0.142857
560 0.250000
561 -0.125000
562 -0.000000
563 0.125000
564 -0.107143
565 -0.157143
566 -0.057143
567 0.042857
568 0.035714
569 -0.114286
570 -0.014286
571 0.085714
572 0.178571
573 -0.071429
574 0.028571
575 0.128571
576 -0.500000
577 -0.096154
578 0.038462
579 0.173077
580 -0.142857
581 -0.100000
582 -0.000000
583 0.100000
584 0.035714
585 -0.050000
586 0.050000
587 0.150000
588 0.214286
589 0.000000
590 0.100000
591 0.200000
592 -0.250000
593 -0.100000
594 0.028571
595 0.157143
596 -0.150000
597 -0.100000
598 -0.000000
599 0.100000
600 -0.000000
601 -0.050000
602 0.050000
603 0.150000
604 0.150000
605 0.000000
606 0.100000
607 0.200000
608 0.000000
609 -0.085714
610 0.042857
611 0.171429
612 -0.100000
613 -0.100000
614 -0.000000
615 0.100000
616 0.050000
617 -0.050000
618 0.050000
619 0.150000
620 0.200000
621 0.000000
622 0.100000
623 0.200000
624 0.250000
625 -0.071429
626 0.057143
627 0.185714
628 -0.050000
629 -0.100000
630 -0.000000
631 0.100000
632 0.100000
633 -0.050000
634 0.050000
635 0.150000
636 0.250000
637 -0.000000
638 0.100000
639 0.200000
640 -0.000000
641 -0.134615
642 -0.000000
643 0.134615
644 -0.178571
645 -0.150000
646 -0.050000
647 0.050000
648 -0.000000
649 -0.100000
650 -0.000000
651 0.100000
652 0.178571
653 -0.050000
654 0.050000
655 0.150000
656 -0.250000
657 -0.142857
658 -0.014286
659 0.114286
660 -0.200000
661 -0.150000
662 -0.050000
663 0.050000
664 -0.050000
665 -0.100000
666 -0.000000
667 0.100000
668 0.100000
669 -0.050000
670 0.050000
671 0.150000
672 -0.000000
673 -0.128571
674 -0.000000
675 0.128571
676 -0.150000
677 -0.150000
678 -0.050000
679 0.050000
680 -0.000000
681 -0.100000
682 -0.000000
683 0.100000
684 0.150000
685 -0.050000
686 0.050000
687 0.150000
688 0.250000
689 -0.114286
690 0.014286
691 0.142857
692 -0.100000
693 -0.150000
694 -0.050000
695 0.050000
696 0.050000
697 -0.100000
698 -0.000000
699 0.100000
700 0.200000
701 -0.050000
702 0.050000
703 0.150000
704 0.500000
705 -0.173077
706 -0.038462
707 0.096154
708 -0.214286
709 -0.200000
710 -0.100000
711 -0.000000
712 -0.035714
713 -0.150000
714 -0.050000
715 0.050000
716 0.142857
717 -0.100000
718 -0.000000
719 0.100000
720 -0.250000
721 -0.185714
722 -0.057143
723 0.071429
724 -0.250000
725 -0.200000
726 -0.100000
727 -0.000000
728 -0.100000
729 -0.150000
730 -0.050000
731 0.050000
732 0.050000
733 -0.100000
734 -0.000000
735 0.100000
736 -0.000000
737 -0.171429
738 -0.042857
739 0.085714
740 -0.200000
741 -0.200000
742 -0.100000
743 -0.000000
744 -0.050000
745 -0.150000
746 -0.050000
747 0.050000
748 0.100000
749 -0.100000
750 -0.000000
751 0.100000
752 0.250000
753 -0.157143
754 -0.028571
755 0.100000
756 -0.150000
757 -0.200000
758 -0.100000
759 -0.000000
760 0.000000
761 -0.150000
762 -0.050000
763 0.050000
764 0.150000
765 -0.100000
766 -0.000000
767 0.100000
768 0
769 -0.250000
770 -0.125000
771 -0.000000
772 -0.333333
773 -0.269231
774 -0.173077
775 -0.076923
776 -0.166667
777 -0.230769
778 -0.134615
779 -0.038462
780 -0.000000
781 -0.192308
782 -0.096154
783 0.000000
784 -0.500000
785 -0.250000
786 -0.125000
787 -0.000000
788 -0.357143
789 -0.257143
790 -0.157143
791 -0.057143
792 -0.214286
793 -0.214286
794 -0.114286
795 -0.014286
796 -0.071429
797 -0.171429
798 -0.071429
799 0.028571
800 -0.250000
801 -0.250000
802 -0.125000
803 -0.000000
804 -0.321429
805 -0.271429
806 -0.171429
807 -0.071429
808 -0.178571
809 -0.228571
810 -0.128571
811 -0.028571
812 -0.035714
813 -0.185714
814 -0.085714
815 0.014286
816 0.000000
817 -0.250000
818 -0.125000
819 -0.000000
820 -0.285714
821 -0.285714
822 -0.185714
823 -0.085714
824 -0.142857
825 -0.242857
826 -0.142857
827 -0.042857
828 -0.000000
829 -0.200000
830 -0.100000
831 -0.000000
832 -1.000000
833 -0.192308
834 -0.057692
835 0.076923
836 -0.285714
837 -0.200000
838 -0.100000
839 -0.000000
840 -0.107143
841 -0.150000
842 -0.050000
843 0.050000
844 0.071429
845 -0.100000
846 -0.000000
847 0.100000
848 -0.500000
849 -0.200000
850 -0.071429
851 0.057143
852 -0.300000
853 -0.200000
854 -0.100000
855 -0.000000
856 -0.150000
857 -0.150000
858 -0.050000
859 0.050000
860 -0.000000
861 -0.100000
862 -0.000000
863 0.100000
864 -0.250000
865 -0.185714
866 -0.057143
867 0.071429
868 -0.250000
869 -0.200000
870 -0.100000
871 -0.000000
872 -0.100000
873 -0.150000
874 -0.050000
875 0.050000
876 0.050000
877 -0.100000
878 -0.000000
879 0.100000
880 0.000000
881 -0.171429
882 -0.042857
883 0.085714
884 -0.200000
885 -0.200000
886 -0.100000
887 -0.000000
888 -0.050000
889 -0.150000
890 -0.050000
891 0.050000
892 0.100000
893 -0.100000
894 -0.000000
895 0.100000
896 -0.500000
897 -0.230769
898 -0.096154
899 0.038462
900 -0.321429
901 -0.250000
902 -0.150000
903 -0.050000
904 -0.142857
905 -0.200000
906 -0.100000
907 -0.000000
908 0.035714
909 -0.150000
910 -0.050000
911 0.050000
912 -0.500000
913 -0.242857
914 -0.114286
915 0.014286
916 -0.350000
917 -0.250000
918 -0.150000
919 -0.050000
920 -0.200000
921 -0.200000
922 -0.100000
923 -0.000000
924 -0.050000
925 -0.150000
926 -0.050000
927 0.050000
928 -0.250000
929 -0.228571
930 -0.100000
931 0.028571
932 -0.300000
933 -0.250000
934 -0.150000
935 -0.050000
936 -0.150000
937 -0.200000
938 -0.100000
939 -0.000000
940 0.000000
941 -0.150000
942 -0.050000
943 0.050000
944 0.000000
945 -0.214286
946 -0.085714
947 0.042857
948 -0.250000
949 -0.250000
950 -0.150000
951 -0.050000
952 -0.100000
953 -0.200000
954 -0.100000
955 -0.000000
956 0.050000
957 -0.150000
958 -0.050000
959 0.050000
960 -0.000000
961 -0.269231
962 -0.134615
963 -0.000000
964 -0.357143
965 -0.300000
966 -0.200000
967 -0.100000
968 -0.178571
969 -0.250000
970 -0.150000
971 -0.050000
972 -0.000000
973 -0.200000
974 -0.100000
975 -0.000000
976 -0.500000
977 -0.285714
978 -0.157143
979 -0.028571
980 -0.400000
981 -0.300000
982 -0.200000
983 -0.100000
984 -0.250000
985 -0.250000
986 -0.150000
987 -0.050000
988 -0.100000
989 -0.200000
990 -0.100000
991 -0.000000
992 -0.250000
993 -0.271429
994 -0.142857
995 -0.014286
996 -0.350000
997 -0.300000
998 -0.200000
999 -0.100000
1000 -0.200000
1001 -0.250000
1002 -0.150000
1003 -0.050000
1004 -0.050000
1005 -0.200000
1006 -0.100000
1007 -0.000000
1008 0.000000
1009 -0.257143
1010 -0.128571
1011 -0.000000
1012 -0.300000
1013 -0.300000
1014 -0.200000
1015 -0.100000
1016 -0.150000
1017 -0.250000
1018 -0.150000
1019 -0.050000
1020 0.000000
1021 -0.200000
1022 -0.100000
1023 -0.000000
1024 0
1025 -0.000000
1026 0.100000
1027 0.200000
1028 0.000000
1029 0.000000
1030 0.071429
1031 0.142857
1032 0.125000
1033 0.035714
1034 0.107143
1035 0.178571
1036 0.250000
1037 0.071429
1038 0.142857
1039 0.214286
1040 0.000000
1041 0.000002
1042 0.092105
1043 0.184211
1044 0.000000
1045 -0.000000
1046 0.071429
1047 0.142857
1048 0.096154
1049 0.035714
1050 0.107143
1051 0.178571
1052 0.192308
1053 0.071429
1054 0.142857
1055 0.214286
1056 0.166667
1057 0.013158
1058 0.105263
1059 0.197368
1060 0.038462
1061 0.000000
1062 0.071429
1063 0.142857
1064 0.134615
1065 0.035714
1066 0.107143
1067 0.178571
1068 0.230769
1069 0.071429
1070 0.142857
1071 0.214286
1072 0.333333
1073 0.026316
1074 0.118421
1075 0.210526
1076 0.076923
1077 -0.000000
1078 0.071429
1079 0.142857
1080 0.173077
1081 0.035714
1082 0.107143
1083 0.178571
1084 0.269231
1085 0.071429
1086 0.142857
1087 0.214286
1088 -0.000000
1089 -0.000000
1090 0.105263
1091 0.210526
1092 0.000000
1093 0.000000
1094 0.076271
1095 0.152542
1096 0.125000
1097 0.042373
1098 0.118644
1099 0.194915
1100 0.250000
1101 0.084746
1102 0.161017
1103 0.237288
1104 -0.000000
1105 0.000000
1106 0.096154
1107 0.192308
1108 0.000000
1109 0.000000
1110 0.074324
1111 0.148649
1112 0.100000
1113 0.040541
1114 0.114865
1115 0.189189
1116 0.200000
1117 0.081081
1118 0.155405
1119 0.229730
1120 0.142857
1121 0.019231
1122 0.115385
1123 0.211538
1124 0.042857
1125 0.006757
1126 0.081081
1127 0.155405
1128 0.142857
1129 0.047297
1130 0.121622
1131 0.195946
1132 0.242857
1133 0.087838
1134 0.162162
1135 0.236486
1136 0.285714
1137 0.038462
1138 0.134615
1139 0.230769
1140 0.085714
1141 0.013515
1142 0.087838
1143 0.162162
1144 0.185714
1145 0.054054
1146 0.128378
1147 0.202703
1148 0.285714
1149 0.094595
1150 0.168919
1151 0.243243
1152 0.250000
1153 -0.013158
1154 0.092105
1155 0.197368
1156 -0.000000
1157 -0.025424
1158 0.050847
1159 0.127119
1160 0.125000
1161 0.016949
1162 0.093220
1163 0.169492
1164 0.250000
1165 0.059322
1166 0.135593
1167 0.211864
1168 0.035714
1169 -0.019231
1170 0.076923
1171 0.173077
1172 -0.014286
1173 -0.027027
1174 0.047297
1175 0.121622
1176 0.085714
1177 0.013515
1178 0.087838
1179 0.162162
1180 0.185714
1181 0.054054
1182 0.128378
1183 0.202703
1184 0.178571
1185 -0.000000
1186 0.096154
1187 0.192308
1188 0.028571
1189 -0.020270
1190 0.054054
1191 0.128378
1192 0.128571
1193 0.020270
1194 0.094595
1195 0.168919
1196 0.228571
1197 0.060811
1198 0.135135
1199 0.209459
1200 0.321429
1201 0.019231
1202 0.115385
1203 0.211538
1204 0.071429
1205 -0.013513
1206 0.060811
1207 0.135135
1208 0.171429
1209 0.027027
1210 0.101351
1211 0.175676
1212 0.271429
1213 0.067568
1214 0.141892
1215 0.216216
1216 0.500000
1217 -0.026316
1218 0.078947
1219 0.184211
1220 -0.000000
1221 -0.050847
1222 0.025424
1223 0.101695
1224 0.125000
1225 -0.008475
1226 0.067797
1227 0.144068
1228 0.250000
1229 0.033898
1230 0.110169
1231 0.186441
1232 0.071429
1233 -0.038462
1234 0.057692
1235 0.153846
1236 -0.028571
1237 -0.054054
1238 0.020270
1239 0.094595
1240 0.071429
1241 -0.013513
1242 0.060811
1243 0.135135
1244 0.171429
1245 0.027027
1246 0.101351
1247 0.175676
1248 0.214286
1249 -0.019231
1250 0.076923
1251 0.173077
1252 0.014286
1253 -0.047297
1254 0.027027
1255 0.101351
1256 0.114286
1257 -0.006757
1258 0.067568
1259 0.141892
1260 0.214286
1261 0.033784
1262 0.108108
1263 0.182432
1264 0.357143
1265 -0.000000
1266 0.096154
1267 0.192308
1268 0.057143
1269 -0.040541
1270 0.033784
1271 0.108108
1272 0.157143
1273 -0.000000
1274 0.074324
1275 0.148649
1276 0.257143
1277 0.040541
1278 0.114865
1279 0.189189
1280 0.000000
1281 -0.000000
1282 0.107143
1283 0.214286
1284 -0.000000
1285 0.000000
1286 0.073529
1287 0.147059
1288 0.134615
1289 0.044118
1290 0.117647
1291 0.191176
1292 0.269231
1293 0.088235
1294 0.161765
1295 0.235294
1296 0.000216
1297 -0.000000
1298 0.093220
1299 0.186441
1300 -0.000000
1301 0.000000
1302 0.069767
1303 0.139535
1304 0.100000
1305 0.040698
1306 0.110465
1307 0.180233
1308 0.200000
1309 0.081395
1310 0.151163
1311 0.220930
1312 0.178402
1313 0.025424
1314 0.118644
1315 0.211864
1316 0.050000
1317 0.011628
1318 0.081395
1319 0.151163
1320 0.150000
1321 0.052326
1322 0.122093
1323 0.191860
1324 0.250000
1325 0.093023
1326 0.162791
1327 0.232558
1328 0.357143
1329 0.050847
1330 0.144068
1331 0.237288
1332 0.100000
1333 0.023256
1334 0.093023
1335 0.162791
1336 0.200000
1337 0.063953
1338 0.133721
1339 0.203488
1340 0.300000
1341 0.104651
1342 0.174419
1343 0.244186
1344 -0.000000
1345 -0.000000
1346 0.107143
1347 0.214286
1348 -0.000000
1349 -0.000000
1350 0.075581
1351 0.151163
1352 0.128571
1353 0.046512
1354 0.122093
1355 0.197674
1356 0.257143
1357 0.093023
1358 0.168605
1359 0.244186
1360 0.000000
1361 -0.000000
1362 0.094595
1363 0.189189
1364 0.000000
1365 -0.000000
1366 0.071429
1367 0.142857
1368 0.100000
1369 0.042857
1370 0.114286
1371 0.185714
1372 0.200000
1373 0.085714
1374 0.157143
1375 0.228571
1376 0.149727
1377 0.027027
1378 0.121622
1379 0.216216
1380 0.050000
1381 0.014286
1382 0.085714
1383 0.157143
1384 0.150000
1385 0.057143
1386 0.128571
1387 0.200000
1388 0.250000
1389 0.100000
1390 0.171429
1391 0.242857
1392 0.300000
1393 0.054054
1394 0.148649
1395 0.243243
1396 0.100000
1397 0.028571
1398 0.100000
1399 0.171429
1400 0.200000
1401 0.071429
1402 0.142857
1403 0.214286
1404 0.300000
1405 0.114286
1406 0.185714
1407 0.257143
1408 0.250000
1409 -0.000000
1410 0.107143
1411 0.214286
1412 0.014286
1413 -0.011628
1414 0.063953
1415 0.139535
1416 0.142857
1417 0.034884
1418 0.110465
1419 0.186047
1420 0.271429
1421 0.081395
1422 0.156977
1423 0.232558
1424 0.050000
1425 -0.006757
1426 0.087838
1427 0.182432
1428 0.000000
1429 -0.014286
1430 0.057143
1431 0.128571
1432 0.100000
1433 0.028571
1434 0.100000
1435 0.171429
1436 0.200000
1437 0.071429
1438 0.142857
1439 0.214286
1440 0.200000
1441 0.020270
1442 0.114865
1443 0.209459
1444 0.050000
1445 -0.000000
1446 0.071429
1447 0.142857
1448 0.150000
1449 0.042857
1450 0.114286
1451 0.185714
1452 0.250000
1453 0.085714
1454 0.157143
1455 0.228571
1456 0.350000
1457 0.047297
1458 0.141892
1459 0.236486
1460 0.100000
1461 0.014286
1462 0.085714
1463 0.157143
1464 0.200000
1465 0.057143
1466 0.128571
1467 0.200000
1468 0.300000
1469 0.100000
1470 0.171429
1471 0.242857
1472 0.500000
1473 -0.000000
1474 0.107143
1475 0.214286
1476 0.028571
1477 -0.023256
1478 0.052326
1479 0.127907
1480 0.157143
1481 0.023256
1482 0.098837
1483 0.174419
1484 0.285714
1485 0.069767
1486 0.145349
1487 0.220930
1488 0.099818
1489 -0.013513
1490 0.081081
1491 0.175676
1492 0.000000
1493 -0.028571
1494 0.042857
1495 0.114286
1496 0.100000
1497 0.014286
1498 0.085714
1499 0.157143
1500 0.200000
1501 0.057143
1502 0.128571
1503 0.200000
1504 0.250000
1505 0.013513
1506 0.108108
1507 0.202703
1508 0.050000
1509 -0.014286
1510 0.057143
1511 0.128571
1512 0.150000
1513 0.028571
1514 0.100000
1515 0.171429
1516 0.250000
1517 0.071429
1518 0.142857
1519 0.214286
1520 0.400000
1521 0.040541
1522 0.135135
1523 0.229730
1524 0.100000
1525 -0.000000
1526 0.071429
1527 0.142857
1528 0.200000
1529 0.042857
1530 0.114286
1531 0.185714
1532 0.300000
1533 0.085714
1534 0.157143
1535 0.228571
1536 0.500000
1537 -0.035714
1538 0.071429
1539 0.178571
1540 -0.038462
1541 -0.044118
1542 0.029412
1543 0.102941
1544 0.096154
1545 0.000000
1546 0.073529
1547 0.147059
1548 0.230769
1549 0.044118
1550 0.117647
1551 0.191176
1552 -0.035652
1553 -0.042373
1554 0.050847
1555 0.144068
1556 -0.050000
1557 -0.046512
1558 0.023256
1559 0.093023
1560 0.050000
1561 -0.005814
1562 0.063953
1563 0.133721
1564 0.150000
1565 0.034884
1566 0.104651
1567 0.174419
1568 0.142857
1569 -0.016949
1570 0.076271
1571 0.169492
1572 -0.000000
1573 -0.034884
1574 0.034884
1575 0.104651
1576 0.100000
1577 0.005814
1578 0.075581
1579 0.145349
1580 0.200000
1581 0.046512
1582 0.116279
1583 0.186047
1584 0.321429
1585 0.008475
1586 0.101695
1587 0.194915
1588 0.050000
1589 -0.023256
1590 0.046512
1591 0.116279
1592 0.150000
1593 0.017442
1594 0.087209
1595 0.156977
1596 0.250000
1597 0.058139
1598 0.127907
1599 0.197674
1600 0.000000
1601 -0.035714
1602 0.071429
1603 0.178571
1604 -0.042857
1605 -0.040698
1606 0.034884
1607 0.110465
1608 0.085714
1609 0.005814
1610 0.081395
1611 0.156977
1612 0.214286
1613 0.052326
1614 0.127907
1615 0.203488
1616 -0.050000
1617 -0.040541
1618 0.054054
1619 0.148649
1620 -0.050000
1621 -0.042857
1622 0.028571
1623 0.100000
1624 0.050000
1625 0.000000
1626 0.071429
1627 0.142857
1628 0.150000
1629 0.042857
1630 0.114286
1631 0.185714
1632 0.099818
1633 -0.013513
1634 0.081081
1635 0.175676
1636 0.000000
1637 -0.028571
1638 0.042857
1639 0.114286
1640 0.100000
1641 0.014286
1642 0.085714
1643 0.157143
1644 0.200000
1645 0.057143
1646 0.128571
1647 0.200000
1648 0.250000
1649 0.013513
1650 0.108108
1651 0.202703
1652 0.050000
1653 -0.014286
1654 0.057143
1655 0.128571
1656 0.150000
1657 0.028571
1658 0.100000
1659 0.171429
1660 0.250000
1661 0.071429
1662 0.142857
1663 0.214286
1664 0.250000
1665 -0.035714
1666 0.071429
1667 0.178571
1668 -0.028571
1669 -0.052326
1670 0.023256
1671 0.098837
1672 0.100000
1673 -0.005814
1674 0.069767
1675 0.145349
1676 0.228571
1677 0.040698
1678 0.116279
1679 0.191860
1680 0.000000
1681 -0.047297
1682 0.047297
1683 0.141892
1684 -0.050000
1685 -0.057143
1686 0.014286
1687 0.085714
1688 0.050000
1689 -0.014286
1690 0.057143
1691 0.128571
1692 0.150000
1693 0.028571
1694 0.100000
1695 0.171429
1696 0.150000
1697 -0.020270
1698 0.074324
1699 0.168919
1700 0.000000
1701 -0.042857
1702 0.028571
1703 0.100000
1704 0.100000
1705 0.000000
1706 0.071429
1707 0.142857
1708 0.200000
1709 0.042857
1710 0.114286
1711 0.185714
1712 0.300000
1713 0.006757
1714 0.101351
1715 0.195946
1716 0.050000
1717 -0.028571
1718 0.042857
1719 0.114286
1720 0.150000
1721 0.014286
1722 0.085714
1723 0.157143
1724 0.250000
1725 0.057143
1726 0.128571
1727 0.200000
1728 0.500000
1729 -0.035714
1730 0.071429
1731 0.178571
1732 -0.014286
1733 -0.063953
1734 0.011628
1735 0.087209
1736 0.114286
1737 -0.017442
1738 0.058139
1739 0.133721
1740 0.242857
1741 0.029070
1742 0.104651
1743 0.180233
1744 0.049909
1745 -0.054054
1746 0.040541
1747 0.135135
1748 -0.050000
1749 -0.071429
1750 0.000000
1751 0.071429
1752 0.050000
1753 -0.028571
1754 0.042857
1755 0.114286
1756 0.150000
1757 0.014286
1758 0.085714
1759 0.157143
1760 0.200000
1761 -0.027027
1762 0.067568
1763 0.162162
1764 -0.000000
1765 -0.057143
1766 0.014286
1767 0.085714
1768 0.100000
1769 -0.014286
1770 0.057143
1771 0.128571
1772 0.200000
1773 0.028571
1774 0.100000
1775 0.171429
1776 0.350000
1777 -0.000000
1778 0.094595
1779 0.189189
1780 0.050000
1781 -0.042857
1782 0.028571
1783 0.100000
1784 0.150000
1785 -0.000000
1786 0.071429
1787 0.142857
1788 0.250000
1789 0.042857
1790 0.114286
1791 0.185714
1792 1.000000
1793 -0.071429
1794 0.035714
1795 0.142857
1796 -0.076923
1797 -0.088235
1798 -0.014706
1799 0.058824
1800 0.057692
1801 -0.044118
1802 0.029412
1803 0.102941
1804 0.192308
1805 -0.000000
1806 0.073529
1807 0.147059
1808 -0.071429
1809 -0.084746
1810 0.008475
1811 0.101695
1812 -0.100000
1813 -0.093023
1814 -0.023256
1815 0.046512
1816 -0.000000
1817 -0.052326
1818 0.017442
1819 0.087209
1820 0.100000
1821 -0.011628
1822 0.058139
1823 0.127907
1824 0.107143
1825 -0.059322
1826 0.033898
1827 0.127119
1828 -0.050000
1829 -0.081395
1830 -0.011628
1831 0.058139
1832 0.050000
1833 -0.040698
1834 0.029070
1835 0.098837
1836 0.150000
1837 -0.000000
1838 0.069767
1839 0.139535
1840 0.285714
1841 -0.033898
1842 0.059322
1843 0.152542
1844 -0.000000
1845 -0.069767
1846 -0.000000
1847 0.069767
1848 0.100000
1849 -0.029070
1850 0.040698
1851 0.110465
1852 0.200000
1853 0.011628
1854 0.081395
1855 0.151163
1856 -0.000000
1857 -0.071429
1858 0.035714
1859 0.142857
1860 -0.085714
1861 -0.081395
1862 -0.005814
1863 0.069767
1864 0.042857
1865 -0.034884
1866 0.040698
1867 0.116279
1868 0.171429
1869 0.011628
1870 0.087209
1871 0.162791
1872 -0.100000
1873 -0.081081
1874 0.013513
1875 0.108108
1876 -0.100000
1877 -0.085714
1878 -0.014286
1879 0.057143
1880 0.000000
1881 -0.042857
1882 0.028571
1883 0.100000
1884 0.100000
1885 -0.000000
1886 0.071429
1887 0.142857
1888 0.049909
1889 -0.054054
1890 0.040541
1891 0.135135
1892 -0.050000
1893 -0.071429
1894 0.000000
1895 0.071429
1896 0.050000
1897 -0.028571
1898 0.042857
1899 0.114286
1900 0.150000
1901 0.014286
1902 0.085714
1903 0.157143
1904 0.200000
1905 -0.027027
1906 0.067568
1907 0.162162
1908 0.000000
1909 -0.057143
1910 0.014286
1911 0.085714
1912 0.100000
1913 -0.014286
1914 0.057143
1915 0.128571
1916 0.200000
1917 0.028571
1918 0.100000
1919 0.171429
1920 0.250000
1921 -0.071429
1922 0.035714
1923 0.142857
1924 -0.071429
1925 -0.093023
1926 -0.017442
1927 0.058139
1928 0.057143
1929 -0.046512
1930 0.029070
1931 0.104651
1932 0.185714
1933 -0.000000
1934 0.075581
1935 0.151163
1936 -0.050000
1937 -0.087838
1938 0.006757
1939 0.101351
1940 -0.100000
1941 -0.100000
1942 -0.028571
1943 0.042857
1944 -0.000000
1945 -0.057143
1946 0.014286
1947 0.085714
1948 0.100000
1949 -0.014286
1950 0.057143
1951 0.128571
1952 0.100000
1953 -0.060811
1954 0.033784
1955 0.128378
1956 -0.050000
1957 -0.085714
1958 -0.014286
1959 0.057143
1960 0.050000
1961 -0.042857
1962 0.028571
1963 0.100000
1964 0.150000
1965 -0.000000
1966 0.071429
1967 0.142857
1968 0.250000
1969 -0.033784
1970 0.060811
1971 0.155405
1972 -0.000000
1973 -0.071429
1974 -0.000000
1975 0.071429
1976 0.100000
1977 -0.028571
1978 0.042857
1979 0.114286
1980 0.200000
1981 0.014286
1982 0.085714
1983 0.157143
1984 0.500000
1985 -0.071429
1986 0.035714
1987 0.142857
1988 -0.057143
1989 -0.104651
1990 -0.029070
1991 0.046512
1992 0.071429
1993 -0.058139
1994 0.017442
1995 0.093023
1996 0.200000
1997 -0.011628
1998 0.063953
1999 0.139535
2000 -0.000000
2001 -0.094595
2002 -0.000000
2003 0.094595
2004 -0.100000
2005 -0.114286
2006 -0.042857
2007 0.028571
2008 -0.000000
2009 -0.071429
2010 -0.000000
2011 0.071429
2012 0.100000
2013 -0.028571
2014 0.042857
2015 0.114286
2016 0.150000
2017 -0.067568
2018 0.027027
2019 0.121622
2020 -0.050000
2021 -0.100000
2022 -0.028571
2023 0.042857
2024 0.050000
2025 -0.057143
2026 0.014286
2027 0.085714
2028 0.150000
2029 -0.014286
2030 0.057143
2031 0.128571
2032 0.300000
2033 -0.040541
2034 0.054054
2035 0.148649
2036 -0.000000
2037 -0.085714
2038 -0.014286
2039 0.057143
2040 0.100000
2041 -0.042857
2042 0.028571
2043 0.100000
2044 0.200000
2045 -0.000000
2046 0.071429
2047 0.142857
2048 0
2049 -0.100000
2050 -0.000000
2051 0.100000
2052 -0.125000
2053 -0.107143
2054 -0.035714
2055 0.035714
2056 -0.000000
2057 -0.071429
2058 -0.000000
2059 0.071429
2060 0.125000
2061 -0.035714
2062 0.035714
2063 0.107143
2064 -0.166667
2065 -0.105263
2066 -0.013158
2067 0.078947
2068 -0.134615
2069 -0.107143
2070 -0.035714
2071 0.035714
2072 -0.038462
2073 -0.071429
2074 -0.000000
2075 0.071429
2076 0.057692
2077 -0.035714
2078 0.035714
2079 0.107143
2080 -0.000000
2081 -0.092105
2082 -0.000000
2083 0.092105
2084 -0.096154
2085 -0.107143
2086 -0.035714
2087 0.035714
2088 -0.000000
2089 -0.071429
2090 -0.000000
2091 0.071429
2092 0.096154
2093 -0.035714
2094 0.035714
2095 0.107143
2096 0.166667
2097 -0.078947
2098 0.013158
2099 0.105263
2100 -0.057692
2101 -0.107143
2102 -0.035714
2103 0.035714
2104 0.038462
2105 -0.071429
2106 -0.000000
2107 0.071429
2108 0.134615
2109 -0.035714
2110 0.035714
2111 0.107143
2112 -0.250000
2113 -0.092105
2114 0.013158
2115 0.118421
2116 -0.125000
2117 -0.093220
2118 -0.016949
2119 0.059322
2120 -0.000000
2121 -0.050847
2122 0.025424
2123 0.101695
2124 0.125000
2125 -0.008475
2126 0.067797
2127 0.144068
2128 -0.178571
2129 -0.096154
2130 -0.000000
2131 0.096154
2132 -0.128571
2133 -0.094595
2134 -0.020270
2135 0.054054
2136 -0.028571
2137 -0.054054
2138 0.020270
2139 0.094595
2140 0.071429
2141 -0.013513
2142 0.060811
2143 0.135135
2144 -0.035714
2145 -0.076923
2146 0.019231
2147 0.115385
2148 -0.085714
2149 -0.087838
2150 -0.013513
2151 0.060811
2152 0.014286
2153 -0.047297
2154 0.027027
2155 0.101351
2156 0.114286
2157 -0.006757
2158 0.067568
2159 0.141892
2160 0.107143
2161 -0.057692
2162 0.038462
2163 0.134615
2164 -0.042857
2165 -0.081081
2166 -0.006757
2167 0.067568
2168 0.057143
2169 -0.040541
2170 0.033784
2171 0.108108
2172 0.157143
2173 -0.000000
2174 0.074324
2175 0.148649
2176 -0.000000
2177 -0.105263
2178 -0.000000
2179 0.105263
2180 -0.125000
2181 -0.118644
2182 -0.042373
2183 0.033898
2184 -0.000000
2185 -0.076271
2186 -0.000000
2187 0.076271
2188 0.125000
2189 -0.033898
2190 0.042373
2191 0.118644
2192 -0.142857
2193 -0.115385
2194 -0.019231
2195 0.076923
2196 -0.142857
2197 -0.121622
2198 -0.047297
2199 0.027027
2200 -0.042857
2201 -0.081081
2202 -0.006757
2203 0.067568
2204 0.057143
2205 -0.040541
2206 0.033784
2207 0.108108
2208 -0.000000
2209 -0.096154
2210 -0.000000
2211 0.096154
2212 -0.100000
2213 -0.114865
2214 -0.040541
2215 0.033784
2216 -0.000000
2217 -0.074324
2218 -0.000000
2219 0.074324
2220 0.100000
2221 -0.033784
2222 0.040541
2223 0.114865
2224 0.142857
2225 -0.076923
2226 0.019231
2227 0.115385
2228 -0.057143
2229 -0.108108
2230 -0.033784
2231 0.040541
2232 0.042857
2233 -0.067568
2234 0.006757
2235 0.081081
2236 0.142857
2237 -0.027027
2238 0.047297
2239 0.121622
2240 0.250000
2241 -0.118421
2242 -0.013158
2243 0.092105
2244 -0.125000
2245 -0.144068
2246 -0.067797
2247 0.008475
2248 0.000000
2249 -0.101695
2250 -0.025424
2251 0.050847
2252 0.125000
2253 -0.059322
2254 0.016949
2255 0.093220
2256 -0.107143
2257 -0.134615
2258 -0.038462
2259 0.057692
2260 -0.157143
2261 -0.148649
2262 -0.074324
2263 0.000000
2264 -0.057143
2265 -0.108108
2266 -0.033784
2267 0.040541
2268 0.042857
2269 -0.067568
2270 0.006757
2271 0.081081
2272 0.035714
2273 -0.115385
2274 -0.019231
2275 0.076923
2276 -0.114286
2277 -0.141892
2278 -0.067568
2279 0.006757
2280 -0.014286
2281 -0.101351
2282 -0.027027
2283 0.047297
2284 0.085714
2285 -0.060811
2286 0.013513
2287 0.087838
2288 0.178571
2289 -0.096154
2290 0.000000
2291 0.096154
2292 -0.071429
2293 -0.135135
2294 -0.060811
2295 0.013513
2296 0.028571
2297 -0.094595
2298 -0.020270
2299 0.054054
2300 0.128571
2301 -0.054054
2302 0.020270
2303 0.094595
2304 -0.500000
2305 -0.071429
2306 0.035714
2307 0.142857
2308 -0.096154
2309 -0.073529
2310 -0.000000
2311 0.073529
2312 0.038462
2313 -0.029412
2314 0.044118
2315 0.117647
2316 0.173077
2317 0.014706
2318 0.088235
2319 0.161765
2320 -0.142857
2321 -0.076271
2322 0.016949
2323 0.110169
2324 -0.100000
2325 -0.075581
2326 -0.005814
2327 0.063953
2328 -0.000000
2329 -0.034884
2330 0.034884
2331 0.104651
2332 0.100000
2333 0.005814
2334 0.075581
2335 0.145349
2336 0.035736
2337 -0.050847
2338 0.042373
2339 0.135593
2340 -0.050000
2341 -0.063953
2342 0.005814
2343 0.075581
2344 0.050000
2345 -0.023256
2346 0.046512
2347 0.116279
2348 0.150000
2349 0.017442
2350 0.087209
2351 0.156977
2352 0.214286
2353 -0.025424
2354 0.067797
2355 0.161017
2356 0.000000
2357 -0.052326
2358 0.017442
2359 0.087209
2360 0.100000
2361 -0.011628
2362 0.058139
2363 0.127907
2364 0.200000
2365 0.029070
2366 0.098837
2367 0.168605
2368 -0.250000
2369 -0.071429
2370 0.035714
2371 0.142857
2372 -0.100000
2373 -0.069767
2374 0.005814
2375 0.081395
2376 0.028571
2377 -0.023256
2378 0.052326
2379 0.127907
2380 0.157143
2381 0.023256
2382 0.098837
2383 0.174419
2384 -0.150000
2385 -0.074324
2386 0.020270
2387 0.114865
2388 -0.100000
2389 -0.071429
2390 -0.000000
2391 0.071429
2392 0.000000
2393 -0.028571
2394 0.042857
2395 0.114286
2396 0.100000
2397 0.014286
2398 0.085714
2399 0.157143
2400 0.000000
2401 -0.047297
2402 0.047297
2403 0.141892
2404 -0.050000
2405 -0.057143
2406 0.014286
2407 0.085714
2408 0.050000
2409 -0.014286
2410 0.057143
2411 0.128571
2412 0.150000
2413 0.028571
2414 0.100000
2415 0.171429
2416 0.150000
2417 -0.020270
2418 0.074324
2419 0.168919
2420 0.000000
2421 -0.042857
2422 0.028571
2423 0.100000
2424 0.100000
2425 0.000000
2426 0.071429
2427 0.142857
2428 0.200000
2429 0.042857
2430 0.114286
2431 0.185714
2432 0.000000
2433 -0.071429
2434 0.035714
2435 0.142857
2436 -0.085714
2437 -0.081395
2438 -0.005814
2439 0.069767
2440 0.042857
2441 -0.034884
2442 0.040698
2443 0.116279
2444 0.171429
2445 0.011628
2446 0.087209
2447 0.162791
2448 -0.100000
2449 -0.081081
2450 0.013513
2451 0.108108
2452 -0.100000
2453 -0.085714
2454 -0.014286
2455 0.057143
2456 0.000000
2457 -0.042857
2458 0.028571
2459 0.100000
2460 0.100000
2461 -0.000000
2462 0.071429
2463 0.142857
2464 0.049909
2465 -0.054054
2466 0.040541
2467 0.135135
2468 -0.050000
2469 -0.071429
2470 -0.000000
2471 0.071429
2472 0.050000
2473 -0.028571
2474 0.042857
2475 0.114286
2476 0.150000
2477 0.014286
2478 0.085714
2479 0.157143
2480 0.200000
2481 -0.027027
2482 0.067568
2483 0.162162
2484 -0.000000
2485 -0.057143
2486 0.014286
2487 0.085714
2488 0.100000
2489 -0.014286
2490 0.057143
2491 0.128571
2492 0.200000
2493 0.028571
2494 0.100000
2495 0.171429
2496 0.250000
2497 -0.071429
2498 0.035714
2499 0.142857
2500 -0.071429
2501 -0.093023
2502 -0.017442
2503 0.058139
2504 0.057143
2505 -0.046512
2506 0.029070
2507 0.104651
2508 0.185714
2509 -0.000000
2510 0.075581
2511 0.151163
2512 -0.050000
2513 -0.087838
2514 0.006757
2515 0.101351
2516 -0.100000
2517 -0.100000
2518 -0.028571
2519 0.042857
2520 0.000000
2521 -0.057143
2522 0.014286
2523 0.085714
2524 0.100000
2525 -0.014286
2526 0.057143
2527 0.128571
2528 0.100000
2529 -0.060811
2530 0.033784
2531 0.128378
2532 -0.050000
2533 -0.085714
2534 -0.014286
2535 0.057143
2536 0.050000
2537 -0.042857
2538 0.028571
2539 0.100000
2540 0.150000
2541 -0.000000
2542 0.071429
2543 0.142857
2544 0.250000
2545 -0.033784
2546 0.060811
2547 0.155405
2548 0.000000
2549 -0.071429
2550 -0.000000
2551 0.071429
2552 0.100000
2553 -0.028571
2554 0.042857
2555 0.114286
2556 0.200000
2557 0.014286
2558 0.085714
2559 0.157143
2560 -0.000000
2561 -0.107143
2562 -0.000000
2563 0.107143
2564 -0.134615
2565 -0.117647
2566 -0.044118
2567 0.029412
2568 -0.000000
2569 -0.073529
2570 -0.000000
2571 0.073529
2572 0.134615
2573 -0.029412
2574 0.044118
2575 0.117647
2576 -0.178571
2577 -0.118644
2578 -0.025424
2579 0.067797
2580 -0.150000
2581 -0.122093
2582 -0.052326
2583 0.017442
2584 -0.050000
2585 -0.081395
2586 -0.011628
2587 0.058139
2588 0.050000
2589 -0.040698
2590 0.029070
2591 0.098837
2592 -0.000000
2593 -0.093220
2594 -0.000000
2595 0.093220
2596 -0.100000
2597 -0.110465
2598 -0.040698
2599 0.029070
2600 -0.000000
2601 -0.069767
2602 -0.000000
2603 0.069767
2604 0.100000
2605 -0.029070
2606 0.040698
2607 0.110465
2608 0.178571
2609 -0.067797
2610 0.025424
2611 0.118644
2612 -0.050000
2613 -0.098837
2614 -0.029070
2615 0.040698
2616 0.050000
2617 -0.058139
2618 0.011628
2619 0.081395
2620 0.150000
2621 -0.017442
2622 0.052326
2623 0.122093
2624 -0.250000
2625 -0.107143
2626 0.000000
2627 0.107143
2628 -0.142857
2629 -0.110465
2630 -0.034884
2631 0.040698
2632 -0.014286
2633 -0.063953
2634 0.011628
2635 0.087209
2636 0.114286
2637 -0.017442
2638 0.058139
2639 0.133721
2640 -0.200000
2641 -0.114865
2642 -0.020270
2643 0.074324
2644 -0.150000
2645 -0.114286
2646 -0.042857
2647 0.028571
2648 -0.050000
2649 -0.071429
2650 0.000000
2651 0.071429
2652 0.050000
2653 -0.028571
2654 0.042857
2655 0.114286
2656 -0.050000
2657 -0.087838
2658 0.006757
2659 0.101351
2660 -0.100000
2661 -0.100000
2662 -0.028571
2663 0.042857
2664 0.000000
2665 -0.057143
2666 0.014286
2667 0.085714
2668 0.100000
2669 -0.014286
2670 0.057143
2671 0.128571
2672 0.100000
2673 -0.060811
2674 0.033784
2675 0.128378
2676 -0.050000
2677 -0.085714
2678 -0.014286
2679 0.057143
2680 0.050000
2681 -0.042857
2682 0.028571
2683 0.100000
2684 0.150000
2685 -0.000000
2686 0.071429
2687 0.142857
2688 -0.000000
2689 -0.107143
2690 -0.000000
2691 0.107143
2692 -0.128571
2693 -0.122093
2694 -0.046512
2695 0.029070
2696 -0.000000
2697 -0.075581
2698 -0.000000
2699 0.075581
2700 0.128571
2701 -0.029070
2702 0.046512
2703 0.122093
2704 -0.150000
2705 -0.121622
2706 -0.027027
2707 0.067568
2708 -0.150000
2709 -0.128571
2710 -0.057143
2711 0.014286
2712 -0.050000
2713 -0.085714
2714 -0.014286
2715 0.057143
2716 0.050000
2717 -0.042857
2718 0.028571
2719 0.100000
2720 -0.000000
2721 -0.094595
2722 -0.000000
2723 0.094595
2724 -0.100000
2725 -0.114286
2726 -0.042857
2727 0.028571
2728 -0.000000
2729 -0.071429
2730 -0.000000
2731 0.071429
2732 0.100000
2733 -0.028571
2734 0.042857
2735 0.114286
2736 0.150000
2737 -0.067568
2738 0.027027
2739 0.121622
2740 -0.050000
2741 -0.100000
2742 -0.028571
2743 0.042857
2744 0.050000
2745 -0.057143
2746 0.014286
2747 0.085714
2748 0.150000
2749 -0.014286
2750 0.057143
2751 0.128571
2752 0.250000
2753 -0.107143
2754 -0.000000
2755 0.107143
2756 -0.114286
2757 -0.133721
2758 -0.058139
2759 0.017442
2760 0.014286
2761 -0.087209
2762 -0.011628
2763 0.063953
2764 0.142857
2765 -0.040698
2766 0.034884
2767 0.110465
2768 -0.100000
2769 -0.128378
2770 -0.033784
2771 0.060811
2772 -0.150000
2773 -0.142857
2774 -0.071429
2775 0.000000
2776 -0.050000
2777 -0.100000
2778 -0.028571
2779 0.042857
2780 0.050000
2781 -0.057143
2782 0.014286
2783 0.085714
2784 0.050000
2785 -0.101351
2786 -0.006757
2787 0.087838
2788 -0.100000
2789 -0.128571
2790 -0.057143
2791 0.014286
2792 -0.000000
2793 -0.085714
2794 -0.014286
2795 0.057143
2796 0.100000
2797 -0.042857
2798 0.028571
2799 0.100000
2800 0.200000
2801 -0.074324
2802 0.020270
2803 0.114865
2804 -0.050000
2805 -0.114286
2806 -0.042857
2807 0.028571
2808 0.050000
2809 -0.071429
2810 -0.000000
2811 0.071429
2812 0.150000
2813 -0.028571
2814 0.042857
2815 0.114286
2816 0.500000
2817 -0.142857
2818 -0.035714
2819 0.071429
2820 -0.173077
2821 -0.161765
2822 -0.088235
2823 -0.014706
2824 -0.038462
2825 -0.117647
2826 -0.044118
2827 0.029412
2828 0.096154
2829 -0.073529
2830 0.000000
2831 0.073529
2832 -0.214286
2833 -0.161017
2834 -0.067797
2835 0.025424
2836 -0.200000
2837 -0.168605
2838 -0.098837
2839 -0.029070
2840 -0.100000
2841 -0.127907
2842 -0.058139
2843 0.011628
2844 -0.000000
2845 -0.087209
2846 -0.017442
2847 0.052326
2848 -0.035736
2849 -0.135593
2850 -0.042373
2851 0.050847
2852 -0.150000
2853 -0.156977
2854 -0.087209
2855 -0.017442
2856 -0.050000
2857 -0.116279
2858 -0.046512
2859 0.023256
2860 0.050000
2861 -0.075581
2862 -0.005814
2863 0.063953
2864 0.142857
2865 -0.110169
2866 -0.016949
2867 0.076271
2868 -0.100000
2869 -0.145349
2870 -0.075581
2871 -0.005814
2872 0.000000
2873 -0.104651
2874 -0.034884
2875 0.034884
2876 0.100000
2877 -0.063953
2878 0.005814
2879 0.075581
2880 -0.250000
2881 -0.142857
2882 -0.035714
2883 0.071429
2884 -0.185714
2885 -0.151163
2886 -0.075581
2887 -0.000000
2888 -0.057143
2889 -0.104651
2890 -0.029070
2891 0.046512
2892 0.071429
2893 -0.058139
2894 0.017442
2895 0.093023
2896 -0.250000
2897 -0.155405
2898 -0.060811
2899 0.033784
2900 -0.200000
2901 -0.157143
2902 -0.085714
2903 -0.014286
2904 -0.100000
2905 -0.114286
2906 -0.042857
2907 0.028571
2908 -0.000000
2909 -0.071429
2910 -0.000000
2911 0.071429
2912 -0.100000
2913 -0.128378
2914 -0.033784
2915 0.060811
2916 -0.150000
2917 -0.142857
2918 -0.071429
2919 -0.000000
2920 -0.050000
2921 -0.100000
2922 -0.028571
2923 0.042857
2924 0.050000
2925 -0.057143
2926 0.014286
2927 0.085714
2928 0.050000
2929 -0.101351
2930 -0.006757
2931 0.087838
2932 -0.100000
2933 -0.128571
2934 -0.057143
2935 0.014286
2936 -0.000000
2937 -0.085714
2938 -0.014286
2939 0.057143
2940 0.100000
2941 -0.042857
2942 0.028571
2943 0.100000
2944 -0.000000
2945 -0.142857
2946 -0.035714
2947 0.071429
2948 -0.171429
2949 -0.162791
2950 -0.087209
2951 -0.011628
2952 -0.042857
2953 -0.116279
2954 -0.040698
2955 0.034884
2956 0.085714
2957 -0.069767
2958 0.005814
2959 0.081395
2960 -0.200000
2961 -0.162162
2962 -0.067568
2963 0.027027
2964 -0.200000
2965 -0.171429
2966 -0.100000
2967 -0.028571
2968 -0.100000
2969 -0.128571
2970 -0.057143
2971 0.014286
2972 0.000000
2973 -0.085714
2974 -0.014286
2975 0.057143
2976 -0.049909
2977 -0.135135
2978 -0.040541
2979 0.054054
2980 -0.150000
2981 -0.157143
2982 -0.085714
2983 -0.014286
2984 -0.050000
2985 -0.114286
2986 -0.042857
2987 0.028571
2988 0.050000
2989 -0.071429
2990 0.000000
2991 0.071429
2992 0.100000
2993 -0.108108
2994 -0.013513
2995 0.081081
2996 -0.100000
2997 -0.142857
2998 -0.071429
2999 0.000000
3000 -0.000000
3001 -0.100000
3002 -0.028571
3003 0.042857
3004 0.100000
3005 -0.057143
3006 0.014286
3007 0.085714
3008 0.250000
3009 -0.142857
3010 -0.035714
3011 0.071429
3012 -0.157143
3013 -0.174419
3014 -0.098837
3015 -0.023256
3016 -0.028571
3017 -0.127907
3018 -0.052326
3019 0.023256
3020 0.100000
3021 -0.081395
3022 -0.005814
3023 0.069767
3024 -0.150000
3025 -0.168919
3026 -0.074324
3027 0.020270
3028 -0.200000
3029 -0.185714
3030 -0.114286
3031 -0.042857
3032 -0.100000
3033 -0.142857
3034 -0.071429
3035 -0.000000
3036 -0.000000
3037 -0.100000
3038 -0.028571
3039 0.042857
3040 -0.000000
3041 -0.141892
3042 -0.047297
3043 0.047297
3044 -0.150000
3045 -0.171429
3046 -0.100000
3047 -0.028571
3048 -0.050000
3049 -0.128571
3050 -0.057143
3051 0.014286
3052 0.050000
3053 -0.085714
3054 -0.014286
3055 0.057143
3056 0.150000
3057 -0.114865
3058 -0.020270
3059 0.074324
3060 -0.100000
3061 -0.157143
3062 -0.085714
3063 -0.014286
3064 -0.000000
3065 -0.114286
3066 -0.042857
3067 0.028571
3068 0.100000
3069 -0.071429
3070 0.000000
3071 0.071429
3072 0
3073 -0.200000
3074 -0.100000
3075 0.000000
3076 -0.250000
3077 -0.214286
3078 -0.142857
3079 -0.071429
3080 -0.125000
3081 -0.178571
3082 -0.107143
3083 -0.035714
3084 -0.000000
3085 -0.142857
3086 -0.071429
3087 -0.000000
3088 -0.333333
3089 -0.210526
3090 -0.118421
3091 -0.026316
3092 -0.269231
3093 -0.214286
3094 -0.142857
3095 -0.071429
3096 -0.173077
3097 -0.178571
3098 -0.107143
3099 -0.035714
3100 -0.076923
3101 -0.142857
3102 -0.071429
3103 -0.000000
3104 -0.166667
3105 -0.197368
3106 -0.105263
3107 -0.013158
3108 -0.230769
3109 -0.214286
3110 -0.142857
3111 -0.071429
3112 -0.134615
3113 -0.178571
3114 -0.107143
3115 -0.035714
3116 -0.038462
3117 -0.142857
3118 -0.071429
3119 -0.000000
3120 -0.000000
3121 -0.184211
3122 -0.092105
3123 -0.000002
3124 -0.192308
3125 -0.214286
3126 -0.142857
3127 -0.071429
3128 -0.096154
3129 -0.178571
3130 -0.107143
3131 -0.035714
3132 -0.000000
3133 -0.142857
3134 -0.071429
3135 -0.000000
3136 -0.500000
3137 -0.184211
3138 -0.078947
3139 0.026316
3140 -0.250000
3141 -0.186441
3142 -0.110169
3143 -0.033898
3144 -0.125000
3145 -0.144068
3146 -0.067797
3147 0.008475
3148 0.000000
3149 -0.101695
3150 -0.025424
3151 0.050847
3152 -0.357143
3153 -0.192308
3154 -0.096154
3155 -0.000000
3156 -0.257143
3157 -0.189189
3158 -0.114865
3159 -0.040541
3160 -0.157143
3161 -0.148649
3162 -0.074324
3163 -0.000000
3164 -0.057143
3165 -0.108108
3166 -0.033784
3167 0.040541
3168 -0.214286
3169 -0.173077
3170 -0.076923
3171 0.019231
3172 -0.214286
3173 -0.182432
3174 -0.108108
3175 -0.033784
3176 -0.114286
3177 -0.141892
3178 -0.067568
3179 0.006757
3180 -0.014286
3181 -0.101351
3182 -0.027027
3183 0.047297
3184 -0.071429
3185 -0.153846
3186 -0.057692
3187 0.038462
3188 -0.171429
3189 -0.175676
3190 -0.101351
3191 -0.027027
3192 -0.071429
3193 -0.135135
3194 -0.060811
3195 0.013513
3196 0.028571
3197 -0.094595
3198 -0.020270
3199 0.054054
3200 -0.250000
3201 -0.197368
3202 -0.092105
3203 0.013158
3204 -0.250000
3205 -0.211864
3206 -0.135593
3207 -0.059322
3208 -0.125000
3209 -0.169492
3210 -0.093220
3211 -0.016949
3212 0.000000
3213 -0.127119
3214 -0.050847
3215 0.025424
3216 -0.321429
3217 -0.211538
3218 -0.115385
3219 -0.019231
3220 -0.271429
3221 -0.216216
3222 -0.141892
3223 -0.067568
3224 -0.171429
3225 -0.175676
3226 -0.101351
3227 -0.027027
3228 -0.071429
3229 -0.135135
3230 -0.060811
3231 0.013513
3232 -0.178571
3233 -0.192308
3234 -0.096154
3235 0.000000
3236 -0.228571
3237 -0.209459
3238 -0.135135
3239 -0.060811
3240 -0.128571
3241 -0.168919
3242 -0.094595
3243 -0.020270
3244 -0.028571
3245 -0.128378
3246 -0.054054
3247 0.020270
3248 -0.035714
3249 -0.173077
3250 -0.076923
3251 0.019231
3252 -0.185714
3253 -0.202703
3254 -0.128378
3255 -0.054054
3256 -0.085714
3257 -0.162162
3258 -0.087838
3259 -0.013515
3260 0.014286
3261 -0.121622
3262 -0.047297
3263 0.027027
3264 0.000000
3265 -0.210526
3266 -0.105263
3267 0.000000
3268 -0.250000
3269 -0.237288
3270 -0.161017
3271 -0.084746
3272 -0.125000
3273 -0.194915
3274 -0.118644
3275 -0.042373
3276 -0.000000
3277 -0.152542
3278 -0.076271
3279 -0.000000
3280 -0.285714
3281 -0.230769
3282 -0.134615
3283 -0.038462
3284 -0.285714
3285 -0.243243
3286 -0.168919
3287 -0.094595
3288 -0.185714
3289 -0.202703
3290 -0.128378
3291 -0.054054
3292 -0.085714
3293 -0.162162
3294 -0.087838
3295 -0.013515
3296 -0.142857
3297 -0.211538
3298 -0.115385
3299 -0.019231
3300 -0.242857
3301 -0.236486
3302 -0.162162
3303 -0.087838
3304 -0.142857
3305 -0.195946
3306 -0.121622
3307 -0.047297
3308 -0.042857
3309 -0.155405
3310 -0.081081
3311 -0.006757
3312 0.000000
3313 -0.192308
3314 -0.096154
3315 -0.000000
3316 -0.200000
3317 -0.229730
3318 -0.155405
3319 -0.081081
3320 -0.100000
3321 -0.189189
3322 -0.114865
3323 -0.040541
3324 -0.000000
3325 -0.148649
3326 -0.074324
3327 -0.000000
3328 -1.000000
3329 -0.142857
3330 -0.035714
3331 0.071429
3332 -0.192308
3333 -0.147059
3334 -0.073529
3335 0.000000
3336 -0.057692
3337 -0.102941
3338 -0.029412
3339 0.044118
3340 0.076923
3341 -0.058824
3342 0.014706
3343 0.088235
3344 -0.285714
3345 -0.152542
3346 -0.059322
3347 0.033898
3348 -0.200000
3349 -0.151163
3350 -0.081395
3351 -0.011628
3352 -0.100000
3353 -0.110465
3354 -0.040698
3355 0.029070
3356 -0.000000
3357 -0.069767
3358 -0.000000
3359 0.069767
3360 -0.107143
3361 -0.127119
3362 -0.033898
3363 0.059322
3364 -0.150000
3365 -0.139535
3366 -0.069767
3367 0.000000
3368 -0.050000
3369 -0.098837
3370 -0.029070
3371 0.040698
3372 0.050000
3373 -0.058139
3374 0.011628
3375 0.081395
3376 0.071429
3377 -0.101695
3378 -0.008475
3379 0.084746
3380 -0.100000
3381 -0.127907
3382 -0.058139
3383 0.011628
3384 0.000000
3385 -0.087209
3386 -0.017442
3387 0.052326
3388 0.100000
3389 -0.046512
3390 0.023256
3391 0.093023
3392 -0.500000
3393 -0.142857
3394 -0.035714
3395 0.071429
3396 -0.200000
3397 -0.139535
3398 -0.063953
3399 0.011628
3400 -0.071429
3401 -0.093023
3402 -0.017442
3403 0.058139
3404 0.057143
3405 -0.046512
3406 0.029070
3407 0.104651
3408 -0.300000
3409 -0.148649
3410 -0.054054
3411 0.040541
3412 -0.200000
3413 -0.142857
3414 -0.071429
3415 0.000000
3416 -0.100000
3417 -0.100000
3418 -0.028571
3419 0.042857
3420 0.000000
3421 -0.057143
3422 0.014286
3423 0.085714
3424 -0.150000
3425 -0.121622
3426 -0.027027
3427 0.067568
3428 -0.150000
3429 -0.128571
3430 -0.057143
3431 0.014286
3432 -0.050000
3433 -0.085714
3434 -0.014286
3435 0.057143
3436 0.050000
3437 -0.042857
3438 0.028571
3439 0.100000
3440 -0.000000
3441 -0.094595
3442 -0.000000
3443 0.094595
3444 -0.100000
3445 -0.114286
3446 -0.042857
3447 0.028571
3448 -0.000000
3449 -0.071429
3450 -0.000000
3451 0.071429
3452 0.100000
3453 -0.028571
3454 0.042857
3455 0.114286
3456 -0.250000
3457 -0.142857
3458 -0.035714
3459 0.071429
3460 -0.185714
3461 -0.151163
3462 -0.075581
3463 -0.000000
3464 -0.057143
3465 -0.104651
3466 -0.029070
3467 0.046512
3468 0.071429
3469 -0.058139
3470 0.017442
3471 0.093023
3472 -0.250000
3473 -0.155405
3474 -0.060811
3475 0.033784
3476 -0.200000
3477 -0.157143
3478 -0.085714
3479 -0.014286
3480 -0.100000
3481 -0.114286
3482 -0.042857
3483 0.028571
3484 -0.000000
3485 -0.071429
3486 -0.000000
3487 0.071429
3488 -0.100000
3489 -0.128378
3490 -0.033784
3491 0.060811
3492 -0.150000
3493 -0.142857
3494 -0.071429
3495 -0.000000
3496 -0.050000
3497 -0.100000
3498 -0.028571
3499 0.042857
3500 0.050000
3501 -0.057143
3502 0.014286
3503 0.085714
3504 0.050000
3505 -0.101351
3506 -0.006757
3507 0.087838
3508 -0.100000
3509 -0.128571
3510 -0.057143
3511 0.014286
3512 0.000000
3513 -0.085714
3514 -0.014286
3515 0.057143
3516 0.100000
3517 -0.042857
3518 0.028571
3519 0.100000
3520 0.000000
3521 -0.142857
3522 -0.035714
3523 0.071429
3524 -0.171429
3525 -0.162791
3526 -0.087209
3527 -0.011628
3528 -0.042857
3529 -0.116279
3530 -0.040698
3531 0.034884
3532 0.085714
3533 -0.069767
3534 0.005814
3535 0.081395
3536 -0.200000
3537 -0.162162
3538 -0.067568
3539 0.027027
3540 -0.200000
3541 -0.171429
3542 -0.100000
3543 -0.028571
3544 -0.100000
3545 -0.128571
3546 -0.057143
3547 0.014286
3548 -0.000000
3549 -0.085714
3550 -0.014286
3551 0.057143
3552 -0.049909
3553 -0.135135
3554 -0.040541
3555 0.054054
3556 -0.150000
3557 -0.157143
3558 -0.085714
3559 -0.014286
3560 -0.050000
3561 -0.114286
3562 -0.042857
3563 0.028571
3564 0.050000
3565 -0.071429
3566 -0.000000
3567 0.071429
3568 0.100000
3569 -0.108108
3570 -0.013513
3571 0.081081
3572 -0.100000
3573 -0.142857
3574 -0.071429
3575 0.000000
3576 -0.000000
3577 -0.100000
3578 -0.028571
3579 0.042857
3580 0.100000
3581 -0.057143
3582 0.014286
3583 0.085714
3584 -0.500000
3585 -0.178571
3586 -0.071429
3587 0.035714
3588 -0.230769
3589 -0.191176
3590 -0.117647
3591 -0.044118
3592 -0.096154
3593 -0.147059
3594 -0.073529
3595 -0.000000
3596 0.038462
3597 -0.102941
3598 -0.029412
3599 0.044118
3600 -0.321429
3601 -0.194915
3602 -0.101695
3603 -0.008475
3604 -0.250000
3605 -0.197674
3606 -0.127907
3607 -0.058139
3608 -0.150000
3609 -0.156977
3610 -0.087209
3611 -0.017442
3612 -0.050000
3613 -0.116279
3614 -0.046512
3615 0.023256
3616 -0.142857
3617 -0.169492
3618 -0.076271
3619 0.016949
3620 -0.200000
3621 -0.186047
3622 -0.116279
3623 -0.046512
3624 -0.100000
3625 -0.145349
3626 -0.075581
3627 -0.005814
3628 0.000000
3629 -0.104651
3630 -0.034884
3631 0.034884
3632 0.035652
3633 -0.144068
3634 -0.050847
3635 0.042373
3636 -0.150000
3637 -0.174419
3638 -0.104651
3639 -0.034884
3640 -0.050000
3641 -0.133721
3642 -0.063953
3643 0.005814
3644 0.050000
3645 -0.093023
3646 -0.023256
3647 0.046512
3648 -0.500000
3649 -0.178571
3650 -0.071429
3651 0.035714
3652 -0.242857
3653 -0.180233
3654 -0.104651
3655 -0.029070
3656 -0.114286
3657 -0.133721
3658 -0.058139
3659 0.017442
3660 0.014286
3661 -0.087209
3662 -0.011628
3663 0.063953
3664 -0.350000
3665 -0.189189
3666 -0.094595
3667 -0.000000
3668 -0.250000
3669 -0.185714
3670 -0.114286
3671 -0.042857
3672 -0.150000
3673 -0.142857
3674 -0.071429
3675 -0.000000
3676 -0.050000
3677 -0.100000
3678 -0.028571
3679 0.042857
3680 -0.200000
3681 -0.162162
3682 -0.067568
3683 0.027027
3684 -0.200000
3685 -0.171429
3686 -0.100000
3687 -0.028571
3688 -0.100000
3689 -0.128571
3690 -0.057143
3691 0.014286
3692 0.000000
3693 -0.085714
3694 -0.014286
3695 0.057143
3696 -0.049909
3697 -0.135135
3698 -0.040541
3699 0.054054
3700 -0.150000
3701 -0.157143
3702 -0.085714
3703 -0.014286
3704 -0.050000
3705 -0.114286
3706 -0.042857
3707 0.028571
3708 0.050000
3709 -0.071429
3710 -0.000000
3711 0.071429
3712 -0.250000
3713 -0.178571
3714 -0.071429
3715 0.035714
3716 -0.228571
3717 -0.191860
3718 -0.116279
3719 -0.040698
3720 -0.100000
3721 -0.145349
3722 -0.069767
3723 0.005814
3724 0.028571
3725 -0.098837
3726 -0.023256
3727 0.052326
3728 -0.300000
3729 -0.195946
3730 -0.101351
3731 -0.006757
3732 -0.250000
3733 -0.200000
3734 -0.128571
3735 -0.057143
3736 -0.150000
3737 -0.157143
3738 -0.085714
3739 -0.014286
3740 -0.050000
3741 -0.114286
3742 -0.042857
3743 0.028571
3744 -0.150000
3745 -0.168919
3746 -0.074324
3747 0.020270
3748 -0.200000
3749 -0.185714
3750 -0.114286
3751 -0.042857
3752 -0.100000
3753 -0.142857
3754 -0.071429
3755 -0.000000
3756 -0.000000
3757 -0.100000
3758 -0.028571
3759 0.042857
3760 -0.000000
3761 -0.141892
3762 -0.047297
3763 0.047297
3764 -0.150000
3765 -0.171429
3766 -0.100000
3767 -0.028571
3768 -0.050000
3769 -0.128571
3770 -0.057143
3771 0.014286
3772 0.050000
3773 -0.085714
3774 -0.014286
3775 0.057143
3776 -0.000000
3777 -0.178571
3778 -0.071429
3779 0.035714
3780 -0.214286
3781 -0.203488
3782 -0.127907
3783 -0.052326
3784 -0.085714
3785 -0.156977
3786 -0.081395
3787 -0.005814
3788 0.042857
3789 -0.110465
3790 -0.034884
3791 0.040698
3792 -0.250000
3793 -0.202703
3794 -0.108108
3795 -0.013513
3796 -0.250000
3797 -0.214286
3798 -0.142857
3799 -0.071429
3800 -0.150000
3801 -0.171429
3802 -0.100000
3803 -0.028571
3804 -0.050000
3805 -0.128571
3806 -0.057143
3807 0.014286
3808 -0.099818
3809 -0.175676
3810 -0.081081
3811 0.013513
3812 -0.200000
3813 -0.200000
3814 -0.128571
3815 -0.057143
3816 -0.100000
3817 -0.157143
3818 -0.085714
3819 -0.014286
3820 -0.000000
3821 -0.114286
3822 -0.042857
3823 0.028571
3824 0.050000
3825 -0.148649
3826 -0.054054
3827 0.040541
3828 -0.150000
3829 -0.185714
3830 -0.114286
3831 -0.042857
3832 -0.050000
3833 -0.142857
3834 -0.071429
3835 -0.000000
3836 0.050000
3837 -0.100000
3838 -0.028571
3839 0.042857
3840 -0.000000
3841 -0.214286
3842 -0.107143
3843 0.000000
3844 -0.269231
3845 -0.235294
3846 -0.161765
3847 -0.088235
3848 -0.134615
3849 -0.191176
3850 -0.117647
3851 -0.044118
3852 0.000000
3853 -0.147059
3854 -0.073529
3855 -0.000000
3856 -0.357143
3857 -0.237288
3858 -0.144068
3859 -0.050847
3860 -0.300000
3861 -0.244186
3862 -0.174419
3863 -0.104651
3864 -0.200000
3865 -0.203488
3866 -0.133721
3867 -0.063953
3868 -0.100000
3869 -0.162791
3870 -0.093023
3871 -0.023256
3872 -0.178402
3873 -0.211864
3874 -0.118644
3875 -0.025424
3876 -0.250000
3877 -0.232558
3878 -0.162791
3879 -0.093023
3880 -0.150000
3881 -0.191860
3882 -0.122093
3883 -0.052326
3884 -0.050000
3885 -0.151163
3886 -0.081395
3887 -0.011628
3888 -0.000216
3889 -0.186441
3890 -0.093220
3891 0.000000
3892 -0.200000
3893 -0.220930
3894 -0.151163
3895 -0.081395
3896 -0.100000
3897 -0.180233
3898 -0.110465
3899 -0.040698
3900 0.000000
3901 -0.139535
3902 -0.069767
3903 -0.000000
3904 -0.500000
3905 -0.214286
3906 -0.107143
3907 0.000000
3908 -0.285714
3909 -0.220930
3910 -0.145349
3911 -0.069767
3912 -0.157143
3913 -0.174419
3914 -0.098837
3915 -0.023256
3916 -0.028571
3917 -0.127907
3918 -0.052326
3919 0.023256
3920 -0.400000
3921 -0.229730
3922 -0.135135
3923 -0.040541
3924 -0.300000
3925 -0.228571
3926 -0.157143
3927 -0.085714
3928 -0.200000
3929 -0.185714
3930 -0.114286
3931 -0.042857
3932 -0.100000
3933 -0.142857
3934 -0.071429
3935 0.000000
3936 -0.250000
3937 -0.202703
3938 -0.108108
3939 -0.013513
3940 -0.250000
3941 -0.214286
3942 -0.142857
3943 -0.071429
3944 -0.150000
3945 -0.171429
3946 -0.100000
3947 -0.028571
3948 -0.050000
3949 -0.128571
3950 -0.057143
3951 0.014286
3952 -0.099818
3953 -0.175676
3954 -0.081081
3955 0.013513
3956 -0.200000
3957 -0.200000
3958 -0.128571
3959 -0.057143
3960 -0.100000
3961 -0.157143
3962 -0.085714
3963 -0.014286
3964 -0.000000
3965 -0.114286
3966 -0.042857
3967 0.028571
3968 -0.250000
3969 -0.214286
3970 -0.107143
3971 0.000000
3972 -0.271429
3973 -0.232558
3974 -0.156977
3975 -0.081395
3976 -0.142857
3977 -0.186047
3978 -0.110465
3979 -0.034884
3980 -0.014286
3981 -0.139535
3982 -0.063953
3983 0.011628
3984 -0.350000
3985 -0.236486
3986 -0.141892
3987 -0.047297
3988 -0.300000
3989 -0.242857
3990 -0.171429
3991 -0.100000
3992 -0.200000
3993 -0.200000
3994 -0.128571
3995 -0.057143
3996 -0.100000
3997 -0.157143
3998 -0.085714
3999 -0.014286
4000 -0.200000
4001 -0.209459
4002 -0.114865
4003 -0.020270
4004 -0.250000
4005 -0.228571
4006 -0.157143
4007 -0.085714
4008 -0.150000
4009 -0.185714
4010 -0.114286
4011 -0.042857
4012 -0.050000
4013 -0.142857
4014 -0.071429
4015 0.000000
4016 -0.050000
4017 -0.182432
4018 -0.087838
4019 0.006757
4020 -0.200000
4021 -0.214286
4022 -0.142857
4023 -0.071429
4024 -0.100000
4025 -0.171429
4026 -0.100000
4027 -0.028571
4028 -0.000000
4029 -0.128571
4030 -0.057143
4031 0.014286
4032 0.000000
4033 -0.214286
4034 -0.107143
4035 0.000000
4036 -0.257143
4037 -0.244186
4038 -0.168605
4039 -0.093023
4040 -0.128571
4041 -0.197674
4042 -0.122093
4043 -0.046512
4044 0.000000
4045 -0.151163
4046 -0.075581
4047 0.000000
4048 -0.300000
4049 -0.243243
4050 -0.148649
4051 -0.054054
4052 -0.300000
4053 -0.257143
4054 -0.185714
4055 -0.114286
4056 -0.200000
4057 -0.214286
4058 -0.142857
4059 -0.071429
4060 -0.100000
4061 -0.171429
4062 -0.100000
4063 -0.028571
4064 -0.149727
4065 -0.216216
4066 -0.121622
4067 -0.027027
4068 -0.250000
4069 -0.242857
4070 -0.171429
4071 -0.100000
4072 -0.150000
4073 -0.200000
4074 -0.128571
4075 -0.057143
4076 -0.050000
4077 -0.157143
4078 -0.085714
4079 -0.014286
4080 -0.000000
4081 -0.189189
4082 -0.094595
4083 0.000000
4084 -0.200000
4085 -0.228571
4086 -0.157143
4087 -0.085714
4088 -0.100000
4089 -0.185714
4090 -0.114286
4091 -0.042857
4092 -0.000000
4093 -0.142857
4094 -0.071429
4095 0.000000
