#CSC Position Offset LUT
#Structure is comparator code (iCC) -> Stub position offset
#iCC bits: 12
#<header> v1.0 12 32 </header>
0 7
1 7
2 7
3 7
4 7
5 7
6 7
7 0
8 7
9 7
10 5
11 3
12 7
13 11
14 9
15 7
16 7
17 7
18 7
19 3
20 7
21 7
22 2
23 2
24 7
25 4
26 3
27 3
28 3
29 5
30 5
31 4
32 7
33 7
34 5
35 5
36 7
37 5
38 4
39 4
40 5
41 5
42 5
43 4
44 5
45 6
46 6
47 5
48 7
49 7
50 7
51 7
52 7
53 7
54 7
55 6
56 7
57 7
58 7
59 6
60 7
61 8
62 7
63 7
64 7
65 7
66 7
67 7
68 7
69 7
70 6
71 6
72 7
73 6
74 6
75 6
76 7
77 7
78 7
79 7
80 7
81 7
82 5
83 6
84 7
85 4
86 5
87 5
88 5
89 5
90 5
91 5
92 6
93 6
94 6
95 6
96 7
97 5
98 6
99 6
100 5
101 5
102 5
103 5
104 5
105 5
106 5
107 6
108 6
109 6
110 6
111 6
112 7
113 6
114 7
115 7
116 6
117 6
118 6
119 7
120 6
121 6
122 6
123 7
124 7
125 7
126 7
127 7
128 7
129 7
130 8
131 8
132 7
133 6
134 7
135 8
136 7
137 7
138 7
139 8
140 8
141 8
142 8
143 8
144 7
145 6
146 7
147 7
148 5
149 6
150 6
151 7
152 6
153 6
154 6
155 7
156 7
157 7
158 7
159 7
160 5
161 6
162 7
163 7
164 5
165 6
166 6
167 7
168 6
169 6
170 7
171 7
172 7
173 7
174 7
175 7
176 7
177 7
178 7
179 8
180 6
181 7
182 7
183 7
184 7
185 7
186 7
187 7
188 8
189 8
190 8
191 8
192 7
193 8
194 9
195 10
196 7
197 8
198 8
199 9
200 8
201 8
202 9
203 9
204 9
205 9
206 9
207 9
208 3
209 7
210 8
211 9
212 6
213 7
214 8
215 8
216 7
217 7
218 8
219 8
220 8
221 8
222 8
223 9
224 5
225 7
226 8
227 8
228 6
229 7
230 8
231 8
232 7
233 7
234 8
235 8
236 8
237 8
238 8
239 8
240 7
241 8
242 8
243 9
244 7
245 8
246 8
247 8
248 8
249 8
250 8
251 8
252 8
253 8
254 8
255 9
256 7
257 7
258 7
259 7
260 7
261 7
262 5
263 6
264 7
265 5
266 6
267 6
268 7
269 7
270 7
271 7
272 7
273 7
274 5
275 6
276 7
277 4
278 5
279 5
280 5
281 5
282 5
283 6
284 6
285 6
286 6
287 6
288 7
289 5
290 5
291 6
292 4
293 5
294 5
295 6
296 5
297 5
298 5
299 6
300 6
301 6
302 6
303 6
304 7
305 6
306 6
307 7
308 6
309 6
310 6
311 7
312 6
313 6
314 6
315 7
316 7
317 7
318 7
319 7
320 7
321 7
322 6
323 7
324 7
325 5
326 6
327 6
328 6
329 5
330 6
331 6
332 7
333 6
334 7
335 7
336 7
337 5
338 5
339 6
340 4
341 4
342 5
343 6
344 5
345 5
346 5
347 6
348 6
349 6
350 6
351 6
352 5
353 5
354 6
355 6
356 5
357 5
358 5
359 6
360 5
361 5
362 6
363 6
364 6
365 6
366 6
367 6
368 7
369 6
370 6
371 7
372 6
373 6
374 6
375 7
376 6
377 6
378 6
379 7
380 7
381 7
382 7
383 7
384 7
385 6
386 7
387 8
388 6
389 6
390 6
391 7
392 6
393 6
394 7
395 7
396 8
397 7
398 7
399 8
400 5
401 5
402 6
403 7
404 5
405 5
406 6
407 7
408 6
409 6
410 6
411 7
412 7
413 7
414 7
415 7
416 6
417 6
418 6
419 7
420 5
421 6
422 6
423 7
424 6
425 6
426 6
427 7
428 7
429 7
430 7
431 7
432 7
433 7
434 7
435 8
436 6
437 6
438 7
439 7
440 7
441 6
442 7
443 7
444 7
445 7
446 7
447 7
448 15
449 8
450 8
451 9
452 7
453 7
454 8
455 8
456 8
457 7
458 8
459 8
460 9
461 8
462 8
463 9
464 7
465 7
466 7
467 8
468 6
469 6
470 7
471 8
472 7
473 7
474 7
475 8
476 8
477 7
478 8
479 8
480 7
481 7
482 7
483 8
484 6
485 6
486 7
487 8
488 7
489 7
490 7
491 8
492 8
493 7
494 8
495 8
496 8
497 7
498 8
499 8
500 7
501 7
502 7
503 8
504 7
505 7
506 7
507 8
508 8
509 8
510 8
511 8
512 7
513 7
514 7
515 8
516 7
517 5
518 6
519 7
520 6
521 6
522 7
523 7
524 8
525 7
526 7
527 8
528 7
529 5
530 6
531 7
532 4
533 5
534 6
535 7
536 5
537 6
538 6
539 7
540 7
541 7
542 7
543 7
544 5
545 5
546 6
547 7
548 5
549 5
550 6
551 7
552 6
553 6
554 6
555 7
556 7
557 7
558 7
559 7
560 7
561 6
562 7
563 8
564 6
565 6
566 7
567 7
568 7
569 6
570 7
571 7
572 7
573 7
574 7
575 8
576 7
577 6
578 7
579 8
580 5
581 5
582 6
583 7
584 6
585 6
586 7
587 7
588 7
589 7
590 7
591 8
592 3
593 5
594 6
595 7
596 4
597 5
598 6
599 7
600 5
601 6
602 6
603 7
604 7
605 6
606 7
607 7
608 5
609 5
610 6
611 7
612 5
613 5
614 6
615 7
616 6
617 6
618 6
619 7
620 7
621 6
622 7
623 7
624 7
625 6
626 7
627 7
628 6
629 6
630 6
631 7
632 6
633 6
634 7
635 7
636 7
637 7
638 7
639 7
640 9
641 6
642 7
643 8
644 6
645 6
646 7
647 8
648 7
649 6
650 7
651 8
652 8
653 7
654 8
655 8
656 5
657 6
658 7
659 8
660 5
661 6
662 6
663 7
664 6
665 6
666 6
667 7
668 7
669 7
670 7
671 8
672 6
673 6
674 7
675 7
676 5
677 6
678 6
679 7
680 6
681 6
682 7
683 7
684 7
685 7
686 7
687 7
688 7
689 7
690 7
691 8
692 6
693 6
694 7
695 7
696 7
697 7
698 7
699 7
700 8
701 7
702 7
703 8
704 13
705 8
706 8
707 9
708 7
709 7
710 8
711 8
712 8
713 7
714 8
715 8
716 9
717 8
718 8
719 9
720 6
721 7
722 7
723 8
724 6
725 6
726 7
727 8
728 7
729 7
730 7
731 8
732 8
733 8
734 8
735 8
736 7
737 7
738 7
739 8
740 6
741 6
742 7
743 8
744 7
745 7
746 7
747 8
748 8
749 7
750 8
751 8
752 8
753 7
754 8
755 8
756 7
757 7
758 7
759 8
760 7
761 7
762 8
763 8
764 8
765 8
766 8
767 8
768 7
769 7
770 8
771 9
772 6
773 6
774 7
775 8
776 7
777 7
778 8
779 8
780 8
781 8
782 8
783 9
784 3
785 6
786 7
787 8
788 5
789 6
790 7
791 8
792 6
793 6
794 7
795 8
796 8
797 7
798 8
799 8
800 5
801 6
802 7
803 8
804 5
805 6
806 7
807 8
808 6
809 6
810 7
811 8
812 7
813 7
814 8
815 8
816 7
817 7
818 8
819 8
820 6
821 7
822 7
823 8
824 7
825 7
826 7
827 8
828 8
829 8
830 8
831 8
832 3
833 7
834 8
835 9
836 5
837 6
838 7
839 8
840 7
841 7
842 7
843 8
844 8
845 8
846 8
847 8
848 3
849 6
850 7
851 8
852 4
853 6
854 7
855 7
856 6
857 6
858 7
859 8
860 7
861 7
862 7
863 8
864 5
865 6
866 7
867 8
868 5
869 6
870 7
871 7
872 6
873 6
874 7
875 7
876 7
877 7
878 7
879 8
880 7
881 7
882 7
883 8
884 6
885 6
886 7
887 8
888 7
889 7
890 7
891 8
892 8
893 7
894 8
895 8
896 7
897 7
898 8
899 9
900 6
901 6
902 7
903 8
904 7
905 7
906 8
907 8
908 8
909 8
910 8
911 9
912 4
913 6
914 7
915 8
916 5
917 6
918 7
919 8
920 6
921 6
922 7
923 8
924 8
925 7
926 8
927 8
928 5
929 6
930 7
931 8
932 5
933 6
934 7
935 8
936 6
937 7
938 7
939 8
940 7
941 7
942 8
943 8
944 7
945 7
946 8
947 8
948 6
949 7
950 7
951 8
952 7
953 7
954 7
955 8
956 8
957 8
958 8
959 8
960 11
961 8
962 9
963 9
964 7
965 7
966 8
967 9
968 8
969 8
970 8
971 9
972 9
973 8
974 9
975 9
976 6
977 7
978 8
979 9
980 6
981 7
982 7
983 8
984 7
985 7
986 8
987 8
988 8
989 8
990 8
991 9
992 6
993 7
994 8
995 9
996 6
997 7
998 7
999 8
1000 7
1001 7
1002 8
1003 8
1004 8
1005 8
1006 8
1007 8
1008 8
1009 8
1010 8
1011 9
1012 7
1013 7
1014 8
1015 8
1016 7
1017 7
1018 8
1019 8
1020 8
1021 8
1022 8
1023 9
1024 7
1025 7
1026 7
1027 7
1028 7
1029 7
1030 5
1031 6
1032 7
1033 5
1034 6
1035 6
1036 7
1037 6
1038 6
1039 7
1040 7
1041 7
1042 5
1043 6
1044 7
1045 4
1046 5
1047 5
1048 5
1049 5
1050 5
1051 6
1052 6
1053 6
1054 6
1055 6
1056 7
1057 5
1058 5
1059 6
1060 4
1061 4
1062 5
1063 6
1064 5
1065 5
1066 5
1067 6
1068 6
1069 6
1070 6
1071 6
1072 7
1073 6
1074 6
1075 7
1076 6
1077 6
1078 6
1079 6
1080 6
1081 6
1082 6
1083 7
1084 7
1085 7
1086 7
1087 7
1088 7
1089 7
1090 6
1091 7
1092 7
1093 5
1094 5
1095 6
1096 6
1097 5
1098 6
1099 6
1100 7
1101 6
1102 7
1103 7
1104 7
1105 4
1106 5
1107 6
1108 4
1109 4
1110 5
1111 6
1112 5
1113 5
1114 5
1115 6
1116 6
1117 6
1118 6
1119 6
1120 5
1121 5
1122 6
1123 6
1124 5
1125 5
1126 5
1127 6
1128 5
1129 5
1130 5
1131 6
1132 6
1133 6
1134 6
1135 6
1136 7
1137 6
1138 6
1139 7
1140 6
1141 6
1142 6
1143 7
1144 6
1145 6
1146 6
1147 7
1148 7
1149 7
1150 7
1151 7
1152 7
1153 6
1154 7
1155 8
1156 6
1157 6
1158 6
1159 7
1160 7
1161 6
1162 6
1163 7
1164 8
1165 7
1166 7
1167 8
1168 6
1169 5
1170 6
1171 7
1172 5
1173 5
1174 6
1175 7
1176 6
1177 6
1178 6
1179 7
1180 7
1181 6
1182 7
1183 7
1184 6
1185 6
1186 6
1187 7
1188 5
1189 5
1190 6
1191 7
1192 6
1193 6
1194 6
1195 7
1196 7
1197 6
1198 7
1199 7
1200 8
1201 7
1202 7
1203 7
1204 6
1205 6
1206 6
1207 7
1208 7
1209 6
1210 7
1211 7
1212 7
1213 7
1214 7
1215 7
1216 13
1217 8
1218 8
1219 9
1220 8
1221 7
1222 7
1223 8
1224 8
1225 7
1226 8
1227 8
1228 9
1229 8
1230 8
1231 8
1232 8
1233 7
1234 7
1235 8
1236 6
1237 6
1238 7
1239 8
1240 7
1241 7
1242 7
1243 8
1244 8
1245 7
1246 7
1247 8
1248 8
1249 7
1250 7
1251 8
1252 7
1253 6
1254 7
1255 7
1256 7
1257 7
1258 7
1259 7
1260 8
1261 7
1262 7
1263 8
1264 9
1265 7
1266 8
1267 8
1268 7
1269 7
1270 7
1271 8
1272 7
1273 7
1274 7
1275 8
1276 8
1277 8
1278 8
1279 8
1280 7
1281 7
1282 6
1283 7
1284 7
1285 4
1286 5
1287 6
1288 5
1289 5
1290 6
1291 6
1292 7
1293 6
1294 6
1295 7
1296 7
1297 4
1298 5
1299 6
1300 4
1301 4
1302 5
1303 6
1304 5
1305 5
1306 5
1307 6
1308 6
1309 6
1310 6
1311 6
1312 5
1313 5
1314 5
1315 6
1316 4
1317 5
1318 5
1319 6
1320 5
1321 5
1322 5
1323 6
1324 6
1325 6
1326 6
1327 7
1328 7
1329 6
1330 6
1331 7
1332 6
1333 5
1334 6
1335 7
1336 6
1337 6
1338 6
1339 7
1340 7
1341 6
1342 7
1343 7
1344 7
1345 5
1346 6
1347 7
1348 5
1349 5
1350 5
1351 6
1352 6
1353 5
1354 6
1355 6
1356 7
1357 6
1358 6
1359 7
1360 4
1361 4
1362 5
1363 6
1364 4
1365 4
1366 5
1367 6
1368 5
1369 5
1370 5
1371 6
1372 6
1373 6
1374 6
1375 7
1376 5
1377 5
1378 6
1379 6
1380 5
1381 5
1382 5
1383 6
1384 5
1385 5
1386 6
1387 6
1388 6
1389 6
1390 6
1391 7
1392 7
1393 6
1394 6
1395 7
1396 6
1397 6
1398 6
1399 7
1400 6
1401 6
1402 6
1403 7
1404 7
1405 6
1406 7
1407 7
1408 10
1409 6
1410 7
1411 8
1412 6
1413 5
1414 6
1415 7
1416 6
1417 6
1418 6
1419 7
1420 8
1421 7
1422 7
1423 7
1424 6
1425 5
1426 6
1427 7
1428 5
1429 5
1430 6
1431 6
1432 6
1433 6
1434 6
1435 7
1436 7
1437 6
1438 7
1439 7
1440 6
1441 6
1442 6
1443 7
1444 5
1445 5
1446 6
1447 7
1448 6
1449 6
1450 6
1451 7
1452 7
1453 6
1454 7
1455 7
1456 8
1457 6
1458 7
1459 7
1460 6
1461 6
1462 6
1463 7
1464 7
1465 6
1466 7
1467 7
1468 7
1469 7
1470 7
1471 7
1472 13
1473 7
1474 8
1475 8
1476 7
1477 7
1478 7
1479 8
1480 8
1481 7
1482 7
1483 8
1484 8
1485 8
1486 8
1487 8
1488 8
1489 7
1490 7
1491 8
1492 6
1493 6
1494 7
1495 7
1496 7
1497 6
1498 7
1499 7
1500 8
1501 7
1502 7
1503 8
1504 8
1505 7
1506 7
1507 8
1508 6
1509 6
1510 7
1511 7
1512 7
1513 6
1514 7
1515 7
1516 8
1517 7
1518 7
1519 8
1520 9
1521 7
1522 7
1523 8
1524 7
1525 7
1526 7
1527 8
1528 7
1529 7
1530 7
1531 8
1532 8
1533 7
1534 8
1535 8
1536 7
1537 6
1538 7
1539 8
1540 5
1541 5
1542 6
1543 7
1544 6
1545 6
1546 6
1547 7
1548 7
1549 7
1550 7
1551 8
1552 4
1553 5
1554 6
1555 7
1556 4
1557 5
1558 5
1559 6
1560 5
1561 5
1562 6
1563 7
1564 7
1565 6
1566 6
1567 7
1568 5
1569 5
1570 6
1571 7
1572 5
1573 5
1574 6
1575 6
1576 6
1577 5
1578 6
1579 7
1580 7
1581 6
1582 7
1583 7
1584 7
1585 6
1586 7
1587 7
1588 6
1589 6
1590 6
1591 7
1592 6
1593 6
1594 6
1595 7
1596 7
1597 7
1598 7
1599 7
1600 8
1601 6
1602 6
1603 8
1604 5
1605 5
1606 6
1607 7
1608 6
1609 6
1610 6
1611 7
1612 7
1613 7
1614 7
1615 7
1616 4
1617 5
1618 6
1619 7
1620 4
1621 5
1622 6
1623 6
1624 5
1625 5
1626 6
1627 7
1628 7
1629 6
1630 6
1631 7
1632 5
1633 5
1634 6
1635 7
1636 5
1637 5
1638 6
1639 6
1640 6
1641 6
1642 6
1643 7
1644 7
1645 6
1646 7
1647 7
1648 7
1649 6
1650 7
1651 7
1652 6
1653 6
1654 6
1655 7
1656 6
1657 6
1658 6
1659 7
1660 7
1661 7
1662 7
1663 7
1664 10
1665 6
1666 7
1667 8
1668 6
1669 6
1670 6
1671 7
1672 7
1673 6
1674 7
1675 7
1676 8
1677 7
1678 7
1679 8
1680 6
1681 6
1682 6
1683 7
1684 5
1685 5
1686 6
1687 7
1688 6
1689 6
1690 6
1691 7
1692 7
1693 7
1694 7
1695 7
1696 6
1697 6
1698 6
1699 7
1700 6
1701 6
1702 6
1703 7
1704 6
1705 6
1706 6
1707 7
1708 7
1709 7
1710 7
1711 7
1712 8
1713 7
1714 7
1715 8
1716 7
1717 6
1718 7
1719 7
1720 7
1721 6
1722 7
1723 7
1724 8
1725 7
1726 7
1727 8
1728 13
1729 8
1730 8
1731 9
1732 8
1733 7
1734 7
1735 8
1736 8
1737 7
1738 7
1739 8
1740 9
1741 8
1742 8
1743 8
1744 8
1745 7
1746 7
1747 8
1748 6
1749 6
1750 7
1751 8
1752 7
1753 7
1754 7
1755 8
1756 8
1757 7
1758 7
1759 8
1760 8
1761 7
1762 7
1763 8
1764 6
1765 6
1766 7
1767 7
1768 7
1769 7
1770 7
1771 8
1772 8
1773 7
1774 7
1775 8
1776 9
1777 7
1778 8
1779 8
1780 7
1781 7
1782 7
1783 8
1784 7
1785 7
1786 7
1787 8
1788 8
1789 8
1790 8
1791 8
1792 15
1793 7
1794 7
1795 9
1796 6
1797 6
1798 7
1799 8
1800 7
1801 6
1802 7
1803 8
1804 8
1805 7
1806 8
1807 8
1808 5
1809 6
1810 7
1811 8
1812 5
1813 5
1814 6
1815 7
1816 6
1817 6
1818 7
1819 7
1820 7
1821 7
1822 7
1823 8
1824 6
1825 6
1826 7
1827 8
1828 5
1829 6
1830 6
1831 7
1832 6
1833 6
1834 7
1835 7
1836 7
1837 7
1838 7
1839 8
1840 8
1841 7
1842 7
1843 8
1844 7
1845 6
1846 7
1847 8
1848 7
1849 7
1850 7
1851 8
1852 8
1853 7
1854 8
1855 8
1856 10
1857 6
1858 7
1859 8
1860 6
1861 6
1862 7
1863 8
1864 7
1865 6
1866 7
1867 8
1868 8
1869 7
1870 8
1871 8
1872 5
1873 6
1874 7
1875 8
1876 5
1877 5
1878 6
1879 7
1880 6
1881 6
1882 6
1883 7
1884 7
1885 7
1886 7
1887 8
1888 6
1889 6
1890 7
1891 8
1892 5
1893 6
1894 6
1895 7
1896 6
1897 6
1898 7
1899 7
1900 7
1901 7
1902 7
1903 8
1904 7
1905 7
1906 7
1907 8
1908 6
1909 6
1910 7
1911 7
1912 7
1913 7
1914 7
1915 8
1916 8
1917 7
1918 7
1919 8
1920 11
1921 7
1922 8
1923 9
1924 6
1925 6
1926 7
1927 8
1928 7
1929 7
1930 7
1931 8
1932 8
1933 8
1934 8
1935 8
1936 6
1937 6
1938 7
1939 8
1940 5
1941 6
1942 7
1943 7
1944 6
1945 6
1946 7
1947 7
1948 7
1949 7
1950 7
1951 8
1952 6
1953 6
1954 7
1955 8
1956 6
1957 6
1958 7
1959 7
1960 6
1961 6
1962 7
1963 7
1964 7
1965 7
1966 7
1967 8
1968 8
1969 7
1970 7
1971 8
1972 7
1973 7
1974 7
1975 8
1976 7
1977 7
1978 7
1979 8
1980 8
1981 7
1982 8
1983 8
1984 13
1985 8
1986 8
1987 9
1988 8
1989 7
1990 8
1991 8
1992 8
1993 7
1994 8
1995 8
1996 9
1997 8
1998 8
1999 9
2000 8
2001 7
2002 8
2003 8
2004 7
2005 7
2006 7
2007 8
2008 7
2009 7
2010 7
2011 8
2012 8
2013 8
2014 8
2015 8
2016 8
2017 7
2018 8
2019 8
2020 7
2021 7
2022 7
2023 8
2024 7
2025 7
2026 7
2027 8
2028 8
2029 8
2030 8
2031 8
2032 9
2033 8
2034 8
2035 9
2036 7
2037 7
2038 8
2039 8
2040 8
2041 7
2042 8
2043 8
2044 8
2045 8
2046 8
2047 8
2048 7
2049 7
2050 7
2051 8
2052 7
2053 5
2054 6
2055 7
2056 6
2057 6
2058 6
2059 7
2060 8
2061 7
2062 7
2063 8
2064 7
2065 4
2066 6
2067 7
2068 4
2069 4
2070 5
2071 6
2072 5
2073 5
2074 6
2075 7
2076 7
2077 6
2078 7
2079 7
2080 5
2081 5
2082 6
2083 7
2084 5
2085 5
2086 6
2087 7
2088 5
2089 5
2090 6
2091 7
2092 7
2093 6
2094 7
2095 7
2096 7
2097 6
2098 7
2099 8
2100 6
2101 6
2102 6
2103 7
2104 6
2105 6
2106 6
2107 7
2108 7
2109 7
2110 7
2111 7
2112 7
2113 5
2114 6
2115 8
2116 5
2117 5
2118 6
2119 7
2120 6
2121 6
2122 6
2123 7
2124 7
2125 7
2126 7
2127 8
2128 4
2129 5
2130 6
2131 7
2132 4
2133 5
2134 5
2135 6
2136 5
2137 5
2138 6
2139 7
2140 7
2141 6
2142 6
2143 7
2144 5
2145 5
2146 6
2147 7
2148 5
2149 5
2150 6
2151 6
2152 6
2153 5
2154 6
2155 7
2156 7
2157 6
2158 7
2159 7
2160 7
2161 6
2162 7
2163 7
2164 6
2165 6
2166 6
2167 7
2168 6
2169 6
2170 6
2171 7
2172 7
2173 7
2174 7
2175 7
2176 9
2177 6
2178 7
2179 8
2180 6
2181 6
2182 7
2183 7
2184 7
2185 6
2186 7
2187 7
2188 8
2189 7
2190 7
2191 8
2192 6
2193 6
2194 6
2195 7
2196 5
2197 5
2198 6
2199 7
2200 6
2201 6
2202 6
2203 7
2204 7
2205 7
2206 7
2207 7
2208 6
2209 6
2210 6
2211 7
2212 5
2213 6
2214 6
2215 7
2216 6
2217 6
2218 6
2219 7
2220 7
2221 7
2222 7
2223 7
2224 7
2225 7
2226 7
2227 8
2228 6
2229 6
2230 7
2231 7
2232 7
2233 6
2234 7
2235 7
2236 8
2237 7
2238 7
2239 8
2240 12
2241 8
2242 8
2243 9
2244 8
2245 7
2246 7
2247 8
2248 8
2249 7
2250 8
2251 8
2252 9
2253 8
2254 8
2255 9
2256 8
2257 7
2258 7
2259 8
2260 6
2261 6
2262 7
2263 8
2264 7
2265 7
2266 7
2267 8
2268 8
2269 7
2270 8
2271 8
2272 8
2273 7
2274 7
2275 8
2276 7
2277 6
2278 7
2279 8
2280 7
2281 7
2282 7
2283 8
2284 8
2285 7
2286 8
2287 8
2288 8
2289 7
2290 8
2291 8
2292 7
2293 7
2294 7
2295 8
2296 7
2297 7
2298 7
2299 8
2300 8
2301 8
2302 8
2303 8
2304 7
2305 5
2306 6
2307 8
2308 4
2309 5
2310 6
2311 7
2312 6
2313 6
2314 6
2315 7
2316 7
2317 7
2318 7
2319 7
2320 3
2321 4
2322 6
2323 7
2324 4
2325 4
2326 5
2327 6
2328 5
2329 5
2330 6
2331 6
2332 7
2333 6
2334 6
2335 7
2336 5
2337 5
2338 6
2339 7
2340 5
2341 5
2342 6
2343 6
2344 5
2345 5
2346 6
2347 7
2348 7
2349 6
2350 6
2351 7
2352 7
2353 6
2354 7
2355 7
2356 6
2357 6
2358 6
2359 7
2360 6
2361 6
2362 6
2363 7
2364 7
2365 7
2366 7
2367 7
2368 5
2369 5
2370 6
2371 7
2372 5
2373 5
2374 6
2375 7
2376 6
2377 6
2378 6
2379 7
2380 7
2381 7
2382 7
2383 7
2384 4
2385 5
2386 6
2387 7
2388 4
2389 5
2390 5
2391 6
2392 5
2393 5
2394 6
2395 6
2396 7
2397 6
2398 6
2399 7
2400 5
2401 5
2402 6
2403 7
2404 5
2405 5
2406 6
2407 6
2408 5
2409 5
2410 6
2411 7
2412 7
2413 6
2414 6
2415 7
2416 7
2417 6
2418 7
2419 7
2420 6
2421 6
2422 6
2423 7
2424 6
2425 6
2426 6
2427 7
2428 7
2429 7
2430 7
2431 7
2432 9
2433 6
2434 7
2435 8
2436 6
2437 6
2438 6
2439 7
2440 6
2441 6
2442 7
2443 7
2444 8
2445 7
2446 7
2447 8
2448 5
2449 5
2450 6
2451 7
2452 5
2453 5
2454 6
2455 7
2456 6
2457 6
2458 6
2459 7
2460 7
2461 7
2462 7
2463 7
2464 6
2465 6
2466 6
2467 7
2468 5
2469 5
2470 6
2471 7
2472 6
2473 6
2474 6
2475 7
2476 7
2477 7
2478 7
2479 7
2480 7
2481 7
2482 7
2483 8
2484 6
2485 6
2486 7
2487 7
2488 7
2489 6
2490 7
2491 7
2492 7
2493 7
2494 7
2495 8
2496 12
2497 7
2498 8
2499 9
2500 7
2501 7
2502 7
2503 8
2504 8
2505 7
2506 7
2507 8
2508 8
2509 8
2510 8
2511 8
2512 8
2513 7
2514 7
2515 8
2516 6
2517 6
2518 7
2519 7
2520 7
2521 6
2522 7
2523 7
2524 8
2525 7
2526 7
2527 8
2528 7
2529 7
2530 7
2531 8
2532 6
2533 6
2534 7
2535 7
2536 7
2537 6
2538 7
2539 7
2540 8
2541 7
2542 7
2543 8
2544 8
2545 7
2546 8
2547 8
2548 7
2549 7
2550 7
2551 8
2552 7
2553 7
2554 7
2555 8
2556 8
2557 8
2558 8
2559 8
2560 9
2561 6
2562 7
2563 8
2564 5
2565 5
2566 6
2567 7
2568 6
2569 6
2570 6
2571 7
2572 8
2573 7
2574 7
2575 8
2576 4
2577 5
2578 6
2579 7
2580 4
2581 5
2582 6
2583 7
2584 5
2585 5
2586 6
2587 7
2588 7
2589 6
2590 7
2591 7
2592 5
2593 5
2594 6
2595 7
2596 5
2597 5
2598 6
2599 7
2600 6
2601 6
2602 6
2603 7
2604 7
2605 6
2606 7
2607 7
2608 7
2609 6
2610 7
2611 8
2612 6
2613 6
2614 6
2615 7
2616 7
2617 6
2618 7
2619 7
2620 7
2621 7
2622 7
2623 8
2624 7
2625 6
2626 7
2627 8
2628 5
2629 5
2630 6
2631 7
2632 6
2633 6
2634 6
2635 7
2636 7
2637 7
2638 7
2639 8
2640 4
2641 5
2642 6
2643 7
2644 4
2645 5
2646 6
2647 7
2648 5
2649 5
2650 6
2651 7
2652 7
2653 6
2654 7
2655 7
2656 5
2657 5
2658 6
2659 7
2660 5
2661 5
2662 6
2663 7
2664 6
2665 6
2666 6
2667 7
2668 7
2669 6
2670 7
2671 7
2672 7
2673 6
2674 7
2675 8
2676 6
2677 6
2678 6
2679 7
2680 6
2681 6
2682 7
2683 7
2684 7
2685 7
2686 7
2687 8
2688 9
2689 6
2690 7
2691 8
2692 6
2693 6
2694 7
2695 7
2696 7
2697 6
2698 7
2699 8
2700 8
2701 7
2702 7
2703 8
2704 6
2705 6
2706 7
2707 7
2708 5
2709 5
2710 6
2711 7
2712 6
2713 6
2714 6
2715 7
2716 7
2717 7
2718 7
2719 7
2720 6
2721 6
2722 7
2723 7
2724 6
2725 6
2726 6
2727 7
2728 6
2729 6
2730 6
2731 7
2732 7
2733 7
2734 7
2735 7
2736 7
2737 7
2738 7
2739 8
2740 6
2741 6
2742 7
2743 7
2744 7
2745 6
2746 7
2747 7
2748 8
2749 7
2750 7
2751 8
2752 12
2753 8
2754 8
2755 9
2756 8
2757 7
2758 7
2759 8
2760 8
2761 7
2762 7
2763 8
2764 9
2765 8
2766 8
2767 8
2768 8
2769 7
2770 7
2771 8
2772 6
2773 6
2774 7
2775 8
2776 7
2777 7
2778 7
2779 8
2780 8
2781 7
2782 7
2783 8
2784 8
2785 7
2786 7
2787 8
2788 6
2789 6
2790 7
2791 8
2792 7
2793 7
2794 7
2795 8
2796 8
2797 7
2798 7
2799 8
2800 8
2801 7
2802 8
2803 8
2804 7
2805 7
2806 7
2807 8
2808 7
2809 7
2810 7
2811 8
2812 8
2813 8
2814 8
2815 8
2816 15
2817 7
2818 8
2819 9
2820 6
2821 6
2822 7
2823 8
2824 7
2825 7
2826 7
2827 8
2828 8
2829 7
2830 8
2831 8
2832 5
2833 6
2834 7
2835 8
2836 5
2837 5
2838 6
2839 7
2840 6
2841 6
2842 7
2843 7
2844 7
2845 7
2846 7
2847 8
2848 6
2849 6
2850 7
2851 8
2852 5
2853 6
2854 6
2855 7
2856 6
2857 6
2858 7
2859 7
2860 7
2861 7
2862 7
2863 8
2864 8
2865 7
2866 7
2867 8
2868 7
2869 6
2870 7
2871 8
2872 7
2873 7
2874 7
2875 8
2876 8
2877 7
2878 8
2879 8
2880 9
2881 6
2882 7
2883 8
2884 6
2885 6
2886 7
2887 8
2888 7
2889 6
2890 7
2891 8
2892 8
2893 7
2894 8
2895 8
2896 5
2897 6
2898 7
2899 8
2900 5
2901 5
2902 6
2903 7
2904 6
2905 6
2906 7
2907 7
2908 7
2909 7
2910 7
2911 8
2912 6
2913 6
2914 7
2915 8
2916 5
2917 6
2918 6
2919 7
2920 6
2921 6
2922 7
2923 7
2924 7
2925 7
2926 7
2927 8
2928 7
2929 7
2930 7
2931 8
2932 6
2933 6
2934 7
2935 8
2936 7
2937 7
2938 7
2939 8
2940 8
2941 7
2942 7
2943 8
2944 10
2945 7
2946 8
2947 9
2948 6
2949 6
2950 7
2951 8
2952 7
2953 7
2954 7
2955 8
2956 8
2957 8
2958 8
2959 8
2960 6
2961 6
2962 7
2963 8
2964 6
2965 6
2966 7
2967 7
2968 6
2969 6
2970 7
2971 8
2972 7
2973 7
2974 7
2975 8
2976 6
2977 6
2978 7
2979 8
2980 6
2981 6
2982 7
2983 7
2984 6
2985 6
2986 7
2987 7
2988 7
2989 7
2990 7
2991 8
2992 8
2993 7
2994 7
2995 8
2996 7
2997 7
2998 7
2999 8
3000 7
3001 7
3002 7
3003 8
3004 8
3005 7
3006 8
3007 8
3008 13
3009 8
3010 8
3011 9
3012 8
3013 7
3014 8
3015 8
3016 8
3017 7
3018 8
3019 8
3020 9
3021 8
3022 8
3023 9
3024 8
3025 7
3026 8
3027 8
3028 7
3029 7
3030 7
3031 8
3032 7
3033 7
3034 7
3035 8
3036 8
3037 8
3038 8
3039 8
3040 8
3041 7
3042 8
3043 8
3044 7
3045 7
3046 7
3047 8
3048 7
3049 7
3050 7
3051 8
3052 8
3053 8
3054 8
3055 8
3056 9
3057 8
3058 8
3059 9
3060 7
3061 7
3062 7
3063 8
3064 8
3065 7
3066 8
3067 8
3068 8
3069 8
3070 8
3071 8
3072 7
3073 6
3074 7
3075 9
3076 5
3077 6
3078 7
3079 8
3080 6
3081 6
3082 7
3083 8
3084 8
3085 7
3086 8
3087 8
3088 3
3089 5
3090 7
3091 8
3092 4
3093 5
3094 6
3095 7
3096 6
3097 6
3098 6
3099 7
3100 7
3101 7
3102 7
3103 8
3104 5
3105 6
3106 7
3107 8
3108 5
3109 5
3110 6
3111 7
3112 6
3113 6
3114 6
3115 7
3116 7
3117 7
3118 7
3119 8
3120 7
3121 7
3122 7
3123 8
3124 6
3125 6
3126 7
3127 8
3128 7
3129 7
3130 7
3131 8
3132 8
3133 7
3134 8
3135 8
3136 5
3137 6
3138 7
3139 8
3140 5
3141 6
3142 7
3143 8
3144 6
3145 6
3146 7
3147 8
3148 8
3149 7
3150 8
3151 8
3152 3
3153 5
3154 6
3155 8
3156 4
3157 5
3158 6
3159 7
3160 6
3161 6
3162 6
3163 7
3164 7
3165 7
3166 7
3167 8
3168 5
3169 5
3170 6
3171 8
3172 5
3173 5
3174 6
3175 7
3176 6
3177 6
3178 6
3179 7
3180 7
3181 7
3182 7
3183 8
3184 7
3185 6
3186 7
3187 8
3188 6
3189 6
3190 7
3191 7
3192 7
3193 6
3194 7
3195 8
3196 7
3197 7
3198 7
3199 8
3200 8
3201 7
3202 8
3203 9
3204 6
3205 6
3206 7
3207 8
3208 7
3209 7
3210 7
3211 8
3212 8
3213 8
3214 8
3215 8
3216 5
3217 6
3218 7
3219 8
3220 5
3221 6
3222 6
3223 7
3224 6
3225 6
3226 7
3227 7
3228 7
3229 7
3230 7
3231 8
3232 6
3233 6
3234 7
3235 8
3236 5
3237 6
3238 6
3239 7
3240 6
3241 6
3242 7
3243 7
3244 7
3245 7
3246 7
3247 8
3248 7
3249 7
3250 7
3251 8
3252 6
3253 6
3254 7
3255 8
3256 7
3257 7
3258 7
3259 8
3260 8
3261 7
3262 8
3263 8
3264 11
3265 8
3266 8
3267 9
3268 8
3269 7
3270 8
3271 9
3272 8
3273 7
3274 8
3275 8
3276 9
3277 8
3278 8
3279 9
3280 7
3281 7
3282 8
3283 9
3284 6
3285 6
3286 7
3287 8
3288 7
3289 7
3290 7
3291 8
3292 8
3293 8
3294 8
3295 8
3296 7
3297 7
3298 8
3299 8
3300 6
3301 6
3302 7
3303 8
3304 7
3305 7
3306 7
3307 8
3308 8
3309 8
3310 8
3311 8
3312 8
3313 8
3314 8
3315 9
3316 7
3317 7
3318 7
3319 8
3320 7
3321 7
3322 8
3323 8
3324 8
3325 8
3326 8
3327 8
3328 0
3329 6
3330 7
3331 8
3332 4
3333 5
3334 6
3335 8
3336 6
3337 6
3338 7
3339 8
3340 8
3341 7
3342 7
3343 8
3344 2
3345 5
3346 6
3347 8
3348 4
3349 5
3350 6
3351 7
3352 5
3353 6
3354 6
3355 7
3356 7
3357 7
3358 7
3359 8
3360 5
3361 5
3362 6
3363 7
3364 5
3365 5
3366 6
3367 7
3368 6
3369 6
3370 6
3371 7
3372 7
3373 7
3374 7
3375 8
3376 7
3377 6
3378 7
3379 8
3380 6
3381 6
3382 7
3383 7
3384 6
3385 6
3386 7
3387 7
3388 7
3389 7
3390 7
3391 8
3392 4
3393 6
3394 7
3395 8
3396 5
3397 5
3398 6
3399 7
3400 6
3401 6
3402 7
3403 7
3404 7
3405 7
3406 7
3407 8
3408 3
3409 5
3410 6
3411 7
3412 4
3413 5
3414 6
3415 7
3416 5
3417 5
3418 6
3419 7
3420 7
3421 6
3422 7
3423 7
3424 5
3425 5
3426 6
3427 7
3428 5
3429 5
3430 6
3431 7
3432 6
3433 6
3434 6
3435 7
3436 7
3437 7
3438 7
3439 7
3440 7
3441 6
3442 7
3443 8
3444 6
3445 6
3446 7
3447 7
3448 6
3449 6
3450 7
3451 7
3452 7
3453 7
3454 7
3455 8
3456 7
3457 6
3458 7
3459 8
3460 6
3461 6
3462 7
3463 8
3464 7
3465 6
3466 7
3467 8
3468 8
3469 7
3470 8
3471 8
3472 5
3473 6
3474 7
3475 8
3476 5
3477 5
3478 6
3479 7
3480 6
3481 6
3482 6
3483 7
3484 7
3485 7
3486 7
3487 8
3488 6
3489 6
3490 7
3491 8
3492 5
3493 6
3494 6
3495 7
3496 6
3497 6
3498 7
3499 7
3500 7
3501 7
3502 7
3503 8
3504 7
3505 7
3506 7
3507 8
3508 6
3509 6
3510 7
3511 8
3512 7
3513 7
3514 7
3515 8
3516 8
3517 7
3518 7
3519 8
3520 11
3521 8
3522 8
3523 9
3524 7
3525 7
3526 7
3527 8
3528 8
3529 7
3530 8
3531 8
3532 9
3533 8
3534 8
3535 9
3536 7
3537 7
3538 7
3539 8
3540 6
3541 6
3542 7
3543 8
3544 7
3545 7
3546 7
3547 8
3548 8
3549 7
3550 8
3551 8
3552 7
3553 7
3554 7
3555 8
3556 6
3557 6
3558 7
3559 8
3560 7
3561 7
3562 7
3563 8
3564 8
3565 7
3566 8
3567 8
3568 8
3569 7
3570 8
3571 8
3572 7
3573 7
3574 7
3575 8
3576 7
3577 7
3578 7
3579 8
3580 8
3581 8
3582 8
3583 8
3584 5
3585 6
3586 7
3587 8
3588 5
3589 6
3590 7
3591 8
3592 6
3593 6
3594 7
3595 8
3596 8
3597 7
3598 8
3599 8
3600 3
3601 5
3602 6
3603 8
3604 4
3605 5
3606 6
3607 7
3608 6
3609 6
3610 6
3611 7
3612 7
3613 7
3614 7
3615 8
3616 5
3617 6
3618 7
3619 8
3620 5
3621 5
3622 6
3623 7
3624 6
3625 6
3626 6
3627 7
3628 7
3629 7
3630 7
3631 8
3632 7
3633 6
3634 7
3635 8
3636 6
3637 6
3638 7
3639 8
3640 7
3641 6
3642 7
3643 8
3644 8
3645 7
3646 7
3647 8
3648 5
3649 6
3650 7
3651 8
3652 5
3653 5
3654 6
3655 8
3656 6
3657 6
3658 7
3659 8
3660 8
3661 7
3662 7
3663 8
3664 3
3665 5
3666 6
3667 8
3668 4
3669 5
3670 6
3671 7
3672 6
3673 6
3674 6
3675 7
3676 7
3677 7
3678 7
3679 8
3680 5
3681 5
3682 6
3683 7
3684 5
3685 5
3686 6
3687 7
3688 6
3689 6
3690 6
3691 7
3692 7
3693 7
3694 7
3695 8
3696 7
3697 6
3698 7
3699 8
3700 6
3701 6
3702 7
3703 7
3704 6
3705 6
3706 7
3707 7
3708 7
3709 7
3710 7
3711 8
3712 8
3713 6
3714 7
3715 8
3716 6
3717 6
3718 7
3719 8
3720 7
3721 6
3722 7
3723 8
3724 8
3725 7
3726 8
3727 8
3728 5
3729 6
3730 7
3731 8
3732 5
3733 5
3734 6
3735 7
3736 6
3737 6
3738 7
3739 7
3740 7
3741 7
3742 7
3743 8
3744 6
3745 6
3746 7
3747 8
3748 5
3749 6
3750 6
3751 7
3752 6
3753 6
3754 7
3755 7
3756 7
3757 7
3758 7
3759 8
3760 7
3761 7
3762 7
3763 8
3764 6
3765 6
3766 7
3767 8
3768 7
3769 7
3770 7
3771 8
3772 8
3773 7
3774 7
3775 8
3776 11
3777 8
3778 8
3779 9
3780 7
3781 7
3782 7
3783 8
3784 8
3785 7
3786 8
3787 8
3788 9
3789 8
3790 8
3791 9
3792 7
3793 7
3794 7
3795 8
3796 6
3797 6
3798 7
3799 8
3800 7
3801 7
3802 7
3803 8
3804 8
3805 7
3806 8
3807 8
3808 7
3809 7
3810 7
3811 8
3812 6
3813 6
3814 7
3815 8
3816 7
3817 7
3818 7
3819 8
3820 8
3821 7
3822 8
3823 8
3824 8
3825 7
3826 8
3827 8
3828 7
3829 7
3830 7
3831 8
3832 7
3833 7
3834 7
3835 8
3836 8
3837 8
3838 8
3839 8
3840 11
3841 7
3842 8
3843 9
3844 6
3845 6
3846 7
3847 8
3848 7
3849 7
3850 7
3851 8
3852 8
3853 8
3854 8
3855 9
3856 4
3857 6
3858 7
3859 8
3860 5
3861 6
3862 7
3863 8
3864 6
3865 6
3866 7
3867 8
3868 7
3869 7
3870 7
3871 8
3872 5
3873 6
3874 7
3875 8
3876 5
3877 6
3878 7
3879 8
3880 6
3881 6
3882 7
3883 8
3884 7
3885 7
3886 7
3887 8
3888 7
3889 7
3890 7
3891 8
3892 6
3893 6
3894 7
3895 8
3896 7
3897 7
3898 7
3899 8
3900 8
3901 7
3902 8
3903 8
3904 7
3905 6
3906 8
3907 9
3908 6
3909 6
3910 7
3911 8
3912 7
3913 7
3914 7
3915 8
3916 8
3917 7
3918 8
3919 8
3920 4
3921 6
3922 7
3923 8
3924 5
3925 5
3926 6
3927 7
3928 6
3929 6
3930 7
3931 8
3932 7
3933 7
3934 7
3935 8
3936 5
3937 6
3938 7
3939 8
3940 5
3941 6
3942 7
3943 7
3944 6
3945 6
3946 7
3947 8
3948 7
3949 7
3950 7
3951 8
3952 7
3953 7
3954 7
3955 8
3956 6
3957 6
3958 7
3959 8
3960 7
3961 7
3962 7
3963 8
3964 8
3965 7
3966 8
3967 8
3968 9
3969 7
3970 8
3971 9
3972 6
3973 6
3974 7
3975 8
3976 7
3977 7
3978 7
3979 8
3980 8
3981 8
3982 8
3983 9
3984 6
3985 6
3986 7
3987 8
3988 5
3989 6
3990 7
3991 8
3992 6
3993 6
3994 7
3995 8
3996 7
3997 7
3998 8
3999 8
4000 6
4001 6
4002 7
4003 8
4004 6
4005 6
4006 7
4007 8
4008 6
4009 6
4010 7
4011 8
4012 7
4013 7
4014 7
4015 8
4016 7
4017 7
4018 8
4019 8
4020 7
4021 7
4022 7
4023 8
4024 7
4025 7
4026 7
4027 8
4028 8
4029 8
4030 8
4031 8
4032 11
4033 8
4034 8
4035 9
4036 8
4037 7
4038 8
4039 9
4040 8
4041 7
4042 8
4043 9
4044 9
4045 8
4046 8
4047 9
4048 8
4049 7
4050 8
4051 9
4052 6
4053 7
4054 7
4055 8
4056 7
4057 7
4058 7
4059 8
4060 8
4061 8
4062 8
4063 8
4064 7
4065 7
4066 8
4067 8
4068 7
4069 7
4070 7
4071 8
4072 7
4073 7
4074 7
4075 8
4076 8
4077 8
4078 8
4079 8
4080 8
4081 8
4082 8
4083 9
4084 7
4085 7
4086 8
4087 8
4088 8
4089 7
4090 8
4091 8
4092 8
4093 8
4094 8
4095 9
