0 0
1 0
2 0
3 0
4 0
5 0
6 0
7 0
8 0
9 0
10 0
11 0
12 0
13 0
14 0
15 0
16 0
17 0
18 0
19 0
20 0
21 0
22 2
23 2
24 0
25 4
26 2
27 2
28 0
29 4
30 2
31 2
32 0
33 0
34 0
35 0
36 0
37 6
38 6
39 6
40 0
41 6
42 4
43 2
44 0
45 6
46 4
47 2
48 0
49 0
50 0
51 0
52 0
53 6
54 6
55 6
56 0
57 6
58 4
59 2
60 0
61 6
62 4
63 2
64 0
65 0
66 0
67 0
68 0
69 0
70 6
71 6
72 0
73 6
74 4
75 2
76 0
77 6
78 4
79 2
80 0
81 0
82 2
83 2
84 0
85 6
86 6
87 6
88 2
89 6
90 4
91 2
92 2
93 6
94 4
95 2
96 0
97 6
98 4
99 2
100 6
101 6
102 6
103 6
104 2
105 6
106 4
107 2
108 2
109 6
110 4
111 2
112 0
113 6
114 4
115 2
116 6
117 6
118 6
119 6
120 2
121 6
122 4
123 2
124 2
125 6
126 4
127 2
128 0
129 0
130 0
131 0
132 0
133 6
134 6
135 6
136 0
137 6
138 4
139 2
140 0
141 6
142 4
143 2
144 0
145 6
146 2
147 2
148 2
149 6
150 6
151 6
152 2
153 6
154 4
155 2
156 2
157 6
158 4
159 2
160 0
161 6
162 4
163 2
164 6
165 6
166 6
167 6
168 2
169 6
170 4
171 2
172 2
173 6
174 4
175 2
176 0
177 6
178 4
179 2
180 6
181 6
182 6
183 6
184 2
185 6
186 4
187 2
188 2
189 6
190 4
191 2
192 0
193 0
194 0
195 0
196 0
197 6
198 6
199 6
200 0
201 6
202 4
203 2
204 0
205 6
206 4
207 2
208 0
209 6
210 2
211 2
212 2
213 6
214 6
215 6
216 2
217 6
218 4
219 2
220 2
221 6
222 4
223 2
224 0
225 6
226 4
227 2
228 6
229 6
230 6
231 6
232 2
233 6
234 4
235 2
236 2
237 6
238 4
239 2
240 0
241 6
242 4
243 2
244 6
245 6
246 6
247 6
248 2
249 6
250 4
251 2
252 2
253 6
254 4
255 2
256 0
257 0
258 0
259 0
260 0
261 0
262 6
263 6
264 0
265 6
266 4
267 2
268 0
269 6
270 4
271 2
272 0
273 0
274 6
275 6
276 0
277 6
278 6
279 6
280 6
281 6
282 4
283 2
284 6
285 6
286 4
287 2
288 0
289 6
290 4
291 2
292 6
293 6
294 6
295 6
296 2
297 6
298 4
299 2
300 2
301 6
302 4
303 2
304 0
305 6
306 4
307 2
308 6
309 6
310 6
311 6
312 2
313 6
314 4
315 2
316 2
317 6
318 4
319 2
320 0
321 0
322 4
323 2
324 0
325 6
326 6
327 6
328 2
329 6
330 4
331 2
332 2
333 6
334 4
335 2
336 0
337 6
338 4
339 2
340 6
341 6
342 6
343 6
344 2
345 6
346 4
347 2
348 2
349 6
350 4
351 2
352 2
353 6
354 4
355 2
356 6
357 6
358 6
359 6
360 2
361 6
362 4
363 2
364 2
365 6
366 4
367 2
368 2
369 6
370 4
371 2
372 6
373 6
374 6
375 6
376 2
377 6
378 4
379 2
380 2
381 6
382 4
383 2
384 0
385 6
386 4
387 2
388 6
389 6
390 6
391 6
392 2
393 6
394 4
395 2
396 2
397 6
398 4
399 2
400 6
401 6
402 4
403 2
404 6
405 6
406 6
407 6
408 2
409 6
410 4
411 2
412 2
413 6
414 4
415 2
416 2
417 6
418 4
419 2
420 6
421 6
422 6
423 6
424 2
425 6
426 4
427 2
428 2
429 6
430 4
431 2
432 2
433 6
434 4
435 2
436 6
437 6
438 6
439 6
440 2
441 6
442 4
443 2
444 2
445 6
446 4
447 2
448 0
449 6
450 4
451 2
452 6
453 6
454 6
455 6
456 2
457 6
458 4
459 2
460 2
461 6
462 4
463 2
464 6
465 6
466 4
467 2
468 6
469 6
470 6
471 6
472 2
473 6
474 4
475 2
476 2
477 6
478 4
479 2
480 2
481 6
482 4
483 2
484 6
485 6
486 6
487 6
488 2
489 6
490 4
491 2
492 2
493 6
494 4
495 2
496 2
497 6
498 4
499 2
500 6
501 6
502 6
503 6
504 2
505 6
506 4
507 2
508 2
509 6
510 4
511 2
512 0
513 0
514 0
515 0
516 0
517 6
518 6
519 6
520 0
521 6
522 4
523 2
524 0
525 6
526 4
527 2
528 0
529 6
530 6
531 6
532 6
533 6
534 6
535 6
536 6
537 6
538 4
539 2
540 6
541 6
542 4
543 2
544 0
545 6
546 4
547 2
548 6
549 6
550 6
551 6
552 2
553 6
554 4
555 2
556 2
557 6
558 4
559 2
560 0
561 6
562 4
563 2
564 6
565 6
566 6
567 6
568 2
569 6
570 4
571 2
572 2
573 6
574 4
575 2
576 0
577 6
578 4
579 2
580 6
581 6
582 6
583 6
584 2
585 6
586 4
587 2
588 2
589 6
590 4
591 2
592 6
593 6
594 4
595 2
596 6
597 6
598 6
599 6
600 2
601 6
602 4
603 2
604 2
605 6
606 4
607 2
608 2
609 6
610 4
611 2
612 6
613 6
614 6
615 6
616 2
617 6
618 4
619 2
620 2
621 6
622 4
623 2
624 2
625 6
626 4
627 2
628 6
629 6
630 6
631 6
632 2
633 6
634 4
635 2
636 2
637 6
638 4
639 2
640 0
641 6
642 4
643 2
644 6
645 6
646 6
647 6
648 2
649 6
650 4
651 2
652 2
653 6
654 4
655 2
656 6
657 6
658 4
659 2
660 6
661 6
662 6
663 6
664 2
665 6
666 4
667 2
668 2
669 6
670 4
671 2
672 2
673 6
674 4
675 2
676 6
677 6
678 6
679 6
680 2
681 6
682 4
683 2
684 2
685 6
686 4
687 2
688 2
689 6
690 4
691 2
692 6
693 6
694 6
695 6
696 2
697 6
698 4
699 2
700 2
701 6
702 4
703 2
704 0
705 6
706 4
707 2
708 6
709 6
710 6
711 6
712 2
713 6
714 4
715 2
716 2
717 6
718 4
719 2
720 6
721 6
722 4
723 2
724 6
725 6
726 6
727 6
728 2
729 6
730 4
731 2
732 2
733 6
734 4
735 2
736 2
737 6
738 4
739 2
740 6
741 6
742 6
743 6
744 2
745 6
746 4
747 2
748 2
749 6
750 4
751 2
752 2
753 6
754 4
755 2
756 6
757 6
758 6
759 6
760 2
761 6
762 4
763 2
764 2
765 6
766 4
767 2
768 0
769 0
770 0
771 0
772 0
773 6
774 6
775 6
776 0
777 6
778 4
779 2
780 0
781 6
782 4
783 2
784 0
785 6
786 6
787 6
788 6
789 6
790 6
791 6
792 6
793 6
794 4
795 2
796 6
797 6
798 4
799 2
800 0
801 6
802 4
803 2
804 6
805 6
806 6
807 6
808 2
809 6
810 4
811 2
812 2
813 6
814 4
815 2
816 0
817 6
818 4
819 2
820 6
821 6
822 6
823 6
824 2
825 6
826 4
827 2
828 2
829 6
830 4
831 2
832 0
833 6
834 4
835 2
836 6
837 6
838 6
839 6
840 2
841 6
842 4
843 2
844 2
845 6
846 4
847 2
848 6
849 6
850 4
851 2
852 6
853 6
854 6
855 6
856 2
857 6
858 4
859 2
860 2
861 6
862 4
863 2
864 2
865 6
866 4
867 2
868 6
869 6
870 6
871 6
872 2
873 6
874 4
875 2
876 2
877 6
878 4
879 2
880 2
881 6
882 4
883 2
884 6
885 6
886 6
887 6
888 2
889 6
890 4
891 2
892 2
893 6
894 4
895 2
896 0
897 6
898 4
899 2
900 6
901 6
902 6
903 6
904 2
905 6
906 4
907 2
908 2
909 6
910 4
911 2
912 6
913 6
914 4
915 2
916 6
917 6
918 6
919 6
920 2
921 6
922 4
923 2
924 2
925 6
926 4
927 2
928 2
929 6
930 4
931 2
932 6
933 6
934 6
935 6
936 2
937 6
938 4
939 2
940 2
941 6
942 4
943 2
944 2
945 6
946 4
947 2
948 6
949 6
950 6
951 6
952 2
953 6
954 4
955 2
956 2
957 6
958 4
959 2
960 0
961 6
962 4
963 2
964 6
965 6
966 6
967 6
968 2
969 6
970 4
971 2
972 2
973 6
974 4
975 2
976 6
977 6
978 4
979 2
980 6
981 6
982 6
983 6
984 2
985 6
986 4
987 2
988 2
989 6
990 4
991 2
992 2
993 6
994 4
995 2
996 6
997 6
998 6
999 6
1000 2
1001 6
1002 4
1003 2
1004 2
1005 6
1006 4
1007 2
1008 2
1009 6
1010 4
1011 2
1012 6
1013 6
1014 6
1015 6
1016 2
1017 6
1018 4
1019 2
1020 2
1021 6
1022 4
1023 2
1024 0
1025 0
1026 0
1027 0
1028 0
1029 0
1030 6
1031 6
1032 0
1033 6
1034 4
1035 2
1036 0
1037 6
1038 4
1039 2
1040 0
1041 0
1042 4
1043 4
1044 0
1045 6
1046 6
1047 6
1048 4
1049 6
1050 4
1051 2
1052 4
1053 6
1054 4
1055 2
1056 0
1057 6
1058 4
1059 2
1060 6
1061 6
1062 6
1063 6
1064 2
1065 6
1066 4
1067 2
1068 2
1069 6
1070 4
1071 2
1072 0
1073 6
1074 4
1075 2
1076 6
1077 6
1078 6
1079 6
1080 2
1081 6
1082 4
1083 2
1084 2
1085 6
1086 4
1087 2
1088 0
1089 0
1090 4
1091 2
1092 0
1093 6
1094 6
1095 6
1096 2
1097 6
1098 4
1099 2
1100 2
1101 6
1102 4
1103 2
1104 0
1105 6
1106 4
1107 2
1108 6
1109 6
1110 6
1111 6
1112 2
1113 6
1114 4
1115 2
1116 2
1117 6
1118 4
1119 2
1120 2
1121 6
1122 4
1123 2
1124 6
1125 6
1126 6
1127 6
1128 2
1129 6
1130 4
1131 2
1132 2
1133 6
1134 4
1135 2
1136 2
1137 6
1138 4
1139 2
1140 6
1141 6
1142 6
1143 6
1144 2
1145 6
1146 4
1147 2
1148 2
1149 6
1150 4
1151 2
1152 0
1153 6
1154 4
1155 2
1156 6
1157 6
1158 6
1159 6
1160 2
1161 6
1162 4
1163 2
1164 2
1165 6
1166 4
1167 2
1168 6
1169 6
1170 4
1171 2
1172 6
1173 6
1174 6
1175 6
1176 2
1177 6
1178 4
1179 2
1180 2
1181 6
1182 4
1183 2
1184 2
1185 6
1186 4
1187 2
1188 6
1189 6
1190 6
1191 6
1192 2
1193 6
1194 4
1195 2
1196 2
1197 6
1198 4
1199 2
1200 2
1201 6
1202 4
1203 2
1204 6
1205 6
1206 6
1207 6
1208 2
1209 6
1210 4
1211 2
1212 2
1213 6
1214 4
1215 2
1216 0
1217 6
1218 4
1219 2
1220 6
1221 6
1222 6
1223 6
1224 2
1225 6
1226 4
1227 2
1228 2
1229 6
1230 4
1231 2
1232 6
1233 6
1234 4
1235 2
1236 6
1237 6
1238 6
1239 6
1240 2
1241 6
1242 4
1243 2
1244 2
1245 6
1246 4
1247 2
1248 2
1249 6
1250 4
1251 2
1252 6
1253 6
1254 6
1255 6
1256 2
1257 6
1258 4
1259 2
1260 2
1261 6
1262 4
1263 2
1264 2
1265 6
1266 4
1267 2
1268 6
1269 6
1270 6
1271 6
1272 2
1273 6
1274 4
1275 2
1276 2
1277 6
1278 4
1279 2
1280 0
1281 0
1282 4
1283 2
1284 0
1285 6
1286 6
1287 6
1288 2
1289 6
1290 4
1291 2
1292 2
1293 6
1294 4
1295 2
1296 0
1297 6
1298 4
1299 2
1300 6
1301 6
1302 6
1303 6
1304 2
1305 6
1306 4
1307 2
1308 2
1309 6
1310 4
1311 2
1312 2
1313 6
1314 4
1315 2
1316 6
1317 6
1318 6
1319 6
1320 2
1321 6
1322 4
1323 2
1324 2
1325 6
1326 4
1327 2
1328 2
1329 6
1330 4
1331 2
1332 6
1333 6
1334 6
1335 6
1336 2
1337 6
1338 4
1339 2
1340 2
1341 6
1342 4
1343 2
1344 0
1345 6
1346 4
1347 2
1348 6
1349 6
1350 6
1351 6
1352 2
1353 6
1354 4
1355 2
1356 2
1357 6
1358 4
1359 2
1360 2
1361 6
1362 4
1363 2
1364 6
1365 6
1366 6
1367 6
1368 2
1369 6
1370 4
1371 2
1372 2
1373 6
1374 4
1375 2
1376 2
1377 6
1378 4
1379 2
1380 6
1381 6
1382 6
1383 6
1384 2
1385 6
1386 4
1387 2
1388 2
1389 6
1390 4
1391 2
1392 2
1393 6
1394 4
1395 2
1396 6
1397 6
1398 6
1399 6
1400 2
1401 6
1402 4
1403 2
1404 2
1405 6
1406 4
1407 2
1408 2
1409 6
1410 4
1411 2
1412 6
1413 6
1414 6
1415 6
1416 2
1417 6
1418 4
1419 2
1420 2
1421 6
1422 4
1423 2
1424 2
1425 6
1426 4
1427 2
1428 6
1429 6
1430 6
1431 6
1432 2
1433 6
1434 4
1435 2
1436 2
1437 6
1438 4
1439 2
1440 2
1441 6
1442 4
1443 2
1444 6
1445 6
1446 6
1447 6
1448 2
1449 6
1450 4
1451 2
1452 2
1453 6
1454 4
1455 2
1456 2
1457 6
1458 4
1459 2
1460 6
1461 6
1462 6
1463 6
1464 2
1465 6
1466 4
1467 2
1468 2
1469 6
1470 4
1471 2
1472 2
1473 6
1474 4
1475 2
1476 6
1477 6
1478 6
1479 6
1480 2
1481 6
1482 4
1483 2
1484 2
1485 6
1486 4
1487 2
1488 2
1489 6
1490 4
1491 2
1492 6
1493 6
1494 6
1495 6
1496 2
1497 6
1498 4
1499 2
1500 2
1501 6
1502 4
1503 2
1504 2
1505 6
1506 4
1507 2
1508 6
1509 6
1510 6
1511 6
1512 2
1513 6
1514 4
1515 2
1516 2
1517 6
1518 4
1519 2
1520 2
1521 6
1522 4
1523 2
1524 6
1525 6
1526 6
1527 6
1528 2
1529 6
1530 4
1531 2
1532 2
1533 6
1534 4
1535 2
1536 0
1537 6
1538 4
1539 2
1540 6
1541 6
1542 6
1543 6
1544 2
1545 6
1546 4
1547 2
1548 2
1549 6
1550 4
1551 2
1552 6
1553 6
1554 4
1555 2
1556 6
1557 6
1558 6
1559 6
1560 2
1561 6
1562 4
1563 2
1564 2
1565 6
1566 4
1567 2
1568 2
1569 6
1570 4
1571 2
1572 6
1573 6
1574 6
1575 6
1576 2
1577 6
1578 4
1579 2
1580 2
1581 6
1582 4
1583 2
1584 2
1585 6
1586 4
1587 2
1588 6
1589 6
1590 6
1591 6
1592 2
1593 6
1594 4
1595 2
1596 2
1597 6
1598 4
1599 2
1600 2
1601 6
1602 4
1603 2
1604 6
1605 6
1606 6
1607 6
1608 2
1609 6
1610 4
1611 2
1612 2
1613 6
1614 4
1615 2
1616 2
1617 6
1618 4
1619 2
1620 6
1621 6
1622 6
1623 6
1624 2
1625 6
1626 4
1627 2
1628 2
1629 6
1630 4
1631 2
1632 2
1633 6
1634 4
1635 2
1636 6
1637 6
1638 6
1639 6
1640 2
1641 6
1642 4
1643 2
1644 2
1645 6
1646 4
1647 2
1648 2
1649 6
1650 4
1651 2
1652 6
1653 6
1654 6
1655 6
1656 2
1657 6
1658 4
1659 2
1660 2
1661 6
1662 4
1663 2
1664 2
1665 6
1666 4
1667 2
1668 6
1669 6
1670 6
1671 6
1672 2
1673 6
1674 4
1675 2
1676 2
1677 6
1678 4
1679 2
1680 2
1681 6
1682 4
1683 2
1684 6
1685 6
1686 6
1687 6
1688 2
1689 6
1690 4
1691 2
1692 2
1693 6
1694 4
1695 2
1696 2
1697 6
1698 4
1699 2
1700 6
1701 6
1702 6
1703 6
1704 2
1705 6
1706 4
1707 2
1708 2
1709 6
1710 4
1711 2
1712 2
1713 6
1714 4
1715 2
1716 6
1717 6
1718 6
1719 6
1720 2
1721 6
1722 4
1723 2
1724 2
1725 6
1726 4
1727 2
1728 2
1729 6
1730 4
1731 2
1732 6
1733 6
1734 6
1735 6
1736 2
1737 6
1738 4
1739 2
1740 2
1741 6
1742 4
1743 2
1744 2
1745 6
1746 4
1747 2
1748 6
1749 6
1750 6
1751 6
1752 2
1753 6
1754 4
1755 2
1756 2
1757 6
1758 4
1759 2
1760 2
1761 6
1762 4
1763 2
1764 6
1765 6
1766 6
1767 6
1768 2
1769 6
1770 4
1771 2
1772 2
1773 6
1774 4
1775 2
1776 2
1777 6
1778 4
1779 2
1780 6
1781 6
1782 6
1783 6
1784 2
1785 6
1786 4
1787 2
1788 2
1789 6
1790 4
1791 2
1792 0
1793 6
1794 4
1795 2
1796 6
1797 6
1798 6
1799 6
1800 2
1801 6
1802 4
1803 2
1804 2
1805 6
1806 4
1807 2
1808 6
1809 6
1810 4
1811 2
1812 6
1813 6
1814 6
1815 6
1816 2
1817 6
1818 4
1819 2
1820 2
1821 6
1822 4
1823 2
1824 2
1825 6
1826 4
1827 2
1828 6
1829 6
1830 6
1831 6
1832 2
1833 6
1834 4
1835 2
1836 2
1837 6
1838 4
1839 2
1840 2
1841 6
1842 4
1843 2
1844 6
1845 6
1846 6
1847 6
1848 2
1849 6
1850 4
1851 2
1852 2
1853 6
1854 4
1855 2
1856 2
1857 6
1858 4
1859 2
1860 6
1861 6
1862 6
1863 6
1864 2
1865 6
1866 4
1867 2
1868 2
1869 6
1870 4
1871 2
1872 2
1873 6
1874 4
1875 2
1876 6
1877 6
1878 6
1879 6
1880 2
1881 6
1882 4
1883 2
1884 2
1885 6
1886 4
1887 2
1888 2
1889 6
1890 4
1891 2
1892 6
1893 6
1894 6
1895 6
1896 2
1897 6
1898 4
1899 2
1900 2
1901 6
1902 4
1903 2
1904 2
1905 6
1906 4
1907 2
1908 6
1909 6
1910 6
1911 6
1912 2
1913 6
1914 4
1915 2
1916 2
1917 6
1918 4
1919 2
1920 2
1921 6
1922 4
1923 2
1924 6
1925 6
1926 6
1927 6
1928 2
1929 6
1930 4
1931 2
1932 2
1933 6
1934 4
1935 2
1936 2
1937 6
1938 4
1939 2
1940 6
1941 6
1942 6
1943 6
1944 2
1945 6
1946 4
1947 2
1948 2
1949 6
1950 4
1951 2
1952 2
1953 6
1954 4
1955 2
1956 6
1957 6
1958 6
1959 6
1960 2
1961 6
1962 4
1963 2
1964 2
1965 6
1966 4
1967 2
1968 2
1969 6
1970 4
1971 2
1972 6
1973 6
1974 6
1975 6
1976 2
1977 6
1978 4
1979 2
1980 2
1981 6
1982 4
1983 2
1984 2
1985 6
1986 4
1987 2
1988 6
1989 6
1990 6
1991 6
1992 2
1993 6
1994 4
1995 2
1996 2
1997 6
1998 4
1999 2
2000 2
2001 6
2002 4
2003 2
2004 6
2005 6
2006 6
2007 6
2008 2
2009 6
2010 4
2011 2
2012 2
2013 6
2014 4
2015 2
2016 2
2017 6
2018 4
2019 2
2020 6
2021 6
2022 6
2023 6
2024 2
2025 6
2026 4
2027 2
2028 2
2029 6
2030 4
2031 2
2032 2
2033 6
2034 4
2035 2
2036 6
2037 6
2038 6
2039 6
2040 2
2041 6
2042 4
2043 2
2044 2
2045 6
2046 4
2047 2
2048 0
2049 0
2050 0
2051 0
2052 0
2053 6
2054 6
2055 6
2056 0
2057 6
2058 4
2059 2
2060 0
2061 6
2062 4
2063 2
2064 0
2065 4
2066 4
2067 4
2068 4
2069 6
2070 6
2071 6
2072 4
2073 6
2074 4
2075 2
2076 4
2077 6
2078 4
2079 2
2080 0
2081 6
2082 4
2083 2
2084 6
2085 6
2086 6
2087 6
2088 2
2089 6
2090 4
2091 2
2092 2
2093 6
2094 4
2095 2
2096 0
2097 6
2098 4
2099 2
2100 6
2101 6
2102 6
2103 6
2104 2
2105 6
2106 4
2107 2
2108 2
2109 6
2110 4
2111 2
2112 0
2113 6
2114 4
2115 2
2116 6
2117 6
2118 6
2119 6
2120 2
2121 6
2122 4
2123 2
2124 2
2125 6
2126 4
2127 2
2128 6
2129 6
2130 4
2131 2
2132 6
2133 6
2134 6
2135 6
2136 2
2137 6
2138 4
2139 2
2140 2
2141 6
2142 4
2143 2
2144 2
2145 6
2146 4
2147 2
2148 6
2149 6
2150 6
2151 6
2152 2
2153 6
2154 4
2155 2
2156 2
2157 6
2158 4
2159 2
2160 2
2161 6
2162 4
2163 2
2164 6
2165 6
2166 6
2167 6
2168 2
2169 6
2170 4
2171 2
2172 2
2173 6
2174 4
2175 2
2176 0
2177 6
2178 4
2179 2
2180 6
2181 6
2182 6
2183 6
2184 2
2185 6
2186 4
2187 2
2188 2
2189 6
2190 4
2191 2
2192 6
2193 6
2194 4
2195 2
2196 6
2197 6
2198 6
2199 6
2200 2
2201 6
2202 4
2203 2
2204 2
2205 6
2206 4
2207 2
2208 2
2209 6
2210 4
2211 2
2212 6
2213 6
2214 6
2215 6
2216 2
2217 6
2218 4
2219 2
2220 2
2221 6
2222 4
2223 2
2224 2
2225 6
2226 4
2227 2
2228 6
2229 6
2230 6
2231 6
2232 2
2233 6
2234 4
2235 2
2236 2
2237 6
2238 4
2239 2
2240 0
2241 6
2242 4
2243 2
2244 6
2245 6
2246 6
2247 6
2248 2
2249 6
2250 4
2251 2
2252 2
2253 6
2254 4
2255 2
2256 6
2257 6
2258 4
2259 2
2260 6
2261 6
2262 6
2263 6
2264 2
2265 6
2266 4
2267 2
2268 2
2269 6
2270 4
2271 2
2272 2
2273 6
2274 4
2275 2
2276 6
2277 6
2278 6
2279 6
2280 2
2281 6
2282 4
2283 2
2284 2
2285 6
2286 4
2287 2
2288 2
2289 6
2290 4
2291 2
2292 6
2293 6
2294 6
2295 6
2296 2
2297 6
2298 4
2299 2
2300 2
2301 6
2302 4
2303 2
2304 0
2305 6
2306 4
2307 2
2308 6
2309 6
2310 6
2311 6
2312 2
2313 6
2314 4
2315 2
2316 2
2317 6
2318 4
2319 2
2320 6
2321 6
2322 4
2323 2
2324 6
2325 6
2326 6
2327 6
2328 2
2329 6
2330 4
2331 2
2332 2
2333 6
2334 4
2335 2
2336 2
2337 6
2338 4
2339 2
2340 6
2341 6
2342 6
2343 6
2344 2
2345 6
2346 4
2347 2
2348 2
2349 6
2350 4
2351 2
2352 2
2353 6
2354 4
2355 2
2356 6
2357 6
2358 6
2359 6
2360 2
2361 6
2362 4
2363 2
2364 2
2365 6
2366 4
2367 2
2368 2
2369 6
2370 4
2371 2
2372 6
2373 6
2374 6
2375 6
2376 2
2377 6
2378 4
2379 2
2380 2
2381 6
2382 4
2383 2
2384 2
2385 6
2386 4
2387 2
2388 6
2389 6
2390 6
2391 6
2392 2
2393 6
2394 4
2395 2
2396 2
2397 6
2398 4
2399 2
2400 2
2401 6
2402 4
2403 2
2404 6
2405 6
2406 6
2407 6
2408 2
2409 6
2410 4
2411 2
2412 2
2413 6
2414 4
2415 2
2416 2
2417 6
2418 4
2419 2
2420 6
2421 6
2422 6
2423 6
2424 2
2425 6
2426 4
2427 2
2428 2
2429 6
2430 4
2431 2
2432 2
2433 6
2434 4
2435 2
2436 6
2437 6
2438 6
2439 6
2440 2
2441 6
2442 4
2443 2
2444 2
2445 6
2446 4
2447 2
2448 2
2449 6
2450 4
2451 2
2452 6
2453 6
2454 6
2455 6
2456 2
2457 6
2458 4
2459 2
2460 2
2461 6
2462 4
2463 2
2464 2
2465 6
2466 4
2467 2
2468 6
2469 6
2470 6
2471 6
2472 2
2473 6
2474 4
2475 2
2476 2
2477 6
2478 4
2479 2
2480 2
2481 6
2482 4
2483 2
2484 6
2485 6
2486 6
2487 6
2488 2
2489 6
2490 4
2491 2
2492 2
2493 6
2494 4
2495 2
2496 2
2497 6
2498 4
2499 2
2500 6
2501 6
2502 6
2503 6
2504 2
2505 6
2506 4
2507 2
2508 2
2509 6
2510 4
2511 2
2512 2
2513 6
2514 4
2515 2
2516 6
2517 6
2518 6
2519 6
2520 2
2521 6
2522 4
2523 2
2524 2
2525 6
2526 4
2527 2
2528 2
2529 6
2530 4
2531 2
2532 6
2533 6
2534 6
2535 6
2536 2
2537 6
2538 4
2539 2
2540 2
2541 6
2542 4
2543 2
2544 2
2545 6
2546 4
2547 2
2548 6
2549 6
2550 6
2551 6
2552 2
2553 6
2554 4
2555 2
2556 2
2557 6
2558 4
2559 2
2560 0
2561 6
2562 4
2563 2
2564 6
2565 6
2566 6
2567 6
2568 2
2569 6
2570 4
2571 2
2572 2
2573 6
2574 4
2575 2
2576 6
2577 6
2578 4
2579 2
2580 6
2581 6
2582 6
2583 6
2584 2
2585 6
2586 4
2587 2
2588 2
2589 6
2590 4
2591 2
2592 2
2593 6
2594 4
2595 2
2596 6
2597 6
2598 6
2599 6
2600 2
2601 6
2602 4
2603 2
2604 2
2605 6
2606 4
2607 2
2608 2
2609 6
2610 4
2611 2
2612 6
2613 6
2614 6
2615 6
2616 2
2617 6
2618 4
2619 2
2620 2
2621 6
2622 4
2623 2
2624 2
2625 6
2626 4
2627 2
2628 6
2629 6
2630 6
2631 6
2632 2
2633 6
2634 4
2635 2
2636 2
2637 6
2638 4
2639 2
2640 2
2641 6
2642 4
2643 2
2644 6
2645 6
2646 6
2647 6
2648 2
2649 6
2650 4
2651 2
2652 2
2653 6
2654 4
2655 2
2656 2
2657 6
2658 4
2659 2
2660 6
2661 6
2662 6
2663 6
2664 2
2665 6
2666 4
2667 2
2668 2
2669 6
2670 4
2671 2
2672 2
2673 6
2674 4
2675 2
2676 6
2677 6
2678 6
2679 6
2680 2
2681 6
2682 4
2683 2
2684 2
2685 6
2686 4
2687 2
2688 2
2689 6
2690 4
2691 2
2692 6
2693 6
2694 6
2695 6
2696 2
2697 6
2698 4
2699 2
2700 2
2701 6
2702 4
2703 2
2704 2
2705 6
2706 4
2707 2
2708 6
2709 6
2710 6
2711 6
2712 2
2713 6
2714 4
2715 2
2716 2
2717 6
2718 4
2719 2
2720 2
2721 6
2722 4
2723 2
2724 6
2725 6
2726 6
2727 6
2728 2
2729 6
2730 4
2731 2
2732 2
2733 6
2734 4
2735 2
2736 2
2737 6
2738 4
2739 2
2740 6
2741 6
2742 6
2743 6
2744 2
2745 6
2746 4
2747 2
2748 2
2749 6
2750 4
2751 2
2752 2
2753 6
2754 4
2755 2
2756 6
2757 6
2758 6
2759 6
2760 2
2761 6
2762 4
2763 2
2764 2
2765 6
2766 4
2767 2
2768 2
2769 6
2770 4
2771 2
2772 6
2773 6
2774 6
2775 6
2776 2
2777 6
2778 4
2779 2
2780 2
2781 6
2782 4
2783 2
2784 2
2785 6
2786 4
2787 2
2788 6
2789 6
2790 6
2791 6
2792 2
2793 6
2794 4
2795 2
2796 2
2797 6
2798 4
2799 2
2800 2
2801 6
2802 4
2803 2
2804 6
2805 6
2806 6
2807 6
2808 2
2809 6
2810 4
2811 2
2812 2
2813 6
2814 4
2815 2
2816 0
2817 6
2818 4
2819 2
2820 6
2821 6
2822 6
2823 6
2824 2
2825 6
2826 4
2827 2
2828 2
2829 6
2830 4
2831 2
2832 6
2833 6
2834 4
2835 2
2836 6
2837 6
2838 6
2839 6
2840 2
2841 6
2842 4
2843 2
2844 2
2845 6
2846 4
2847 2
2848 2
2849 6
2850 4
2851 2
2852 6
2853 6
2854 6
2855 6
2856 2
2857 6
2858 4
2859 2
2860 2
2861 6
2862 4
2863 2
2864 2
2865 6
2866 4
2867 2
2868 6
2869 6
2870 6
2871 6
2872 2
2873 6
2874 4
2875 2
2876 2
2877 6
2878 4
2879 2
2880 2
2881 6
2882 4
2883 2
2884 6
2885 6
2886 6
2887 6
2888 2
2889 6
2890 4
2891 2
2892 2
2893 6
2894 4
2895 2
2896 2
2897 6
2898 4
2899 2
2900 6
2901 6
2902 6
2903 6
2904 2
2905 6
2906 4
2907 2
2908 2
2909 6
2910 4
2911 2
2912 2
2913 6
2914 4
2915 2
2916 6
2917 6
2918 6
2919 6
2920 2
2921 6
2922 4
2923 2
2924 2
2925 6
2926 4
2927 2
2928 2
2929 6
2930 4
2931 2
2932 6
2933 6
2934 6
2935 6
2936 2
2937 6
2938 4
2939 2
2940 2
2941 6
2942 4
2943 2
2944 2
2945 6
2946 4
2947 2
2948 6
2949 6
2950 6
2951 6
2952 2
2953 6
2954 4
2955 2
2956 2
2957 6
2958 4
2959 2
2960 2
2961 6
2962 4
2963 2
2964 6
2965 6
2966 6
2967 6
2968 2
2969 6
2970 4
2971 2
2972 2
2973 6
2974 4
2975 2
2976 2
2977 6
2978 4
2979 2
2980 6
2981 6
2982 6
2983 6
2984 2
2985 6
2986 4
2987 2
2988 2
2989 6
2990 4
2991 2
2992 2
2993 6
2994 4
2995 2
2996 6
2997 6
2998 6
2999 6
3000 2
3001 6
3002 4
3003 2
3004 2
3005 6
3006 4
3007 2
3008 2
3009 6
3010 4
3011 2
3012 6
3013 6
3014 6
3015 6
3016 2
3017 6
3018 4
3019 2
3020 2
3021 6
3022 4
3023 2
3024 2
3025 6
3026 4
3027 2
3028 6
3029 6
3030 6
3031 6
3032 2
3033 6
3034 4
3035 2
3036 2
3037 6
3038 4
3039 2
3040 2
3041 6
3042 4
3043 2
3044 6
3045 6
3046 6
3047 6
3048 2
3049 6
3050 4
3051 2
3052 2
3053 6
3054 4
3055 2
3056 2
3057 6
3058 4
3059 2
3060 6
3061 6
3062 6
3063 6
3064 2
3065 6
3066 4
3067 2
3068 2
3069 6
3070 4
3071 2
3072 0
3073 0
3074 0
3075 0
3076 0
3077 6
3078 6
3079 6
3080 0
3081 6
3082 4
3083 2
3084 0
3085 6
3086 4
3087 2
3088 0
3089 4
3090 4
3091 4
3092 4
3093 6
3094 6
3095 6
3096 4
3097 6
3098 4
3099 2
3100 4
3101 6
3102 4
3103 2
3104 0
3105 6
3106 4
3107 2
3108 6
3109 6
3110 6
3111 6
3112 2
3113 6
3114 4
3115 2
3116 2
3117 6
3118 4
3119 2
3120 0
3121 6
3122 4
3123 2
3124 6
3125 6
3126 6
3127 6
3128 2
3129 6
3130 4
3131 2
3132 2
3133 6
3134 4
3135 2
3136 0
3137 6
3138 4
3139 2
3140 6
3141 6
3142 6
3143 6
3144 2
3145 6
3146 4
3147 2
3148 2
3149 6
3150 4
3151 2
3152 6
3153 6
3154 4
3155 2
3156 6
3157 6
3158 6
3159 6
3160 2
3161 6
3162 4
3163 2
3164 2
3165 6
3166 4
3167 2
3168 2
3169 6
3170 4
3171 2
3172 6
3173 6
3174 6
3175 6
3176 2
3177 6
3178 4
3179 2
3180 2
3181 6
3182 4
3183 2
3184 2
3185 6
3186 4
3187 2
3188 6
3189 6
3190 6
3191 6
3192 2
3193 6
3194 4
3195 2
3196 2
3197 6
3198 4
3199 2
3200 0
3201 6
3202 4
3203 2
3204 6
3205 6
3206 6
3207 6
3208 2
3209 6
3210 4
3211 2
3212 2
3213 6
3214 4
3215 2
3216 6
3217 6
3218 4
3219 2
3220 6
3221 6
3222 6
3223 6
3224 2
3225 6
3226 4
3227 2
3228 2
3229 6
3230 4
3231 2
3232 2
3233 6
3234 4
3235 2
3236 6
3237 6
3238 6
3239 6
3240 2
3241 6
3242 4
3243 2
3244 2
3245 6
3246 4
3247 2
3248 2
3249 6
3250 4
3251 2
3252 6
3253 6
3254 6
3255 6
3256 2
3257 6
3258 4
3259 2
3260 2
3261 6
3262 4
3263 2
3264 0
3265 6
3266 4
3267 2
3268 6
3269 6
3270 6
3271 6
3272 2
3273 6
3274 4
3275 2
3276 2
3277 6
3278 4
3279 2
3280 6
3281 6
3282 4
3283 2
3284 6
3285 6
3286 6
3287 6
3288 2
3289 6
3290 4
3291 2
3292 2
3293 6
3294 4
3295 2
3296 2
3297 6
3298 4
3299 2
3300 6
3301 6
3302 6
3303 6
3304 2
3305 6
3306 4
3307 2
3308 2
3309 6
3310 4
3311 2
3312 2
3313 6
3314 4
3315 2
3316 6
3317 6
3318 6
3319 6
3320 2
3321 6
3322 4
3323 2
3324 2
3325 6
3326 4
3327 2
3328 0
3329 6
3330 4
3331 2
3332 6
3333 6
3334 6
3335 6
3336 2
3337 6
3338 4
3339 2
3340 2
3341 6
3342 4
3343 2
3344 6
3345 6
3346 4
3347 2
3348 6
3349 6
3350 6
3351 6
3352 2
3353 6
3354 4
3355 2
3356 2
3357 6
3358 4
3359 2
3360 2
3361 6
3362 4
3363 2
3364 6
3365 6
3366 6
3367 6
3368 2
3369 6
3370 4
3371 2
3372 2
3373 6
3374 4
3375 2
3376 2
3377 6
3378 4
3379 2
3380 6
3381 6
3382 6
3383 6
3384 2
3385 6
3386 4
3387 2
3388 2
3389 6
3390 4
3391 2
3392 2
3393 6
3394 4
3395 2
3396 6
3397 6
3398 6
3399 6
3400 2
3401 6
3402 4
3403 2
3404 2
3405 6
3406 4
3407 2
3408 2
3409 6
3410 4
3411 2
3412 6
3413 6
3414 6
3415 6
3416 2
3417 6
3418 4
3419 2
3420 2
3421 6
3422 4
3423 2
3424 2
3425 6
3426 4
3427 2
3428 6
3429 6
3430 6
3431 6
3432 2
3433 6
3434 4
3435 2
3436 2
3437 6
3438 4
3439 2
3440 2
3441 6
3442 4
3443 2
3444 6
3445 6
3446 6
3447 6
3448 2
3449 6
3450 4
3451 2
3452 2
3453 6
3454 4
3455 2
3456 2
3457 6
3458 4
3459 2
3460 6
3461 6
3462 6
3463 6
3464 2
3465 6
3466 4
3467 2
3468 2
3469 6
3470 4
3471 2
3472 2
3473 6
3474 4
3475 2
3476 6
3477 6
3478 6
3479 6
3480 2
3481 6
3482 4
3483 2
3484 2
3485 6
3486 4
3487 2
3488 2
3489 6
3490 4
3491 2
3492 6
3493 6
3494 6
3495 6
3496 2
3497 6
3498 4
3499 2
3500 2
3501 6
3502 4
3503 2
3504 2
3505 6
3506 4
3507 2
3508 6
3509 6
3510 6
3511 6
3512 2
3513 6
3514 4
3515 2
3516 2
3517 6
3518 4
3519 2
3520 2
3521 6
3522 4
3523 2
3524 6
3525 6
3526 6
3527 6
3528 2
3529 6
3530 4
3531 2
3532 2
3533 6
3534 4
3535 2
3536 2
3537 6
3538 4
3539 2
3540 6
3541 6
3542 6
3543 6
3544 2
3545 6
3546 4
3547 2
3548 2
3549 6
3550 4
3551 2
3552 2
3553 6
3554 4
3555 2
3556 6
3557 6
3558 6
3559 6
3560 2
3561 6
3562 4
3563 2
3564 2
3565 6
3566 4
3567 2
3568 2
3569 6
3570 4
3571 2
3572 6
3573 6
3574 6
3575 6
3576 2
3577 6
3578 4
3579 2
3580 2
3581 6
3582 4
3583 2
3584 0
3585 6
3586 4
3587 2
3588 6
3589 6
3590 6
3591 6
3592 2
3593 6
3594 4
3595 2
3596 2
3597 6
3598 4
3599 2
3600 6
3601 6
3602 4
3603 2
3604 6
3605 6
3606 6
3607 6
3608 2
3609 6
3610 4
3611 2
3612 2
3613 6
3614 4
3615 2
3616 2
3617 6
3618 4
3619 2
3620 6
3621 6
3622 6
3623 6
3624 2
3625 6
3626 4
3627 2
3628 2
3629 6
3630 4
3631 2
3632 2
3633 6
3634 4
3635 2
3636 6
3637 6
3638 6
3639 6
3640 2
3641 6
3642 4
3643 2
3644 2
3645 6
3646 4
3647 2
3648 2
3649 6
3650 4
3651 2
3652 6
3653 6
3654 6
3655 6
3656 2
3657 6
3658 4
3659 2
3660 2
3661 6
3662 4
3663 2
3664 2
3665 6
3666 4
3667 2
3668 6
3669 6
3670 6
3671 6
3672 2
3673 6
3674 4
3675 2
3676 2
3677 6
3678 4
3679 2
3680 2
3681 6
3682 4
3683 2
3684 6
3685 6
3686 6
3687 6
3688 2
3689 6
3690 4
3691 2
3692 2
3693 6
3694 4
3695 2
3696 2
3697 6
3698 4
3699 2
3700 6
3701 6
3702 6
3703 6
3704 2
3705 6
3706 4
3707 2
3708 2
3709 6
3710 4
3711 2
3712 2
3713 6
3714 4
3715 2
3716 6
3717 6
3718 6
3719 6
3720 2
3721 6
3722 4
3723 2
3724 2
3725 6
3726 4
3727 2
3728 2
3729 6
3730 4
3731 2
3732 6
3733 6
3734 6
3735 6
3736 2
3737 6
3738 4
3739 2
3740 2
3741 6
3742 4
3743 2
3744 2
3745 6
3746 4
3747 2
3748 6
3749 6
3750 6
3751 6
3752 2
3753 6
3754 4
3755 2
3756 2
3757 6
3758 4
3759 2
3760 2
3761 6
3762 4
3763 2
3764 6
3765 6
3766 6
3767 6
3768 2
3769 6
3770 4
3771 2
3772 2
3773 6
3774 4
3775 2
3776 2
3777 6
3778 4
3779 2
3780 6
3781 6
3782 6
3783 6
3784 2
3785 6
3786 4
3787 2
3788 2
3789 6
3790 4
3791 2
3792 2
3793 6
3794 4
3795 2
3796 6
3797 6
3798 6
3799 6
3800 2
3801 6
3802 4
3803 2
3804 2
3805 6
3806 4
3807 2
3808 2
3809 6
3810 4
3811 2
3812 6
3813 6
3814 6
3815 6
3816 2
3817 6
3818 4
3819 2
3820 2
3821 6
3822 4
3823 2
3824 2
3825 6
3826 4
3827 2
3828 6
3829 6
3830 6
3831 6
3832 2
3833 6
3834 4
3835 2
3836 2
3837 6
3838 4
3839 2
3840 0
3841 6
3842 4
3843 2
3844 6
3845 6
3846 6
3847 6
3848 2
3849 6
3850 4
3851 2
3852 2
3853 6
3854 4
3855 2
3856 6
3857 6
3858 4
3859 2
3860 6
3861 6
3862 6
3863 6
3864 2
3865 6
3866 4
3867 2
3868 2
3869 6
3870 4
3871 2
3872 2
3873 6
3874 4
3875 2
3876 6
3877 6
3878 6
3879 6
3880 2
3881 6
3882 4
3883 2
3884 2
3885 6
3886 4
3887 2
3888 2
3889 6
3890 4
3891 2
3892 6
3893 6
3894 6
3895 6
3896 2
3897 6
3898 4
3899 2
3900 2
3901 6
3902 4
3903 2
3904 2
3905 6
3906 4
3907 2
3908 6
3909 6
3910 6
3911 6
3912 2
3913 6
3914 4
3915 2
3916 2
3917 6
3918 4
3919 2
3920 2
3921 6
3922 4
3923 2
3924 6
3925 6
3926 6
3927 6
3928 2
3929 6
3930 4
3931 2
3932 2
3933 6
3934 4
3935 2
3936 2
3937 6
3938 4
3939 2
3940 6
3941 6
3942 6
3943 6
3944 2
3945 6
3946 4
3947 2
3948 2
3949 6
3950 4
3951 2
3952 2
3953 6
3954 4
3955 2
3956 6
3957 6
3958 6
3959 6
3960 2
3961 6
3962 4
3963 2
3964 2
3965 6
3966 4
3967 2
3968 2
3969 6
3970 4
3971 2
3972 6
3973 6
3974 6
3975 6
3976 2
3977 6
3978 4
3979 2
3980 2
3981 6
3982 4
3983 2
3984 2
3985 6
3986 4
3987 2
3988 6
3989 6
3990 6
3991 6
3992 2
3993 6
3994 4
3995 2
3996 2
3997 6
3998 4
3999 2
4000 2
4001 6
4002 4
4003 2
4004 6
4005 6
4006 6
4007 6
4008 2
4009 6
4010 4
4011 2
4012 2
4013 6
4014 4
4015 2
4016 2
4017 6
4018 4
4019 2
4020 6
4021 6
4022 6
4023 6
4024 2
4025 6
4026 4
4027 2
4028 2
4029 6
4030 4
4031 2
4032 2
4033 6
4034 4
4035 2
4036 6
4037 6
4038 6
4039 6
4040 2
4041 6
4042 4
4043 2
4044 2
4045 6
4046 4
4047 2
4048 2
4049 6
4050 4
4051 2
4052 6
4053 6
4054 6
4055 6
4056 2
4057 6
4058 4
4059 2
4060 2
4061 6
4062 4
4063 2
4064 2
4065 6
4066 4
4067 2
4068 6
4069 6
4070 6
4071 6
4072 2
4073 6
4074 4
4075 2
4076 2
4077 6
4078 4
4079 2
4080 2
4081 6
4082 4
4083 2
4084 6
4085 6
4086 6
4087 6
4088 2
4089 6
4090 4
4091 2
4092 2
4093 6
4094 4
4095 2
