#CSC Slope LUT
#Structure is comparator code (iCC) -> Stub slope
#iCC bits: 12
#<header> v1.0 12 32 </header>
0 0
1 0
2 0
3 0
4 0
5 0
6 0
7 -2
8 0
9 0
10 -1
11 -1.5
12 0
13 -2.22489e-13
14 -0.5
15 -1
16 0
17 0
18 0
19 -2
20 0
21 0
22 -1.72727
23 -2
24 0
25 -1.5
26 -1.64286
27 -1.9
28 -3
29 -1.5
30 -1.52941
31 -1.75
32 0
33 0
34 -1.5
35 -1.75
36 0
37 -1.27273
38 -1.5
39 -1.75862
40 -2
41 -1.35714
42 -1.5
43 -1.73529
44 -2.5
45 -1.47059
46 -1.5
47 -1.69231
48 0
49 -1
50 -1.25
51 -1.5
52 -1
53 -1
54 -1.24138
55 -1.5
56 -1.5
57 -1.1
58 -1.26471
59 -1.5
60 -2
61 -1.25
62 -1.30769
63 -1.5
64 0
65 0
66 0
67 -2
68 0
69 0
70 -1.83333
71 -2
72 0
73 -1.78947
74 -1.83333
75 -1.97561
76 -2.5
77 -1.875
78 -1.83333
79 -1.9375
80 0
81 0
82 -1.81481
83 -2
84 0
85 -1.7
86 -1.82353
87 -2
88 -2.27273
89 -1.80769
90 -1.85366
91 -2
92 -2.5625
93 -1.9375
94 -1.89583
95 -2
96 0
97 -1.57895
98 -1.72222
99 -1.90566
100 -2
101 -1.61538
102 -1.72727
103 -1.90323
104 -2.21429
105 -1.72727
106 -1.76923
107 -1.91549
108 -2.5
109 -1.875
110 -1.83333
111 -1.9375
112 -3
113 -1.5
114 -1.6
115 -1.77273
116 -2
117 -1.5
118 -1.59259
119 -1.76316
120 -2.11765
121 -1.6
122 -1.63492
123 -1.77907
124 -2.375
125 -1.75
126 -1.70833
127 -1.8125
128 0
129 0
130 -1.66667
131 -1.83333
132 0
133 -1.55556
134 -1.67391
135 -1.83077
136 -2
137 -1.66667
138 -1.71429
139 -1.84211
140 -2.25
141 -1.8
142 -1.77273
143 -1.86207
144 0
145 -1.5
146 -1.67391
147 -1.85294
148 -1.72727
149 -1.55882
150 -1.68421
151 -1.85
152 -2
153 -1.68182
154 -1.73529
155 -1.86957
156 -2.27586
157 -1.83333
158 -1.81013
159 -1.90385
160 -2
161 -1.5
162 -1.64286
163 -1.81707
164 -1.78571
165 -1.53659
166 -1.64706
167 -1.81053
168 -2
169 -1.65385
170 -1.7
171 -1.83333
172 -2.26471
173 -1.80952
174 -1.78261
175 -1.87603
176 -2.5
177 -1.5
178 -1.59091
179 -1.75
180 -1.88235
181 -1.5
182 -1.58228
183 -1.73636
184 -2
185 -1.6
186 -1.63043
187 -1.75806
188 -2.23077
189 -1.75
190 -1.71429
191 -1.80435
192 0
193 -1.33333
194 -1.5
195 -1.66667
196 -1.5
197 -1.375
198 -1.5
199 -1.65625
200 -1.75
201 -1.49057
202 -1.54878
203 -1.67568
204 -2
205 -1.63636
206 -1.625
207 -1.71429
208 -1
209 -1.32353
210 -1.50769
211 -1.6875
212 -1.4375
213 -1.375
214 -1.5125
215 -1.67857
216 -1.72414
217 -1.5
218 -1.56842
219 -1.70312
220 -2
221 -1.65789
222 -1.65455
223 -1.75
224 -1.5
225 -1.34146
226 -1.5
227 -1.67568
228 -1.5
229 -1.375
230 -1.5
231 -1.66406
232 -1.73529
233 -1.49296
234 -1.55556
235 -1.68966
236 -2
237 -1.65116
238 -1.64516
239 -1.74074
240 -2
241 -1.375
242 -1.48276
243 -1.64286
244 -1.625
245 -1.375
246 -1.47115
247 -1.625
248 -1.76923
249 -1.475
250 -1.52066
251 -1.64815
252 -2
253 -1.625
254 -1.6087
255 -1.7
256 0
257 0
258 0
259 -2
260 0
261 0
262 -1.88372
263 -2
264 0
265 -1.88889
266 -1.90741
267 -2
268 -2.33333
269 -1.97826
270 -1.93846
271 -2
272 0
273 0
274 -1.86364
275 -2
276 0
277 -1.8
278 -1.875
279 -2
280 -2.16667
281 -1.8913
282 -1.91176
283 -2.01111
284 -2.35294
285 -2
286 -1.9625
287 -2.02913
288 0
289 -1.75
290 -1.82143
291 -1.95
292 -2.05263
293 -1.77273
294 -1.82609
295 -1.94681
296 -2.16667
297 -1.85714
298 -1.86585
299 -1.96296
300 -2.34146
301 -1.97059
302 -1.92632
303 -1.9918
304 -2.5
305 -1.75
306 -1.76471
307 -1.875
308 -2.125
309 -1.73585
310 -1.7561
311 -1.86486
312 -2.16667
313 -1.80303
314 -1.79167
315 -1.88095
316 -2.3125
317 -1.91139
318 -1.85455
319 -1.91489
320 0
321 0
322 -1.86275
323 -2
324 0
325 -1.8
326 -1.87879
327 -2
328 -2.18519
329 -1.90741
330 -1.92593
331 -2.01852
332 -2.375
333 -2.02941
334 -1.98958
335 -2.04839
336 0
337 -1.74286
338 -1.85938
339 -2
340 -2
341 -1.8
342 -1.875
343 -2
344 -2.17647
345 -1.90769
346 -1.92708
347 -2.02362
348 -2.375
349 -2.0375
350 -2
351 -2.0625
352 -2.27273
353 -1.77273
354 -1.84416
355 -1.97273
356 -2.07692
357 -1.8
358 -1.85106
359 -1.96875
360 -2.19512
361 -1.89474
362 -1.9009
363 -1.99315
364 -2.375
365 -2.02174
366 -1.97656
367 -2.03659
368 -2.5625
369 -1.81132
370 -1.82222
371 -1.92913
372 -2.1875
373 -1.8
374 -1.81481
375 -1.91781
376 -2.22917
377 -1.87356
378 -1.85714
379 -1.93939
380 -2.375
381 -1.99038
382 -1.93056
383 -1.9837
384 0
385 -1.66667
386 -1.78571
387 -1.92308
388 -1.94737
389 -1.72222
390 -1.79775
391 -1.91935
392 -2.11111
393 -1.83333
394 -1.85185
395 -1.94444
396 -2.30189
397 -1.96667
398 -1.92913
399 -1.9878
400 -2
401 -1.67391
402 -1.78571
403 -1.92623
404 -1.92308
405 -1.72308
406 -1.79808
407 -1.92308
408 -2.09091
409 -1.83333
410 -1.85484
411 -1.95122
412 -2.29032
413 -1.97087
414 -1.9375
415 -2
416 -2.21429
417 -1.71429
418 -1.78571
419 -1.91429
420 -2
421 -1.73684
422 -1.78992
423 -1.90741
424 -2.11538
425 -1.83333
426 -1.84286
427 -1.93478
428 -2.29577
429 -1.96552
430 -1.92547
431 -1.98544
432 -2.5
433 -1.77273
434 -1.78571
435 -1.89241
436 -2.125
437 -1.75862
438 -1.77612
439 -1.87845
440 -2.16667
441 -1.83333
442 -1.82051
443 -1.90196
444 -2.3125
445 -1.95349
446 -1.89888
447 -1.95154
448 -3
449 -1.58696
450 -1.68539
451 -1.81818
452 -1.875
453 -1.61765
454 -1.6875
455 -1.80769
456 -2
457 -1.72222
458 -1.74074
459 -1.83333
460 -2.18182
461 -1.85714
462 -1.82278
463 -1.88235
464 -2
465 -1.57895
466 -1.68269
467 -1.82119
468 -1.8125
469 -1.6125
470 -1.6875
471 -1.8125
472 -1.96296
473 -1.71845
474 -1.74342
475 -1.8408
476 -2.15789
477 -1.85714
478 -1.82955
479 -1.89381
480 -2.11765
481 -1.61765
482 -1.68908
483 -1.81765
484 -1.875
485 -1.63043
486 -1.6875
487 -1.80612
488 -1.98413
489 -1.72414
490 -1.73965
491 -1.83333
492 -2.16279
493 -1.85714
494 -1.82474
495 -1.8871
496 -2.375
497 -1.68354
498 -1.70149
499 -1.80952
500 -2
501 -1.66346
502 -1.6875
503 -1.79167
504 -2.04167
505 -1.73643
506 -1.73118
507 -1.81481
508 -2.1875
509 -1.85714
510 -1.81132
511 -1.86667
512 0
513 0
514 -1.75
515 -1.875
516 0
517 -1.68627
518 -1.7619
519 -1.87179
520 -2
521 -1.78571
522 -1.80769
523 -1.8913
524 -2.16667
525 -1.89888
526 -1.87097
527 -1.92453
528 0
529 -1.63636
530 -1.75
531 -1.87931
532 -1.81481
533 -1.6875
534 -1.76238
535 -1.87681
536 -1.97826
537 -1.78571
538 -1.81148
539 -1.9
540 -2.15385
541 -1.90385
542 -1.88112
543 -1.93956
544 -2
545 -1.67857
546 -1.75
547 -1.86765
548 -1.88889
549 -1.7013
550 -1.75424
551 -1.86164
552 -2
553 -1.78571
554 -1.8
555 -1.88462
556 -2.15789
557 -1.89916
558 -1.87037
559 -1.92683
560 -2.25
561 -1.73529
562 -1.75
563 -1.84615
564 -2
565 -1.72222
566 -1.74074
567 -1.83333
568 -2.04545
569 -1.78571
570 -1.77848
571 -1.85294
572 -2.17241
573 -1.88806
574 -1.8453
575 -1.89474
576 0
577 -1.62791
578 -1.7619
579 -1.896
580 -1.83333
581 -1.69697
582 -1.77778
583 -1.89333
584 -2.02174
585 -1.80899
586 -1.83333
587 -1.92
588 -2.20588
589 -1.9375
590 -1.91026
591 -1.965
592 -1.72727
593 -1.64286
594 -1.76238
595 -1.89726
596 -1.82353
597 -1.7
598 -1.77778
599 -1.89535
600 -2
601 -1.80769
602 -1.83444
603 -1.92424
604 -2.1875
605 -1.9375
606 -1.91477
607 -1.97321
608 -2
609 -1.69565
610 -1.77119
611 -1.89222
612 -1.90909
613 -1.7234
614 -1.77778
615 -1.8866
616 -2.02941
617 -1.81513
618 -1.82941
619 -1.91403
620 -2.19565
621 -1.9375
622 -1.90816
623 -1.96371
624 -2.27586
625 -1.76829
626 -1.78519
627 -1.88298
628 -2.03704
629 -1.75926
630 -1.77778
631 -1.87037
632 -2.08861
633 -1.82836
634 -1.82011
635 -1.89344
636 -2.22115
637 -1.9375
638 -1.89352
639 -1.94118
640 -2
641 -1.61111
642 -1.73077
643 -1.86364
644 -1.83333
645 -1.66667
646 -1.74242
647 -1.85792
648 -2
649 -1.77778
650 -1.8
651 -1.88679
652 -2.18293
653 -1.91111
654 -1.88298
655 -1.93776
656 -1.78571
657 -1.61765
658 -1.72951
659 -1.86364
660 -1.80488
661 -1.66667
662 -1.74172
663 -1.85922
664 -1.97059
665 -1.77419
666 -1.8
667 -1.88983
668 -2.15789
669 -1.90789
670 -1.88517
671 -1.94361
672 -2
673 -1.67073
674 -1.74286
675 -1.86364
676 -1.88462
677 -1.69369
678 -1.74706
679 -1.8559
680 -2
681 -1.78571
682 -1.8
683 -1.88462
684 -2.16667
685 -1.91124
686 -1.88261
687 -1.93814
688 -2.26471
689 -1.75
690 -1.76582
691 -1.86364
692 -2.01587
693 -1.7381
694 -1.75661
695 -1.84921
696 -2.06522
697 -1.80769
698 -1.8
699 -1.87324
700 -2.19835
701 -1.91935
702 -1.87649
703 -1.92405
704 -2.5
705 -1.58462
706 -1.67742
707 -1.80328
708 -1.83333
709 -1.61458
710 -1.67949
711 -1.79167
712 -1.95455
713 -1.71654
714 -1.73404
715 -1.81928
716 -2.125
717 -1.8481
718 -1.81818
719 -1.87234
720 -1.88235
721 -1.575
722 -1.67133
723 -1.80097
724 -1.77083
725 -1.60714
726 -1.67614
727 -1.79167
728 -1.91139
729 -1.70833
730 -1.73206
731 -1.82117
732 -2.09091
733 -1.84091
734 -1.81818
735 -1.87662
736 -2
737 -1.62105
738 -1.68519
739 -1.80349
740 -1.83333
741 -1.63281
742 -1.68367
743 -1.79167
744 -1.93478
745 -1.7205
746 -1.73478
747 -1.8194
748 -2.09677
749 -1.84536
750 -1.81818
751 -1.87425
752 -2.23077
753 -1.7
754 -1.71271
755 -1.80952
756 -1.95833
757 -1.68056
758 -1.69907
759 -1.79167
760 -2
761 -1.74719
762 -1.74104
763 -1.81481
764 -2.13043
765 -1.85849
766 -1.81818
767 -1.86667
768 0
769 -1.5
770 -1.625
771 -1.75
772 -1.66667
773 -1.55263
774 -1.632
775 -1.74138
776 -1.83333
777 -1.65385
778 -1.68182
779 -1.76471
780 -2
781 -1.77273
782 -1.7541
783 -1.80769
784 -1.5
785 -1.5
786 -1.62069
787 -1.75
788 -1.625
789 -1.54839
790 -1.63014
791 -1.74372
792 -1.79412
793 -1.64754
794 -1.68182
795 -1.76957
796 -1.96875
797 -1.76821
798 -1.75728
799 -1.81609
800 -1.75
801 -1.55
802 -1.63235
803 -1.75
804 -1.69811
805 -1.57273
806 -1.63473
807 -1.74107
808 -1.81707
809 -1.65714
810 -1.68182
811 -1.76562
812 -1.97297
813 -1.77059
814 -1.75546
815 -1.8125
816 -2
817 -1.625
818 -1.65385
819 -1.75
820 -1.81818
821 -1.61417
822 -1.64362
823 -1.73494
824 -1.875
825 -1.67722
826 -1.68182
827 -1.75532
828 -2
829 -1.77778
830 -1.75
831 -1.8
832 -1
833 -1.5
834 -1.64103
835 -1.77586
836 -1.64706
837 -1.56522
838 -1.65333
839 -1.76923
840 -1.84615
841 -1.67742
842 -1.71038
843 -1.79752
844 -2.03125
845 -1.80769
846 -1.79167
847 -1.84783
848 -1.4375
849 -1.50649
850 -1.63768
851 -1.77387
852 -1.625
853 -1.56364
854 -1.65116
855 -1.76923
856 -1.8125
857 -1.67133
858 -1.70874
859 -1.79926
860 -2
861 -1.80114
862 -1.79167
863 -1.85197
864 -1.72414
865 -1.56383
866 -1.65409
867 -1.77679
868 -1.70968
869 -1.59375
870 -1.65979
871 -1.76923
872 -1.84211
873 -1.68519
874 -1.71179
875 -1.7973
876 -2.00781
877 -1.80612
878 -1.79167
879 -1.8494
880 -2
881 -1.64865
882 -1.68333
883 -1.78313
884 -1.84211
885 -1.64384
886 -1.67593
887 -1.76923
888 -1.90909
889 -1.71271
890 -1.71825
891 -1.79257
892 -2.04167
893 -1.81944
894 -1.79167
895 -1.84167
896 -1.5
897 -1.5
898 -1.63043
899 -1.76471
900 -1.65854
901 -1.55556
902 -1.64
903 -1.7562
904 -1.84211
905 -1.66667
906 -1.69811
907 -1.78571
908 -2.02703
909 -1.8
910 -1.78313
911 -1.83962
912 -1.5
913 -1.5
914 -1.625
915 -1.76087
916 -1.625
917 -1.55118
918 -1.63636
919 -1.75465
920 -1.80435
921 -1.65854
922 -1.69492
923 -1.78571
924 -1.99219
925 -1.79104
926 -1.78102
927 -1.8415
928 -1.73529
929 -1.55556
930 -1.64286
931 -1.76562
932 -1.70423
933 -1.58219
934 -1.64706
935 -1.75676
936 -1.83333
937 -1.67391
938 -1.7
939 -1.78571
940 -2
941 -1.7973
942 -1.78261
943 -1.84043
944 -2
945 -1.64286
946 -1.67647
947 -1.7766
948 -1.83721
949 -1.63636
950 -1.66803
951 -1.76161
952 -1.90323
953 -1.70588
954 -1.71127
955 -1.78571
956 -2.03704
957 -1.81481
958 -1.78704
959 -1.83704
960 -2
961 -1.5
962 -1.60377
963 -1.73077
964 -1.6875
965 -1.53226
966 -1.605
967 -1.71739
968 -1.82759
969 -1.63415
970 -1.65975
971 -1.74528
972 -2
973 -1.76471
974 -1.74468
975 -1.8
976 -1.625
977 -1.48544
978 -1.59341
979 -1.72414
980 -1.625
981 -1.52083
982 -1.59821
983 -1.71382
984 -1.77885
985 -1.62162
986 -1.65414
987 -1.74352
988 -1.95833
989 -1.75221
990 -1.74026
991 -1.8
992 -1.76923
993 -1.53279
994 -1.60976
995 -1.72917
996 -1.6875
997 -1.54878
998 -1.60887
999 -1.71687
1000 -1.80165
1001 -1.63592
1002 -1.65979
1003 -1.74468
1004 -1.96296
1005 -1.75806
1006 -1.74251
1007 -1.8
1008 -2
1009 -1.61702
1010 -1.64474
1011 -1.74286
1012 -1.8125
1013 -1.60326
1014 -1.63235
1015 -1.725
1016 -1.86957
1017 -1.6696
1018 -1.67405
1019 -1.74815
1020 -2
1021 -1.77778
1022 -1.75
1023 -1.8
1024 0
1025 0
1026 0
1027 -1.8
1028 0
1029 0
1030 -1.70588
1031 -1.79787
1032 0
1033 -1.71186
1034 -1.73256
1035 -1.80531
1036 -2
1037 -1.78947
1038 -1.76923
1039 -1.81818
1040 0
1041 0
1042 -1.70149
1043 -1.8125
1044 0
1045 -1.64286
1046 -1.7093
1047 -1.81034
1048 -1.86047
1049 -1.71622
1050 -1.74286
1051 -1.82353
1052 -2
1053 -1.80435
1054 -1.79032
1055 -1.84615
1056 0
1057 -1.62745
1058 -1.69048
1059 -1.79487
1060 -1.77778
1061 -1.64286
1062 -1.69231
1063 -1.78986
1064 -1.87037
1065 -1.70787
1066 -1.72581
1067 -1.80503
1068 -2
1069 -1.7963
1070 -1.77778
1071 -1.83333
1072 -2
1073 -1.65625
1074 -1.67327
1075 -1.76087
1076 -1.84783
1077 -1.64286
1078 -1.66393
1079 -1.75
1080 -1.89231
1081 -1.69231
1082 -1.69231
1083 -1.76374
1084 -2
1085 -1.77419
1086 -1.7439
1087 -1.79412
1088 0
1089 0
1090 -1.72222
1091 -1.83962
1092 0
1093 -1.66102
1094 -1.73404
1095 -1.83721
1096 -1.90909
1097 -1.75
1098 -1.77586
1099 -1.85526
1100 -2.0625
1101 -1.85149
1102 -1.83333
1103 -1.88571
1104 0
1105 -1.61538
1106 -1.72222
1107 -1.84375
1108 -1.74286
1109 -1.66216
1110 -1.73451
1111 -1.84211
1112 -1.89286
1113 -1.75
1114 -1.77941
1115 -1.86364
1116 -2.05195
1117 -1.85593
1118 -1.84277
1119 -1.9
1120 -1.83333
1121 -1.65152
1122 -1.72222
1123 -1.83333
1124 -1.80435
1125 -1.67416
1126 -1.72727
1127 -1.82857
1128 -1.91176
1129 -1.75
1130 -1.76923
1131 -1.85
1132 -2.05556
1133 -1.85185
1134 -1.83333
1135 -1.88889
1136 -2.02941
1137 -1.7
1138 -1.72222
1139 -1.81395
1140 -1.89474
1141 -1.69231
1142 -1.71523
1143 -1.80303
1144 -1.95
1145 -1.75
1146 -1.75
1147 -1.82143
1148 -2.06796
1149 -1.84211
1150 -1.81095
1151 -1.86
1152 0
1153 -1.58824
1154 -1.69149
1155 -1.81022
1156 -1.75
1157 -1.63158
1158 -1.7
1159 -1.80488
1160 -1.89286
1161 -1.72277
1162 -1.74658
1163 -1.82723
1164 -2.05
1165 -1.83333
1166 -1.81395
1167 -1.86697
1168 -1.68421
1169 -1.59091
1170 -1.69027
1171 -1.8125
1172 -1.72727
1173 -1.63043
1174 -1.7
1175 -1.80851
1176 -1.86957
1177 -1.72034
1178 -1.7485
1179 -1.83333
1180 -2.03191
1181 -1.83333
1182 -1.81959
1183 -1.87705
1184 -1.83333
1185 -1.62963
1186 -1.69697
1187 -1.80874
1188 -1.78571
1189 -1.64815
1190 -1.7
1191 -1.80189
1192 -1.89024
1193 -1.72593
1194 -1.74468
1195 -1.82573
1196 -2.03704
1197 -1.83333
1198 -1.81481
1199 -1.87037
1200 -2.02439
1201 -1.6875
1202 -1.70861
1203 -1.80097
1204 -1.88235
1205 -1.67742
1206 -1.7
1207 -1.78814
1208 -1.93684
1209 -1.73684
1210 -1.73684
1211 -1.80827
1212 -2.05738
1213 -1.83333
1214 -1.80252
1215 -1.85135
1216 -2
1217 -1.5625
1218 -1.63793
1219 -1.75
1220 -1.75
1221 -1.58065
1222 -1.63699
1223 -1.73869
1224 -1.85294
1225 -1.66393
1226 -1.68182
1227 -1.76087
1228 -2
1229 -1.77483
1230 -1.75243
1231 -1.8046
1232 -1.75
1233 -1.55
1234 -1.63235
1235 -1.75
1236 -1.69811
1237 -1.57273
1238 -1.63473
1239 -1.74107
1240 -1.81707
1241 -1.65714
1242 -1.68182
1243 -1.76562
1244 -1.97297
1245 -1.77059
1246 -1.75546
1247 -1.8125
1248 -1.83333
1249 -1.58333
1250 -1.64103
1251 -1.75
1252 -1.74242
1253 -1.59055
1254 -1.6383
1255 -1.73896
1256 -1.83333
1257 -1.66456
1258 -1.68182
1259 -1.76241
1260 -1.97619
1261 -1.77249
1262 -1.75397
1263 -1.80952
1264 -2
1265 -1.64286
1266 -1.65909
1267 -1.75
1268 -1.83544
1269 -1.625
1270 -1.64593
1271 -1.73358
1272 -1.88182
1273 -1.68182
1274 -1.68182
1275 -1.75325
1276 -2
1277 -1.77885
1278 -1.74909
1279 -1.79825
1280 0
1281 0
1282 -1.75904
1283 -1.87097
1284 0
1285 -1.70588
1286 -1.77273
1287 -1.86842
1288 -1.96078
1289 -1.79787
1290 -1.81752
1291 -1.88889
1292 -2.10526
1293 -1.9
1294 -1.87805
1295 -1.92308
1296 0
1297 -1.66102
1298 -1.75962
1299 -1.87248
1300 -1.8
1301 -1.7093
1302 -1.77273
1303 -1.87079
1304 -1.93939
1305 -1.79646
1306 -1.81875
1307 -1.89372
1308 -2.08696
1309 -1.9
1310 -1.88298
1311 -1.9322
1312 -1.92593
1313 -1.71053
1314 -1.768
1315 -1.86782
1316 -1.87037
1317 -1.73077
1318 -1.77273
1319 -1.86275
1320 -1.96296
1321 -1.80303
1322 -1.81421
1323 -1.88462
1324 -2.09259
1325 -1.9
1326 -1.87736
1327 -1.92424
1328 -2.125
1329 -1.77419
1330 -1.78082
1331 -1.8593
1332 -1.97059
1333 -1.7623
1334 -1.77273
1335 -1.84783
1336 -2.01042
1337 -1.81457
1338 -1.80583
1339 -1.8659
1340 -2.1129
1341 -1.9
1342 -1.86441
1343 -1.90411
1344 0
1345 -1.64286
1346 -1.76415
1347 -1.88462
1348 -1.8
1349 -1.7093
1350 -1.78102
1351 -1.88298
1352 -1.96875
1353 -1.81034
1354 -1.83333
1355 -1.90909
1356 -2.12903
1357 -1.92466
1358 -1.90452
1359 -1.95238
1360 -1.7
1361 -1.66216
1362 -1.76562
1363 -1.88462
1364 -1.8
1365 -1.71429
1366 -1.78125
1367 -1.88372
1368 -1.95
1369 -1.80882
1370 -1.83333
1371 -1.91129
1372 -2.10909
1373 -1.92216
1374 -1.90625
1375 -1.9573
1376 -1.91176
1377 -1.71739
1378 -1.78
1379 -1.88462
1380 -1.87692
1381 -1.74194
1382 -1.78689
1383 -1.88017
1384 -1.97917
1385 -1.82051
1386 -1.83333
1387 -1.9058
1388 -2.11811
1389 -1.92553
1390 -1.90361
1391 -1.95161
1392 -2.125
1393 -1.79091
1394 -1.80233
1395 -1.88462
1396 -1.9875
1397 -1.78322
1398 -1.79612
1399 -1.87361
1400 -2.03571
1401 -1.84091
1402 -1.83333
1403 -1.89474
1404 -2.14583
1405 -1.93301
1406 -1.89781
1407 -1.93805
1408 -1.81818
1409 -1.64286
1410 -1.74419
1411 -1.8617
1412 -1.81818
1413 -1.69231
1414 -1.7561
1415 -1.85714
1416 -1.96104
1417 -1.78986
1418 -1.80905
1419 -1.88462
1420 -2.11818
1421 -1.90698
1422 -1.88462
1423 -1.93243
1424 -1.76923
1425 -1.65169
1426 -1.74342
1427 -1.86047
1428 -1.8
1429 -1.69355
1430 -1.75532
1431 -1.85714
1432 -1.93617
1433 -1.78616
1434 -1.80804
1435 -1.88581
1436 -2.09375
1437 -1.90206
1438 -1.88462
1439 -1.93558
1440 -1.92683
1441 -1.7037
1442 -1.76
1443 -1.86364
1444 -1.86842
1445 -1.72222
1446 -1.76415
1447 -1.85714
1448 -1.96396
1449 -1.8
1450 -1.81124
1451 -1.88365
1452 -2.10274
1453 -1.90741
1454 -1.88462
1455 -1.93258
1456 -2.125
1457 -1.77953
1458 -1.78788
1459 -1.86989
1460 -1.97826
1461 -1.76829
1462 -1.77966
1463 -1.85714
1464 -2.02344
1465 -1.82587
1466 -1.81752
1467 -1.87896
1468 -2.13415
1469 -1.92017
1470 -1.88462
1471 -1.92487
1472 -2.125
1473 -1.64286
1474 -1.71053
1475 -1.81818
1476 -1.84906
1477 -1.66393
1478 -1.71204
1479 -1.80769
1480 -1.94444
1481 -1.75
1482 -1.76087
1483 -1.83333
1484 -2.08661
1485 -1.86364
1486 -1.83643
1487 -1.88235
1488 -1.875
1489 -1.63462
1490 -1.70455
1491 -1.81452
1492 -1.8
1493 -1.65734
1494 -1.70833
1495 -1.80623
1496 -1.90741
1497 -1.74176
1498 -1.75781
1499 -1.83333
1500 -2.05479
1501 -1.8552
1502 -1.83446
1503 -1.8841
1504 -1.95833
1505 -1.67742
1506 -1.72
1507 -1.81884
1508 -1.85057
1509 -1.68293
1510 -1.71784
1511 -1.80818
1512 -1.92857
1513 -1.7549
1514 -1.76241
1515 -1.83333
1516 -2.06061
1517 -1.86066
1518 -1.83591
1519 -1.88308
1520 -2.125
1521 -1.75
1522 -1.75
1523 -1.82895
1524 -1.95192
1525 -1.72973
1526 -1.73684
1527 -1.81268
1528 -1.98611
1529 -1.78319
1530 -1.77273
1531 -1.83333
1532 -2.09239
1533 -1.8764
1534 -1.84
1535 -1.87991
1536 0
1537 -1.61017
1538 -1.72414
1539 -1.83815
1540 -1.77778
1541 -1.67021
1542 -1.73684
1543 -1.83333
1544 -1.92857
1545 -1.76744
1546 -1.78723
1547 -1.8583
1548 -2.07692
1549 -1.87805
1550 -1.85714
1551 -1.90141
1552 -1.68421
1553 -1.625
1554 -1.7234
1555 -1.83663
1556 -1.75926
1557 -1.67241
1558 -1.73595
1559 -1.83333
1560 -1.89888
1561 -1.76316
1562 -1.78605
1563 -1.85971
1564 -2.04839
1565 -1.87234
1566 -1.85714
1567 -1.90506
1568 -1.88889
1569 -1.68317
1570 -1.74096
1571 -1.83983
1572 -1.83333
1573 -1.7029
1574 -1.7451
1575 -1.83333
1576 -1.92593
1577 -1.77714
1578 -1.78926
1579 -1.8576
1580 -2.05556
1581 -1.87736
1582 -1.85714
1583 -1.9023
1584 -2.09434
1585 -1.7623
1586 -1.76963
1587 -1.84615
1588 -1.94444
1589 -1.75
1590 -1.76087
1591 -1.83333
1592 -1.98425
1593 -1.80303
1594 -1.79554
1595 -1.85294
1596 -2.08537
1597 -1.88983
1598 -1.85714
1599 -1.89474
1600 -1.5
1601 -1.60811
1602 -1.72857
1603 -1.84951
1604 -1.76087
1605 -1.67257
1606 -1.74444
1607 -1.84615
1608 -1.92857
1609 -1.77632
1610 -1.8
1611 -1.875
1612 -2.09016
1613 -1.89529
1614 -1.87692
1615 -1.92401
1616 -1.65385
1617 -1.625
1618 -1.72892
1619 -1.84746
1620 -1.75385
1621 -1.67647
1622 -1.74396
1623 -1.84532
1624 -1.90385
1625 -1.77273
1626 -1.79839
1627 -1.875
1628 -2.06294
1629 -1.88889
1630 -1.87543
1631 -1.92541
1632 -1.86364
1633 -1.68644
1634 -1.75
1635 -1.85338
1636 -1.83333
1637 -1.71069
1638 -1.75641
1639 -1.8479
1640 -1.93548
1641 -1.79
1642 -1.80435
1643 -1.875
1644 -2.07317
1645 -1.89627
1646 -1.87736
1647 -1.92405
1648 -2.08065
1649 -1.77143
1650 -1.7844
1651 -1.86486
1652 -1.95146
1653 -1.76374
1654 -1.77778
1655 -1.85294
1656 -2
1657 -1.82143
1658 -1.81579
1659 -1.875
1660 -2.10811
1661 -1.91353
1662 -1.88184
1663 -1.92056
1664 -1.78571
1665 -1.61798
1666 -1.71951
1667 -1.83682
1668 -1.78571
1669 -1.66667
1670 -1.73077
1671 -1.83099
1672 -1.92857
1673 -1.76571
1674 -1.78571
1675 -1.86018
1676 -2.08571
1677 -1.88532
1678 -1.86486
1679 -1.91176
1680 -1.72727
1681 -1.625
1682 -1.71728
1683 -1.83333
1684 -1.76316
1685 -1.66667
1686 -1.72881
1687 -1.82911
1688 -1.89916
1689 -1.76
1690 -1.78292
1691 -1.85912
1692 -2.05556
1693 -1.87705
1694 -1.86196
1695 -1.91176
1696 -1.88462
1697 -1.68148
1698 -1.73853
1699 -1.84053
1700 -1.83333
1701 -1.7
1702 -1.74242
1703 -1.83333
1704 -1.92857
1705 -1.77778
1706 -1.79032
1707 -1.86076
1708 -2.06522
1709 -1.88519
1710 -1.86517
1711 -1.91176
1712 -2.08451
1713 -1.76582
1714 -1.77551
1715 -1.85542
1716 -1.94828
1717 -1.7549
1718 -1.76712
1719 -1.84211
1720 -1.99379
1721 -1.812
1722 -1.80531
1723 -1.86449
1724 -2.10194
1725 -1.90541
1726 -1.87306
1727 -1.91176
1728 -2.1
1729 -1.63462
1730 -1.70213
1731 -1.80882
1732 -1.83333
1733 -1.65563
1734 -1.70339
1735 -1.79751
1736 -1.92857
1737 -1.74242
1738 -1.75352
1739 -1.82432
1740 -2.06962
1741 -1.85714
1742 -1.83133
1743 -1.87589
1744 -1.85
1745 -1.625
1746 -1.69444
1747 -1.80263
1748 -1.78161
1749 -1.64773
1750 -1.69811
1751 -1.79379
1752 -1.88806
1753 -1.73214
1754 -1.74841
1755 -1.82178
1756 -2.03315
1757 -1.84559
1758 -1.82645
1759 -1.87445
1760 -1.93333
1761 -1.67105
1762 -1.71311
1763 -1.80952
1764 -1.83333
1765 -1.67662
1766 -1.71088
1767 -1.79845
1768 -1.91026
1769 -1.748
1770 -1.75581
1771 -1.8242
1772 -2.03922
1773 -1.85284
1774 -1.82995
1775 -1.87526
1776 -2.1
1777 -1.75
1778 -1.75
1779 -1.82609
1780 -1.93798
1781 -1.73009
1782 -1.73684
1783 -1.80952
1784 -1.97191
1785 -1.78261
1786 -1.77273
1787 -1.83051
1788 -2.07489
1789 -1.87423
1790 -1.84
1791 -1.87786
1792 -2
1793 -1.55263
1794 -1.65772
1795 -1.77027
1796 -1.71739
1797 -1.6
1798 -1.66495
1799 -1.76119
1800 -1.85393
1801 -1.69512
1802 -1.71548
1803 -1.78662
1804 -2
1805 -1.80769
1806 -1.78873
1807 -1.83333
1808 -1.625
1809 -1.55446
1810 -1.65169
1811 -1.76471
1812 -1.67647
1813 -1.59589
1814 -1.66071
1815 -1.75828
1816 -1.8125
1817 -1.68586
1818 -1.71111
1819 -1.7851
1820 -1.96154
1821 -1.79661
1822 -1.78481
1823 -1.83333
1824 -1.8
1825 -1.61111
1826 -1.6715
1827 -1.77083
1828 -1.74444
1829 -1.62791
1830 -1.67323
1831 -1.7619
1832 -1.83704
1833 -1.70183
1834 -1.71761
1835 -1.78646
1836 -1.96667
1837 -1.80303
1838 -1.78736
1839 -1.83333
1840 -2
1841 -1.69536
1842 -1.70763
1843 -1.78505
1844 -1.85714
1845 -1.68182
1846 -1.69718
1847 -1.77027
1848 -1.89873
1849 -1.73469
1850 -1.73193
1851 -1.78998
1852 -2
1853 -1.82192
1854 -1.79474
1855 -1.83333
1856 -1.5
1857 -1.54348
1858 -1.66092
1859 -1.78125
1860 -1.68421
1861 -1.6
1862 -1.67265
1863 -1.77451
1864 -1.84615
1865 -1.70213
1866 -1.72794
1867 -1.80337
1868 -2.00662
1869 -1.82203
1870 -1.80685
1871 -1.85468
1872 -1.5625
1873 -1.55085
1874 -1.65686
1875 -1.77586
1876 -1.6625
1877 -1.5988
1878 -1.66929
1879 -1.77126
1880 -1.8125
1881 -1.69444
1882 -1.72368
1883 -1.80102
1884 -1.97159
1885 -1.81132
1886 -1.80226
1887 -1.85327
1888 -1.75926
1889 -1.61111
1890 -1.67949
1891 -1.78395
1892 -1.73786
1893 -1.63402
1894 -1.68421
1895 -1.7766
1896 -1.84211
1897 -1.71311
1898 -1.73214
1899 -1.80374
1900 -1.9801
1901 -1.81973
1902 -1.8062
1903 -1.85417
1904 -1.97368
1905 -1.7
1906 -1.7197
1907 -1.80168
1908 -1.85714
1909 -1.69231
1910 -1.71203
1911 -1.78832
1912 -1.90909
1913 -1.75
1914 -1.75
1915 -1.81034
1916 -2.0177
1917 -1.84211
1918 -1.81667
1919 -1.85687
1920 -1.70588
1921 -1.55556
1922 -1.65829
1923 -1.77586
1924 -1.70588
1925 -1.6
1926 -1.66667
1927 -1.76744
1928 -1.84874
1929 -1.69811
1930 -1.72131
1931 -1.79648
1932 -2.00588
1933 -1.81818
1934 -1.80168
1935 -1.84956
1936 -1.625
1937 -1.55556
1938 -1.65217
1939 -1.76923
1940 -1.67391
1941 -1.59574
1942 -1.66197
1943 -1.76316
1944 -1.8125
1945 -1.6888
1946 -1.71598
1947 -1.7931
1948 -1.96939
1949 -1.80612
1950 -1.79592
1951 -1.84694
1952 -1.77778
1953 -1.61111
1954 -1.67433
1955 -1.77778
1956 -1.74138
1957 -1.62963
1958 -1.67722
1959 -1.76923
1960 -1.84024
1961 -1.70741
1962 -1.72507
1963 -1.79661
1964 -1.97748
1965 -1.81481
1966 -1.80047
1967 -1.84848
1968 -1.97674
1969 -1.69841
1970 -1.71575
1971 -1.79747
1972 -1.85714
1973 -1.68852
1974 -1.7069
1975 -1.78319
1976 -1.90722
1977 -1.74582
1978 -1.74505
1979 -1.8055
1980 -2.01613
1981 -1.83898
1982 -1.81304
1983 -1.85336
1984 -2
1985 -1.58065
1986 -1.65179
1987 -1.75926
1988 -1.75949
1989 -1.6
1990 -1.65125
1991 -1.74607
1992 -1.85821
1993 -1.68644
1994 -1.70118
1995 -1.77273
1996 -2
1997 -1.80137
1998 -1.77975
1999 -1.8253
2000 -1.75
2001 -1.56579
2002 -1.64062
2003 -1.75
2004 -1.70192
2005 -1.58852
2006 -1.64331
2007 -1.73986
2008 -1.8125
2009 -1.67293
2010 -1.69355
2011 -1.76778
2012 -1.95833
2013 -1.78638
2014 -1.77209
2015 -1.82123
2016 -1.83333
2017 -1.61111
2018 -1.65972
2019 -1.75758
2020 -1.75194
2021 -1.61765
2022 -1.65706
2023 -1.74561
2024 -1.83333
2025 -1.68919
2026 -1.70197
2027 -1.77132
2028 -1.96296
2029 -1.79379
2030 -1.77634
2031 -1.82292
2032 -2
2033 -1.69231
2034 -1.7
2035 -1.77778
2036 -1.85714
2037 -1.67416
2038 -1.68684
2039 -1.76065
2040 -1.89623
2041 -1.72699
2042 -1.72273
2043 -1.78159
2044 -2
2045 -1.81818
2046 -1.79
2047 -1.82927
2048 0
2049 0
2050 -1.6
2051 -1.7
2052 0
2053 -1.54217
2054 -1.60448
2055 -1.69189
2056 -1.75
2057 -1.62069
2058 -1.64286
2059 -1.70909
2060 -1.875
2061 -1.71141
2062 -1.69802
2063 -1.74118
2064 0
2065 -1.5
2066 -1.59524
2067 -1.7
2068 -1.58824
2069 -1.53774
2070 -1.60248
2071 -1.69444
2072 -1.71429
2073 -1.61429
2074 -1.64286
2075 -1.71429
2076 -1.84615
2077 -1.7069
2078 -1.7013
2079 -1.75
2080 -1.66667
2081 -1.54255
2082 -1.60526
2083 -1.7
2084 -1.64286
2085 -1.55814
2086 -1.60638
2087 -1.69231
2088 -1.73077
2089 -1.62195
2090 -1.64286
2091 -1.71127
2092 -1.84783
2093 -1.70854
2094 -1.7
2095 -1.74766
2096 -1.83333
2097 -1.60345
2098 -1.6236
2099 -1.7
2100 -1.73034
2101 -1.59211
2102 -1.61395
2103 -1.68705
2104 -1.77419
2105 -1.6383
2106 -1.64286
2107 -1.70253
2108 -1.86792
2109 -1.71429
2110 -1.6955
2111 -1.73729
2112 0
2113 -1.49254
2114 -1.61111
2115 -1.72432
2116 -1.59091
2117 -1.54808
2118 -1.62195
2119 -1.71875
2120 -1.75
2121 -1.6383
2122 -1.66832
2123 -1.74144
2124 -1.89655
2125 -1.74157
2126 -1.73333
2127 -1.78146
2128 -1.44444
2129 -1.5
2130 -1.60784
2131 -1.72222
2132 -1.57812
2133 -1.54688
2134 -1.61979
2135 -1.71875
2136 -1.72277
2137 -1.63253
2138 -1.66667
2139 -1.74324
2140 -1.86957
2141 -1.73529
2142 -1.73333
2143 -1.78571
2144 -1.63043
2145 -1.54867
2146 -1.62222
2147 -1.7247
2148 -1.64286
2149 -1.57237
2150 -1.62727
2151 -1.71875
2152 -1.7459
2153 -1.64398
2154 -1.66923
2155 -1.74164
2156 -1.875
2157 -1.73913
2158 -1.73333
2159 -1.78378
2160 -1.81538
2161 -1.61765
2162 -1.64734
2163 -1.73022
2164 -1.74038
2165 -1.61364
2166 -1.64113
2167 -1.71875
2168 -1.7972
2169 -1.66667
2170 -1.67474
2171 -1.73757
2172 -1.9011
2173 -1.75
2174 -1.73333
2175 -1.77723
2176 -1.5
2177 -1.5
2178 -1.60526
2179 -1.71818
2180 -1.60714
2181 -1.544
2182 -1.6134
2183 -1.71103
2184 -1.75
2185 -1.63253
2186 -1.66102
2187 -1.73529
2188 -1.89706
2189 -1.73913
2190 -1.73022
2191 -1.77937
2192 -1.5
2193 -1.5
2194 -1.6
2195 -1.71429
2196 -1.58442
2197 -1.54
2198 -1.60987
2199 -1.70946
2200 -1.72034
2201 -1.625
2202 -1.65789
2203 -1.73529
2204 -1.86792
2205 -1.73077
2206 -1.72816
2207 -1.78125
2208 -1.64286
2209 -1.54545
2210 -1.61538
2211 -1.71831
2212 -1.64286
2213 -1.56571
2214 -1.61905
2215 -1.71125
2216 -1.74286
2217 -1.63761
2218 -1.66216
2219 -1.73529
2220 -1.87363
2221 -1.73563
2222 -1.72941
2223 -1.78043
2224 -1.81579
2225 -1.61538
2226 -1.64407
2227 -1.72785
2228 -1.7395
2229 -1.61
2230 -1.63701
2231 -1.71547
2232 -1.7963
2233 -1.66393
2234 -1.67178
2235 -1.73529
2236 -1.90244
2237 -1.75
2238 -1.73315
2239 -1.77753
2240 -1.75
2241 -1.51485
2242 -1.58989
2243 -1.69412
2244 -1.64706
2245 -1.53425
2246 -1.58929
2247 -1.68212
2248 -1.75
2249 -1.61257
2250 -1.63333
2251 -1.70487
2252 -1.88462
2253 -1.7161
2254 -1.70253
2255 -1.75
2256 -1.6
2257 -1.5
2258 -1.57971
2259 -1.6875
2260 -1.6
2261 -1.52326
2262 -1.58268
2263 -1.67857
2264 -1.71111
2265 -1.60092
2266 -1.62791
2267 -1.70312
2268 -1.85
2269 -1.70455
2270 -1.69828
2271 -1.75
2272 -1.68182
2273 -1.53642
2274 -1.59322
2275 -1.69159
2276 -1.64286
2277 -1.54545
2278 -1.59155
2279 -1.68108
2280 -1.72785
2281 -1.61224
2282 -1.63253
2283 -1.70406
2284 -1.85294
2285 -1.7089
2286 -1.7
2287 -1.75
2288 -1.82759
2289 -1.60227
2290 -1.62264
2291 -1.70339
2292 -1.73134
2293 -1.58929
2294 -1.61146
2295 -1.68812
2296 -1.77901
2297 -1.63971
2298 -1.64463
2299 -1.70705
2300 -1.88158
2301 -1.725
2302 -1.70631
2303 -1.75
2304 0
2305 -1.52941
2306 -1.64925
2307 -1.76
2308 -1.65116
2309 -1.59091
2310 -1.66102
2311 -1.7541
2312 -1.80952
2313 -1.68421
2314 -1.70909
2315 -1.77778
2316 -1.952
2317 -1.78866
2318 -1.77567
2319 -1.81928
2320 -1.5
2321 -1.54255
2322 -1.64634
2323 -1.75641
2324 -1.63636
2325 -1.59124
2326 -1.65865
2327 -1.75269
2328 -1.77778
2329 -1.67778
2330 -1.70635
2331 -1.77778
2332 -1.92
2333 -1.78027
2334 -1.77365
2335 -1.82114
2336 -1.71739
2337 -1.6
2338 -1.66495
2339 -1.76119
2340 -1.70787
2341 -1.62195
2342 -1.66946
2343 -1.75478
2344 -1.80303
2345 -1.69231
2346 -1.71127
2347 -1.77778
2348 -1.92571
2349 -1.78571
2350 -1.77508
2351 -1.8202
2352 -1.91176
2353 -1.67808
2354 -1.69643
2355 -1.77152
2356 -1.8125
2357 -1.67016
2358 -1.68889
2359 -1.75931
2360 -1.85897
2361 -1.72034
2362 -1.72152
2363 -1.77778
2364 -1.955
2365 -1.80071
2366 -1.77901
2367 -1.81716
2368 -1.18182
2369 -1.52326
2370 -1.65217
2371 -1.77119
2372 -1.625
2373 -1.59091
2374 -1.66827
2375 -1.76761
2376 -1.80198
2377 -1.69101
2378 -1.72157
2379 -1.79518
2380 -1.9589
2381 -1.80357
2382 -1.7947
2383 -1.84211
2384 -1.47059
2385 -1.53982
2386 -1.65104
2387 -1.76753
2388 -1.625
2389 -1.59375
2390 -1.66667
2391 -1.76562
2392 -1.77778
2393 -1.68599
2394 -1.71875
2395 -1.79404
2396 -1.93023
2397 -1.79528
2398 -1.79167
2399 -1.84211
2400 -1.68421
2401 -1.6
2402 -1.67265
2403 -1.77451
2404 -1.70192
2405 -1.62766
2406 -1.68015
2407 -1.76966
2408 -1.80795
2409 -1.70339
2410 -1.72586
2411 -1.79557
2412 -1.93939
2413 -1.80282
2414 -1.79459
2415 -1.84211
2416 -1.8875
2417 -1.68263
2418 -1.70866
2419 -1.78886
2420 -1.8125
2421 -1.68056
2422 -1.70395
2423 -1.77806
2424 -1.86932
2425 -1.73585
2426 -1.74011
2427 -1.7991
2428 -1.97321
2429 -1.82166
2430 -1.80198
2431 -1.84211
2432 -1.5
2433 -1.53846
2434 -1.64894
2435 -1.76471
2436 -1.65217
2437 -1.59091
2438 -1.66109
2439 -1.75926
2440 -1.80508
2441 -1.68627
2442 -1.71379
2443 -1.78723
2444 -1.95808
2445 -1.79921
2446 -1.78886
2447 -1.83645
2448 -1.54545
2449 -1.54545
2450 -1.64545
2451 -1.75974
2452 -1.6383
2453 -1.59016
2454 -1.65809
2455 -1.75623
2456 -1.77778
2457 -1.67949
2458 -1.70988
2459 -1.78502
2460 -1.92784
2461 -1.78947
2462 -1.78457
2463 -1.83512
2464 -1.70588
2465 -1.6
2466 -1.66667
2467 -1.76744
2468 -1.70588
2469 -1.62264
2470 -1.67213
2471 -1.76131
2472 -1.80588
2473 -1.69697
2474 -1.71788
2475 -1.78761
2476 -1.93665
2477 -1.79747
2478 -1.78832
2479 -1.83597
2480 -1.8913
2481 -1.68085
2482 -1.70423
2483 -1.78421
2484 -1.8125
2485 -1.67635
2486 -1.69822
2487 -1.77241
2488 -1.86735
2489 -1.73129
2490 -1.73469
2491 -1.79388
2492 -1.97177
2493 -1.81844
2494 -1.79821
2495 -1.83853
2496 -1.7931
2497 -1.56557
2498 -1.64186
2499 -1.74675
2500 -1.70732
2501 -1.59091
2502 -1.64444
2503 -1.73626
2504 -1.81481
2505 -1.67391
2506 -1.69231
2507 -1.7619
2508 -1.95213
2509 -1.78169
2510 -1.76579
2511 -1.81092
2512 -1.66667
2513 -1.55629
2514 -1.63306
2515 -1.73913
2516 -1.66667
2517 -1.58252
2518 -1.63816
2519 -1.73134
2520 -1.77778
2521 -1.66284
2522 -1.68611
2523 -1.75817
2524 -1.91667
2525 -1.76899
2526 -1.75962
2527 -1.80814
2528 -1.75949
2529 -1.6
2530 -1.65125
2531 -1.74607
2532 -1.71642
2533 -1.61017
2534 -1.65089
2535 -1.73636
2536 -1.79894
2537 -1.67808
2538 -1.69367
2539 -1.76104
2540 -1.92213
2541 -1.77586
2542 -1.76327
2543 -1.80935
2544 -1.91346
2545 -1.67464
2546 -1.6879
2547 -1.76372
2548 -1.8125
2549 -1.66165
2550 -1.67742
2551 -1.74895
2552 -1.85648
2553 -1.71207
2554 -1.71163
2555 -1.76909
2556 -1.95588
2557 -1.79737
2558 -1.77459
2559 -1.81376
2560 -1
2561 -1.52326
2562 -1.64286
2563 -1.756
2564 -1.64815
2565 -1.58394
2566 -1.65455
2567 -1.74917
2568 -1.80769
2569 -1.68085
2570 -1.70588
2571 -1.77528
2572 -1.95455
2573 -1.79079
2574 -1.77778
2575 -1.82152
2576 -1.5
2577 -1.53448
2578 -1.63861
2579 -1.75
2580 -1.62963
2581 -1.58333
2582 -1.65098
2583 -1.74561
2584 -1.77273
2585 -1.67273
2586 -1.7013
2587 -1.77273
2588 -1.91803
2589 -1.77941
2590 -1.77285
2591 -1.82
2592 -1.71429
2593 -1.59589
2594 -1.66102
2595 -1.75767
2596 -1.7037
2597 -1.61809
2598 -1.66552
2599 -1.75066
2600 -1.8
2601 -1.69048
2602 -1.7093
2603 -1.77523
2604 -1.92453
2605 -1.78689
2606 -1.77638
2607 -1.82077
2608 -1.91463
2609 -1.68182
2610 -1.7
2611 -1.77473
2612 -1.81481
2613 -1.67391
2614 -1.69231
2615 -1.7619
2616 -1.8617
2617 -1.72535
2618 -1.72632
2619 -1.78151
2620 -1.95851
2621 -1.80769
2622 -1.78621
2623 -1.82331
2624 -1.21429
2625 -1.51429
2626 -1.64286
2627 -1.76307
2628 -1.61765
2629 -1.58125
2630 -1.65873
2631 -1.75872
2632 -1.79508
2633 -1.68372
2634 -1.71429
2635 -1.78803
2636 -1.95455
2637 -1.8
2638 -1.79121
2639 -1.83843
2640 -1.46341
2641 -1.52941
2642 -1.64069
2643 -1.75767
2644 -1.61458
2645 -1.58333
2646 -1.65625
2647 -1.75521
2648 -1.76821
2649 -1.67742
2650 -1.71014
2651 -1.78507
2652 -1.92233
2653 -1.78947
2654 -1.78607
2655 -1.836
2656 -1.67647
2657 -1.59281
2658 -1.66541
2659 -1.76712
2660 -1.69355
2661 -1.62054
2662 -1.67284
2663 -1.76179
2664 -1.8
2665 -1.69751
2666 -1.7199
2667 -1.78882
2668 -1.9322
2669 -1.79882
2670 -1.79091
2671 -1.83764
2672 -1.88421
2673 -1.68182
2674 -1.70764
2675 -1.78713
2676 -1.80921
2677 -1.67969
2678 -1.70278
2679 -1.77586
2680 -1.86603
2681 -1.73567
2682 -1.73986
2683 -1.79771
2684 -1.96992
2685 -1.82258
2686 -1.80335
2687 -1.84247
2688 -1.5
2689 -1.53226
2690 -1.64286
2691 -1.75926
2692 -1.64634
2693 -1.5847
2694 -1.65493
2695 -1.75325
2696 -1.8
2697 -1.68182
2698 -1.7093
2699 -1.78251
2700 -1.95455
2701 -1.79734
2702 -1.78713
2703 -1.83432
2704 -1.53846
2705 -1.53846
2706 -1.63846
2707 -1.75275
2708 -1.63063
2709 -1.58333
2710 -1.65109
2711 -1.74883
2712 -1.77059
2713 -1.67391
2714 -1.70419
2715 -1.77869
2716 -1.9214
2717 -1.78571
2718 -1.78104
2719 -1.83091
2720 -1.7
2721 -1.59574
2722 -1.66216
2723 -1.76238
2724 -1.7
2725 -1.61847
2726 -1.6676
2727 -1.75589
2728 -1.8
2729 -1.69355
2730 -1.71429
2731 -1.78302
2732 -1.93077
2733 -1.79515
2734 -1.78631
2735 -1.83305
2736 -1.88889
2737 -1.68182
2738 -1.70482
2739 -1.78378
2740 -1.81065
2741 -1.6773
2742 -1.69873
2743 -1.77165
2744 -1.86522
2745 -1.73256
2746 -1.73581
2747 -1.79371
2748 -1.96907
2749 -1.8202
2750 -1.80038
2751 -1.83962
2752 -1.79412
2753 -1.56643
2754 -1.64286
2755 -1.74792
2756 -1.70833
2757 -1.59223
2758 -1.64557
2759 -1.73709
2760 -1.81646
2761 -1.67658
2762 -1.69474
2763 -1.76375
2764 -1.95455
2765 -1.78614
2766 -1.77027
2767 -1.81475
2768 -1.66667
2769 -1.55682
2770 -1.63322
2771 -1.73881
2772 -1.66667
2773 -1.58333
2774 -1.63842
2775 -1.73077
2776 -1.77778
2777 -1.66447
2778 -1.68735
2779 -1.75843
2780 -1.91667
2781 -1.77174
2782 -1.7624
2783 -1.81
2784 -1.76087
2785 -1.60287
2786 -1.65337
2787 -1.74718
2788 -1.71795
2789 -1.61314
2790 -1.65306
2791 -1.73725
2792 -1.8
2793 -1.68142
2794 -1.69651
2795 -1.76257
2796 -1.92254
2797 -1.7797
2798 -1.76718
2799 -1.81211
2800 -1.91736
2801 -1.68182
2802 -1.69421
2803 -1.7686
2804 -1.8172
2805 -1.66883
2806 -1.68372
2807 -1.75362
2808 -1.86056
2809 -1.71925
2810 -1.71831
2811 -1.77419
2812 -1.95886
2813 -1.80455
2814 -1.78191
2815 -1.81977
2816 -1.5
2817 -1.5
2818 -1.60891
2819 -1.72
2820 -1.63077
2821 -1.54878
2822 -1.61597
2823 -1.70994
2824 -1.77419
2825 -1.64286
2826 -1.66667
2827 -1.73585
2828 -1.91803
2829 -1.75352
2830 -1.74026
2831 -1.78395
2832 -1.5
2833 -1.5
2834 -1.6
2835 -1.71053
2836 -1.59375
2837 -1.54271
2838 -1.60927
2839 -1.7037
2840 -1.73077
2841 -1.63077
2842 -1.65934
2843 -1.73077
2844 -1.875
2845 -1.73832
2846 -1.73239
2847 -1.77966
2848 -1.68182
2849 -1.55814
2850 -1.6223
2851 -1.71875
2852 -1.66142
2853 -1.57692
2854 -1.62463
2855 -1.70982
2856 -1.75532
2857 -1.64865
2858 -1.66832
2859 -1.73438
2860 -1.87952
2861 -1.74581
2862 -1.73662
2863 -1.78125
2864 -1.875
2865 -1.64563
2866 -1.66456
2867 -1.73944
2868 -1.77215
2869 -1.63569
2870 -1.65526
2871 -1.72505
2872 -1.81818
2873 -1.68675
2874 -1.68919
2875 -1.7446
2876 -1.91489
2877 -1.76962
2878 -1.75
2879 -1.78744
2880 -1.29412
2881 -1.48387
2882 -1.60606
2883 -1.72485
2884 -1.5875
2885 -1.54255
2886 -1.61824
2887 -1.71782
2888 -1.75524
2889 -1.64286
2890 -1.67313
2891 -1.74681
2892 -1.91262
2893 -1.75949
2894 -1.75117
2895 -1.79851
2896 -1.4375
2897 -1.49057
2898 -1.6
2899 -1.71654
2900 -1.57143
2901 -1.54018
2902 -1.6131
2903 -1.71205
2904 -1.72159
2905 -1.63322
2906 -1.66667
2907 -1.74175
2908 -1.875
2909 -1.74576
2910 -1.74359
2911 -1.79381
2912 -1.63291
2913 -1.55155
2914 -1.6246
2915 -1.72642
2916 -1.64583
2917 -1.57692
2918 -1.63032
2919 -1.71951
2920 -1.7512
2921 -1.65337
2922 -1.6772
2923 -1.74643
2924 -1.88321
2925 -1.7551
2926 -1.74902
2927 -1.79618
2928 -1.83636
2929 -1.64192
2930 -1.66954
2931 -1.74946
2932 -1.76136
2933 -1.63851
2934 -1.66346
2935 -1.73694
2936 -1.81818
2937 -1.69421
2938 -1.70041
2939 -1.75868
2940 -1.92208
2941 -1.7814
2942 -1.76449
2943 -1.80415
2944 -1.5
2945 -1.5
2946 -1.60769
2947 -1.7234
2948 -1.61053
2949 -1.54717
2950 -1.61702
2951 -1.71525
2952 -1.75926
2953 -1.64286
2954 -1.67085
2955 -1.74419
2956 -1.91266
2957 -1.75862
2958 -1.74946
2959 -1.79693
2960 -1.5
2961 -1.5
2962 -1.6
2963 -1.71429
2964 -1.58594
2965 -1.54217
2966 -1.61081
2967 -1.70876
2968 -1.72449
2969 -1.63208
2970 -1.66364
2971 -1.73843
2972 -1.875
2973 -1.74419
2974 -1.74118
2975 -1.79147
2976 -1.65217
2977 -1.55556
2978 -1.62353
2979 -1.72414
2980 -1.65217
2981 -1.57692
2982 -1.62774
2983 -1.71642
2984 -1.75217
2985 -1.65169
2986 -1.67427
2987 -1.74342
2988 -1.88294
2989 -1.75352
2990 -1.74684
2991 -1.79412
2992 -1.83871
2993 -1.64286
2994 -1.66842
2995 -1.74803
2996 -1.76289
2997 -1.63777
2998 -1.6615
2999 -1.73494
3000 -1.81818
3001 -1.69289
3002 -1.69847
3003 -1.75688
3004 -1.92216
3005 -1.78065
3006 -1.76342
3007 -1.8033
3008 -1.76923
3009 -1.53659
3010 -1.61246
3011 -1.71739
3012 -1.67273
3013 -1.55932
3014 -1.61326
3015 -1.70492
3016 -1.77901
3017 -1.64286
3018 -1.66207
3019 -1.73132
3020 -1.91667
3021 -1.75263
3022 -1.73819
3023 -1.78302
3024 -1.625
3025 -1.52239
3026 -1.6
3027 -1.70588
3028 -1.625
3029 -1.54745
3030 -1.60396
3031 -1.69663
3032 -1.73611
3033 -1.62824
3034 -1.65272
3035 -1.72414
3036 -1.875
3037 -1.73571
3038 -1.72826
3039 -1.77632
3040 -1.71429
3041 -1.56723
3042 -1.61995
3043 -1.71429
3044 -1.67416
3045 -1.57692
3046 -1.61883
3047 -1.70345
3048 -1.75697
3049 -1.64508
3050 -1.66219
3051 -1.72866
3052 -1.87963
3053 -1.74348
3054 -1.73322
3055 -1.77869
3056 -1.86957
3057 -1.64727
3058 -1.66262
3059 -1.7377
3060 -1.77358
3061 -1.63429
3062 -1.65164
3063 -1.72204
3064 -1.81818
3065 -1.68471
3066 -1.68617
3067 -1.74253
3068 -1.91667
3069 -1.77
3070 -1.75
3071 -1.78846
3072 0
3073 -1.4
3074 -1.5
3075 -1.6
3076 -1.5
3077 -1.43548
3078 -1.5
3079 -1.58696
3080 -1.625
3081 -1.51445
3082 -1.54
3083 -1.6055
3084 -1.75
3085 -1.60811
3086 -1.6
3087 -1.64286
3088 -1.33333
3089 -1.38679
3090 -1.48649
3091 -1.59091
3092 -1.44737
3093 -1.42308
3094 -1.49153
3095 -1.58228
3096 -1.576
3097 -1.5
3098 -1.5331
3099 -1.60326
3100 -1.7069
3101 -1.59375
3102 -1.59467
3103 -1.64286
3104 -1.5
3105 -1.43066
3106 -1.5
3107 -1.59406
3108 -1.5
3109 -1.44681
3110 -1.5
3111 -1.58427
3112 -1.59091
3113 -1.51046
3114 -1.53704
3115 -1.60391
3116 -1.70588
3117 -1.59655
3118 -1.59574
3119 -1.64286
3120 -1.66667
3121 -1.5
3122 -1.52941
3123 -1.60526
3124 -1.59091
3125 -1.49091
3126 -1.51948
3127 -1.59091
3128 -1.63934
3129 -1.53676
3130 -1.54848
3131 -1.60667
3132 -1.73077
3133 -1.61111
3134 -1.60145
3135 -1.64286
3136 -1
3137 -1.375
3138 -1.5
3139 -1.61364
3140 -1.4375
3141 -1.42953
3142 -1.50855
3143 -1.60502
3144 -1.60345
3145 -1.5198
3146 -1.55556
3147 -1.62834
3148 -1.75
3149 -1.62353
3150 -1.62281
3151 -1.67133
3152 -1.25
3153 -1.375
3154 -1.49074
3155 -1.60526
3156 -1.41935
3157 -1.42308
3158 -1.50185
3159 -1.6
3160 -1.56849
3161 -1.50847
3162 -1.54908
3163 -1.625
3164 -1.71357
3165 -1.61034
3166 -1.6168
3167 -1.66949
3168 -1.44118
3169 -1.425
3170 -1.50794
3171 -1.61047
3172 -1.48361
3173 -1.45116
3174 -1.51299
3175 -1.60349
3176 -1.59091
3177 -1.52222
3178 -1.55495
3179 -1.62664
3180 -1.71739
3181 -1.61538
3182 -1.61905
3183 -1.6699
3184 -1.625
3185 -1.5
3186 -1.54167
3187 -1.625
3188 -1.58278
3189 -1.5
3190 -1.53623
3191 -1.61312
3192 -1.64563
3193 -1.55263
3194 -1.56965
3195 -1.632
3196 -1.74713
3197 -1.63333
3198 -1.62745
3199 -1.67204
3200 -1.25
3201 -1.38462
3202 -1.5
3203 -1.61386
3204 -1.45
3205 -1.43103
3206 -1.50746
3207 -1.60497
3208 -1.60294
3209 -1.51948
3210 -1.55521
3211 -1.62945
3212 -1.75
3213 -1.625
3214 -1.625
3215 -1.675
3216 -1.30189
3217 -1.38
3218 -1.48988
3219 -1.60465
3220 -1.42727
3221 -1.42308
3222 -1.5
3223 -1.59901
3224 -1.56886
3225 -1.50752
3226 -1.54795
3227 -1.625
3228 -1.71429
3229 -1.61111
3230 -1.61792
3231 -1.67176
3232 -1.45122
3233 -1.42623
3234 -1.50704
3235 -1.61039
3236 -1.48571
3237 -1.45041
3238 -1.51163
3239 -1.60314
3240 -1.59091
3241 -1.52159
3242 -1.55446
3243 -1.62722
3244 -1.71875
3245 -1.61667
3246 -1.62069
3247 -1.67254
3248 -1.62162
3249 -1.5
3250 -1.54206
3251 -1.62676
3252 -1.58235
3253 -1.5
3254 -1.53665
3255 -1.61475
3256 -1.64629
3257 -1.55357
3258 -1.57111
3259 -1.63455
3260 -1.75
3261 -1.63636
3262 -1.63095
3263 -1.67647
3264 -1.5
3265 -1.41304
3266 -1.5
3267 -1.60526
3268 -1.5
3269 -1.43719
3270 -1.5
3271 -1.59259
3272 -1.61538
3273 -1.51538
3274 -1.54396
3275 -1.61538
3276 -1.75
3277 -1.61682
3278 -1.61268
3279 -1.66102
3280 -1.40909
3281 -1.39535
3282 -1.48561
3283 -1.59375
3284 -1.45669
3285 -1.42308
3286 -1.48974
3287 -1.58482
3288 -1.57447
3289 -1.5
3290 -1.53465
3291 -1.60938
3292 -1.71084
3293 -1.60056
3294 -1.60385
3295 -1.65625
3296 -1.5
3297 -1.43204
3298 -1.5
3299 -1.59859
3300 -1.5
3301 -1.4461
3302 -1.5
3303 -1.58859
3304 -1.59091
3305 -1.51205
3306 -1.54054
3307 -1.61151
3308 -1.71277
3309 -1.60506
3310 -1.6063
3311 -1.657
3312 -1.64286
3313 -1.5
3314 -1.5339
3315 -1.61538
3316 -1.5873
3317 -1.49342
3318 -1.52506
3319 -1.60112
3320 -1.64286
3321 -1.54348
3322 -1.55785
3323 -1.62
3324 -1.74286
3325 -1.625
3326 -1.61749
3327 -1.66216
3328 -3.77726e-13
3329 -1.41489
3330 -1.54054
3331 -1.65217
3332 -1.5
3333 -1.47368
3334 -1.54918
3335 -1.64286
3336 -1.66667
3337 -1.56667
3338 -1.59736
3339 -1.66667
3340 -1.81034
3341 -1.67164
3342 -1.66575
3343 -1.71053
3344 -1.29412
3345 -1.4186
3346 -1.53125
3347 -1.64263
3348 -1.47826
3349 -1.46809
3350 -1.54225
3351 -1.63684
3352 -1.62667
3353 -1.55466
3354 -1.59012
3355 -1.66213
3356 -1.76923
3357 -1.65686
3358 -1.65842
3359 -1.70717
3360 -1.52308
3361 -1.47561
3362 -1.55133
3363 -1.64917
3364 -1.54839
3365 -1.5
3366 -1.55556
3367 -1.64151
3368 -1.65027
3369 -1.57042
3370 -1.5974
3371 -1.66461
3372 -1.77273
3373 -1.66279
3374 -1.66144
3375 -1.70803
3376 -1.71875
3377 -1.55779
3378 -1.5894
3379 -1.66667
3380 -1.65385
3381 -1.55385
3382 -1.58242
3383 -1.65385
3384 -1.70833
3385 -1.60436
3386 -1.61502
3387 -1.67232
3388 -1.80435
3389 -1.68325
3390 -1.67213
3391 -1.71212
3392 -0.875
3393 -1.39655
3394 -1.53704
3395 -1.65823
3396 -1.45455
3397 -1.46629
3398 -1.55197
3399 -1.65263
3400 -1.64493
3401 -1.56667
3402 -1.60526
3403 -1.68018
3404 -1.80402
3405 -1.67881
3406 -1.67901
3407 -1.72835
3408 -1.25
3409 -1.40789
3410 -1.53125
3411 -1.65
3412 -1.45455
3413 -1.46512
3414 -1.54688
3415 -1.64706
3416 -1.61628
3417 -1.55755
3418 -1.59896
3419 -1.67551
3420 -1.76923
3421 -1.66569
3422 -1.67188
3423 -1.72432
3424 -1.475
3425 -1.46809
3426 -1.55405
3427 -1.65842
3428 -1.53147
3429 -1.5
3430 -1.56233
3431 -1.65319
3432 -1.64563
3433 -1.57595
3434 -1.60798
3435 -1.6791
3436 -1.77695
3437 -1.67368
3438 -1.67617
3439 -1.72591
3440 -1.67857
3441 -1.55357
3442 -1.59524
3443 -1.67857
3444 -1.64205
3445 -1.55709
3446 -1.59204
3447 -1.66796
3448 -1.70833
3449 -1.61299
3450 -1.62821
3451 -1.689
3452 -1.8125
3453 -1.6969
3454 -1.68914
3455 -1.7319
3456 -1.2069
3457 -1.41304
3458 -1.53846
3459 -1.6573
3460 -1.47872
3461 -1.47059
3462 -1.55096
3463 -1.65094
3464 -1.6478
3465 -1.56667
3466 -1.60367
3467 -1.67886
3468 -1.80357
3469 -1.67857
3470 -1.67857
3471 -1.72857
3472 -1.32258
3473 -1.41714
3474 -1.53125
3475 -1.64838
3476 -1.46875
3477 -1.46694
3478 -1.54494
3479 -1.64468
3480 -1.61856
3481 -1.55663
3482 -1.5967
3483 -1.67347
3484 -1.76923
3485 -1.66489
3486 -1.67073
3487 -1.72368
3488 -1.49474
3489 -1.4717
3490 -1.55319
3491 -1.65695
3492 -1.53704
3493 -1.5
3494 -1.5603
3495 -1.65116
3496 -1.64629
3497 -1.57471
3498 -1.606
3499 -1.67747
3500 -1.77703
3501 -1.67308
3502 -1.67537
3503 -1.72561
3504 -1.67969
3505 -1.55422
3506 -1.59459
3507 -1.67821
3508 -1.64286
3509 -1.5566
3510 -1.59091
3511 -1.66726
3512 -1.70833
3513 -1.6124
3514 -1.62745
3515 -1.68878
3516 -1.81325
3517 -1.69737
3518 -1.68966
3519 -1.73295
3520 -1.5
3521 -1.45
3522 -1.54317
3523 -1.65152
3524 -1.54054
3525 -1.48261
3526 -1.54728
3527 -1.64103
3528 -1.66667
3529 -1.56667
3530 -1.59524
3531 -1.66667
3532 -1.80723
3533 -1.67297
3534 -1.66802
3535 -1.71569
3536 -1.44737
3537 -1.43939
3538 -1.53125
3539 -1.64027
3540 -1.50685
3541 -1.47212
3542 -1.53827
3543 -1.63301
3544 -1.62963
3545 -1.55294
3546 -1.58621
3547 -1.65986
3548 -1.76923
3549 -1.65693
3550 -1.65858
3551 -1.70953
3552 -1.55455
3553 -1.48305
3554 -1.54972
3555 -1.64754
3556 -1.55801
3557 -1.5
3558 -1.55172
3559 -1.63879
3560 -1.65079
3561 -1.56842
3562 -1.59449
3563 -1.66352
3564 -1.77399
3565 -1.66372
3566 -1.66265
3567 -1.71127
3568 -1.70833
3569 -1.55839
3570 -1.58911
3571 -1.66854
3572 -1.65278
3573 -1.55331
3574 -1.58159
3575 -1.65517
3576 -1.70833
3577 -1.60476
3578 -1.61594
3579 -1.67544
3580 -1.80833
3581 -1.68763
3582 -1.67732
3583 -1.71937
3584 -0.5
3585 -1.41593
3586 -1.54545
3587 -1.66055
3588 -1.5
3589 -1.47778
3590 -1.55556
3591 -1.65152
3592 -1.67391
3593 -1.5749
3594 -1.60674
3595 -1.67742
3596 -1.82353
3597 -1.68471
3598 -1.67925
3599 -1.72472
3600 -1.29268
3601 -1.42105
3602 -1.53612
3603 -1.64973
3604 -1.48148
3605 -1.47273
3606 -1.54819
3607 -1.64414
3608 -1.63429
3609 -1.5625
3610 -1.5985
3611 -1.67121
3612 -1.78099
3613 -1.66854
3614 -1.67021
3615 -1.71918
3616 -1.52632
3617 -1.48168
3618 -1.55882
3619 -1.65796
3620 -1.55556
3621 -1.50769
3622 -1.56383
3623 -1.65041
3624 -1.66038
3625 -1.58055
3626 -1.60762
3627 -1.67496
3628 -1.78571
3629 -1.67588
3630 -1.67442
3631 -1.72082
3632 -1.72973
3633 -1.56957
3634 -1.60172
3635 -1.67949
3636 -1.66667
3637 -1.56667
3638 -1.59524
3639 -1.66667
3640 -1.72289
3641 -1.61892
3642 -1.62933
3643 -1.68627
3644 -1.82075
3645 -1.7
3646 -1.68861
3647 -1.72807
3648 -0.9
3649 -1.39706
3650 -1.53968
3651 -1.66304
3652 -1.45556
3653 -1.4686
3654 -1.55556
3655 -1.6576
3656 -1.65
3657 -1.57194
3658 -1.61111
3659 -1.68677
3660 -1.81304
3661 -1.68768
3662 -1.68803
3663 -1.73765
3664 -1.25
3665 -1.40909
3666 -1.53378
3667 -1.65385
3668 -1.45669
3669 -1.46774
3670 -1.55014
3671 -1.65102
3672 -1.62121
3673 -1.5625
3674 -1.60407
3675 -1.68085
3676 -1.77695
3677 -1.67347
3678 -1.67961
3679 -1.73197
3680 -1.47826
3681 -1.47222
3682 -1.55882
3683 -1.66379
3684 -1.53659
3685 -1.50519
3686 -1.56763
3687 -1.65863
3688 -1.65254
3689 -1.58287
3690 -1.61475
3691 -1.68567
3692 -1.78571
3693 -1.68276
3694 -1.68505
3695 -1.7344
3696 -1.6875
3697 -1.5625
3698 -1.60417
3699 -1.6875
3700 -1.65174
3701 -1.56667
3702 -1.60131
3703 -1.67687
3704 -1.71898
3705 -1.62376
3706 -1.63858
3707 -1.6988
3708 -1.82421
3709 -1.70921
3710 -1.70115
3711 -1.74324
3712 -1.20588
3713 -1.41509
3714 -1.54225
3715 -1.66259
3716 -1.48148
3717 -1.47436
3718 -1.55556
3719 -1.65638
3720 -1.65385
3721 -1.57282
3722 -1.61009
3723 -1.68561
3724 -1.8125
3725 -1.6875
3726 -1.6875
3727 -1.7375
3728 -1.32394
3729 -1.42
3730 -1.53495
3731 -1.65284
3732 -1.4726
3733 -1.47101
3734 -1.54926
3735 -1.64925
3736 -1.62443
3737 -1.5625
3738 -1.60248
3739 -1.67915
3740 -1.77703
3741 -1.6729
3742 -1.67857
3743 -1.73121
3744 -1.5
3745 -1.47718
3746 -1.55882
3747 -1.66272
3748 -1.54348
3749 -1.50629
3750 -1.56637
3751 -1.657
3752 -1.65385
3753 -1.58228
3754 -1.61321
3755 -1.68421
3756 -1.78571
3757 -1.6822
3758 -1.68421
3759 -1.73387
3760 -1.68966
3761 -1.56383
3762 -1.60382
3763 -1.68705
3764 -1.65315
3765 -1.56667
3766 -1.6004
3767 -1.6761
3768 -1.71906
3769 -1.62329
3770 -1.63778
3771 -1.69832
3772 -1.82447
3773 -1.7093
3774 -1.70122
3775 -1.74372
3776 -1.5
3777 -1.45604
3778 -1.55063
3779 -1.66
3780 -1.54762
3781 -1.49042
3782 -1.55556
3783 -1.64972
3784 -1.67647
3785 -1.57647
3786 -1.60504
3787 -1.67647
3788 -1.81915
3789 -1.68496
3790 -1.67986
3791 -1.72727
3792 -1.45349
3793 -1.44643
3794 -1.53867
3795 -1.648
3796 -1.51515
3797 -1.48026
3798 -1.54628
3799 -1.64089
3800 -1.63934
3801 -1.5625
3802 -1.59542
3803 -1.66867
3804 -1.78019
3805 -1.6681
3806 -1.66942
3807 -1.71984
3808 -1.56452
3809 -1.49248
3810 -1.55882
3811 -1.65636
3812 -1.56863
3813 -1.51009
3814 -1.56122
3815 -1.64771
3816 -1.66197
3817 -1.57944
3818 -1.6049
3819 -1.67318
3820 -1.78571
3821 -1.67584
3822 -1.67431
3823 -1.72215
3824 -1.72222
3825 -1.57143
3826 -1.60132
3827 -1.68
3828 -1.66667
3829 -1.56667
3830 -1.59404
3831 -1.66667
3832 -1.72222
3833 -1.61864
3834 -1.62903
3835 -1.6875
3836 -1.82222
3837 -1.70217
3838 -1.69132
3839 -1.73239
3840 -1
3841 -1.40909
3842 -1.52941
3843 -1.64286
3844 -1.5
3845 -1.46154
3846 -1.53614
3847 -1.63158
3848 -1.66038
3849 -1.55634
3850 -1.5868
3851 -1.6573
3852 -1.80769
3853 -1.66667
3854 -1.66049
3855 -1.70588
3856 -1.3125
3857 -1.40571
3858 -1.51656
3859 -1.62937
3860 -1.46774
3861 -1.45238
3862 -1.52632
3863 -1.62205
3864 -1.615
3865 -1.54103
3866 -1.57642
3867 -1.64906
3868 -1.76087
3869 -1.64778
3870 -1.64925
3871 -1.6982
3872 -1.51724
3873 -1.4633
3874 -1.53868
3875 -1.6375
3876 -1.53659
3877 -1.48649
3878 -1.54206
3879 -1.62857
3880 -1.639
3881 -1.55882
3882 -1.5858
3883 -1.65313
3884 -1.76415
3885 -1.65487
3886 -1.65358
3887 -1.7
3888 -1.71429
3889 -1.55172
3890 -1.58333
3891 -1.66102
3892 -1.64706
3893 -1.54706
3894 -1.57563
3895 -1.64706
3896 -1.70213
3897 -1.59905
3898 -1.60971
3899 -1.66667
3900 -1.8
3901 -1.68072
3902 -1.66981
3903 -1.7093
3904 -1
3905 -1.38462
3906 -1.52083
3907 -1.64286
3908 -1.4466
3909 -1.44915
3910 -1.53388
3911 -1.63546
3912 -1.63187
3913 -1.55063
3914 -1.58889
3915 -1.66438
3916 -1.7931
3917 -1.66667
3918 -1.66667
3919 -1.71622
3920 -1.25
3921 -1.39
3922 -1.5119
3923 -1.63136
3924 -1.4375
3925 -1.44484
3926 -1.52632
3927 -1.62703
3928 -1.59821
3929 -1.53867
3930 -1.58
3931 -1.65674
3932 -1.75329
3933 -1.65011
3934 -1.65636
3935 -1.70874
3936 -1.46154
3937 -1.45082
3938 -1.53646
3939 -1.64122
3940 -1.51351
3941 -1.48159
3942 -1.5439
3943 -1.63487
3944 -1.62782
3945 -1.55882
3946 -1.59091
3947 -1.66185
3948 -1.76081
3949 -1.65918
3950 -1.66193
3951 -1.71134
3952 -1.66667
3953 -1.54167
3954 -1.58333
3955 -1.66667
3956 -1.62832
3957 -1.54447
3958 -1.57946
3959 -1.65507
3960 -1.69481
3961 -1.60132
3962 -1.61667
3963 -1.67694
3964 -1.8
3965 -1.68715
3966 -1.67982
3967 -1.72202
3968 -1.23077
3969 -1.4
3970 -1.52336
3971 -1.64286
3972 -1.46721
3973 -1.45455
3974 -1.53448
3975 -1.63504
3976 -1.63415
3977 -1.55172
3978 -1.58859
3979 -1.66404
3980 -1.79167
3981 -1.66667
3982 -1.66667
3983 -1.71667
3984 -1.3125
3985 -1.4
3986 -1.51351
3987 -1.63107
3988 -1.45122
3989 -1.44839
3990 -1.52632
3991 -1.62625
3992 -1.60081
3993 -1.53924
3994 -1.57934
3995 -1.65602
3996 -1.75301
3997 -1.65
3998 -1.65605
3999 -1.70876
4000 -1.47934
4001 -1.45556
4002 -1.53699
4003 -1.64085
4004 -1.51942
4005 -1.48315
4006 -1.54348
4007 -1.63415
4008 -1.62887
4009 -1.55882
4010 -1.59022
4011 -1.66129
4012 -1.76064
4013 -1.65909
4014 -1.66176
4015 -1.71154
4016 -1.66667
4017 -1.54286
4018 -1.58333
4019 -1.66667
4020 -1.62903
4021 -1.54478
4022 -1.57914
4023 -1.65493
4024 -1.69461
4025 -1.60123
4026 -1.61646
4027 -1.6771
4028 -1.8
4029 -1.6875
4030 -1.68033
4031 -1.72297
4032 -1.5
4033 -1.44118
4034 -1.5339
4035 -1.64286
4036 -1.53191
4037 -1.4726
4038 -1.53725
4039 -1.63131
4040 -1.65789
4041 -1.55789
4042 -1.58647
4043 -1.65789
4044 -1.8
4045 -1.66667
4046 -1.66184
4047 -1.7093
4048 -1.4375
4049 -1.428
4050 -1.5198
4051 -1.62903
4052 -1.49457
4053 -1.46018
4054 -1.52632
4055 -1.62096
4056 -1.61765
4057 -1.54206
4058 -1.57534
4059 -1.64865
4060 -1.75833
4061 -1.64797
4062 -1.64985
4063 -1.70036
4064 -1.54348
4065 -1.47297
4066 -1.53965
4067 -1.63725
4068 -1.54626
4069 -1.48964
4070 -1.54128
4071 -1.62784
4072 -1.63924
4073 -1.55882
4074 -1.58491
4075 -1.65327
4076 -1.76296
4077 -1.65548
4078 -1.65475
4079 -1.7027
4080 -1.7
4081 -1.55263
4082 -1.58333
4083 -1.66216
4084 -1.64444
4085 -1.54734
4086 -1.5755
4087 -1.64822
4088 -1.7
4089 -1.59924
4090 -1.61047
4091 -1.66901
4092 -1.8
4093 -1.68293
4094 -1.67308
4095 -1.71429
