#CSC Position Offset LUT
#Structure is comparator code (iCC) -> Stub position offset
#iCC bits: 12
#<header> v1.0 12 32 </header>
0 7
1 7
2 7
3 7
4 7
5 7
6 7
7 0
8 7
9 7
10 0
11 0
12 7
13 3
14 1
15 0
16 7
17 7
18 7
19 0
20 7
21 7
22 0
23 0
24 7
25 0
26 0
27 0
28 0
29 0
30 0
31 0
32 7
33 7
34 1
35 1
36 7
37 0
38 0
39 0
40 1
41 0
42 0
43 0
44 1
45 1
46 1
47 0
48 7
49 3
50 3
51 3
52 3
53 2
54 2
55 2
56 3
57 2
58 2
59 2
60 3
61 3
62 2
63 2
64 7
65 7
66 7
67 1
68 7
69 7
70 0
71 0
72 7
73 0
74 0
75 0
76 1
77 1
78 1
79 1
80 7
81 7
82 0
83 0
84 7
85 0
86 0
87 0
88 0
89 0
90 0
91 0
92 0
93 0
94 0
95 0
96 7
97 0
98 1
99 1
100 0
101 0
102 0
103 0
104 0
105 0
106 0
107 0
108 1
109 1
110 1
111 1
112 3
113 2
114 2
115 2
116 1
117 1
118 1
119 1
120 1
121 1
122 1
123 1
124 2
125 2
126 2
127 2
128 7
129 7
130 2
131 3
132 7
133 0
134 1
135 2
136 1
137 1
138 1
139 2
140 2
141 2
142 2
143 2
144 7
145 1
146 1
147 2
148 0
149 0
150 1
151 1
152 0
153 0
154 1
155 1
156 1
157 1
158 1
159 1
160 1
161 1
162 1
163 2
164 0
165 1
166 1
167 1
168 1
169 1
170 1
171 1
172 1
173 1
174 1
175 2
176 3
177 2
178 2
179 3
180 1
181 1
182 2
183 2
184 1
185 2
186 2
187 2
188 2
189 2
190 2
191 2
192 7
193 3
194 3
195 4
196 1
197 2
198 3
199 3
200 2
201 2
202 3
203 3
204 3
205 3
206 3
207 3
208 0
209 2
210 3
211 3
212 0
213 1
214 2
215 3
216 1
217 2
218 2
219 2
220 2
221 2
222 2
223 3
224 1
225 2
226 3
227 3
228 1
229 1
230 2
231 3
232 1
233 2
234 2
235 2
236 2
237 2
238 2
239 3
240 3
241 3
242 3
243 4
244 2
245 2
246 3
247 3
248 2
249 2
250 3
251 3
252 3
253 3
254 3
255 3
256 7
257 7
258 7
259 3
260 7
261 7
262 1
263 1
264 7
265 0
266 1
267 1
268 1
269 1
270 1
271 2
272 7
273 7
274 1
275 2
276 7
277 0
278 0
279 1
280 0
281 0
282 0
283 1
284 1
285 1
286 1
287 1
288 7
289 1
290 1
291 2
292 0
293 0
294 1
295 1
296 0
297 0
298 1
299 1
300 1
301 1
302 1
303 1
304 3
305 2
306 2
307 3
308 1
309 1
310 2
311 2
312 1
313 1
314 2
315 2
316 2
317 2
318 2
319 2
320 7
321 7
322 1
323 2
324 7
325 0
326 0
327 1
328 0
329 0
330 0
331 1
332 1
333 1
334 1
335 2
336 7
337 0
338 1
339 1
340 0
341 0
342 0
343 1
344 0
345 0
346 0
347 1
348 1
349 0
350 1
351 1
352 0
353 0
354 1
355 2
356 0
357 0
358 0
359 1
360 0
361 0
362 1
363 1
364 1
365 1
366 1
367 1
368 2
369 1
370 2
371 2
372 1
373 1
374 1
375 2
376 1
377 1
378 1
379 2
380 2
381 1
382 2
383 2
384 7
385 1
386 2
387 3
388 0
389 0
390 1
391 2
392 0
393 1
394 1
395 2
396 1
397 1
398 2
399 2
400 0
401 0
402 1
403 2
404 0
405 0
406 1
407 1
408 0
409 0
410 1
411 1
412 1
413 1
414 1
415 2
416 1
417 1
418 1
419 2
420 0
421 0
422 1
423 2
424 0
425 1
426 1
427 1
428 1
429 1
430 1
431 2
432 3
433 2
434 2
435 3
436 1
437 1
438 2
439 2
440 1
441 1
442 2
443 2
444 2
445 2
446 2
447 2
448 7
449 2
450 3
451 4
452 1
453 1
454 2
455 3
456 1
457 2
458 2
459 3
460 2
461 2
462 2
463 3
464 1
465 2
466 2
467 3
468 0
469 1
470 2
471 2
472 1
473 1
474 2
475 2
476 2
477 2
478 2
479 3
480 2
481 2
482 2
483 3
484 1
485 1
486 2
487 2
488 1
489 1
490 2
491 2
492 2
493 2
494 2
495 3
496 3
497 2
498 3
499 3
500 2
501 2
502 2
503 3
504 2
505 2
506 2
507 3
508 2
509 2
510 3
511 3
512 7
513 7
514 3
515 4
516 7
517 1
518 2
519 3
520 1
521 1
522 2
523 3
524 2
525 2
526 2
527 3
528 7
529 1
530 2
531 3
532 0
533 0
534 1
535 2
536 0
537 1
538 1
539 2
540 1
541 1
542 2
543 2
544 1
545 1
546 2
547 3
548 0
549 1
550 1
551 2
552 1
553 1
554 1
555 2
556 2
557 2
558 2
559 2
560 3
561 2
562 3
563 3
564 1
565 2
566 2
567 3
568 2
569 2
570 2
571 3
572 2
573 2
574 2
575 3
576 7
577 1
578 2
579 3
580 0
581 0
582 1
583 2
584 0
585 1
586 1
587 2
588 2
589 1
590 2
591 2
592 0
593 0
594 1
595 2
596 0
597 0
598 1
599 2
600 0
601 0
602 1
603 2
604 1
605 1
606 1
607 2
608 0
609 1
610 2
611 2
612 0
613 0
614 1
615 2
616 0
617 1
618 1
619 2
620 1
621 1
622 2
623 2
624 2
625 2
626 2
627 3
628 1
629 1
630 2
631 2
632 1
633 1
634 2
635 2
636 2
637 2
638 2
639 3
640 1
641 1
642 2
643 3
644 0
645 1
646 2
647 3
648 1
649 1
650 2
651 2
652 2
653 2
654 2
655 3
656 0
657 1
658 2
659 3
660 0
661 0
662 1
663 2
664 0
665 1
666 1
667 2
668 1
669 1
670 2
671 2
672 1
673 1
674 2
675 3
676 0
677 1
678 1
679 2
680 1
681 1
682 1
683 2
684 2
685 1
686 2
687 2
688 2
689 2
690 2
691 3
692 1
693 1
694 2
695 3
696 1
697 1
698 2
699 2
700 2
701 2
702 2
703 3
704 5
705 2
706 3
707 4
708 1
709 1
710 2
711 3
712 1
713 2
714 2
715 3
716 2
717 2
718 3
719 3
720 1
721 2
722 2
723 3
724 0
725 1
726 2
727 3
728 1
729 1
730 2
731 3
732 2
733 2
734 2
735 3
736 1
737 2
738 3
739 3
740 1
741 1
742 2
743 3
744 1
745 1
746 2
747 3
748 2
749 2
750 2
751 3
752 3
753 3
754 3
755 4
756 2
757 2
758 2
759 3
760 2
761 2
762 2
763 3
764 3
765 2
766 3
767 3
768 7
769 3
770 4
771 5
772 0
773 2
774 3
775 4
776 1
777 2
778 3
779 4
780 3
781 3
782 3
783 4
784 0
785 2
786 3
787 4
788 0
789 1
790 2
791 3
792 1
793 1
794 2
795 3
796 2
797 2
798 3
799 3
800 1
801 2
802 3
803 4
804 0
805 1
806 2
807 3
808 1
809 2
810 2
811 3
812 2
813 2
814 3
815 3
816 3
817 3
818 3
819 4
820 2
821 2
822 3
823 3
824 2
825 2
826 3
827 3
828 3
829 3
830 3
831 4
832 0
833 2
834 3
835 4
836 0
837 1
838 2
839 3
840 1
841 1
842 2
843 3
844 2
845 2
846 3
847 3
848 0
849 1
850 2
851 3
852 0
853 1
854 2
855 3
856 0
857 1
858 2
859 3
860 2
861 2
862 2
863 3
864 0
865 1
866 2
867 3
868 0
869 1
870 2
871 3
872 1
873 1
874 2
875 3
876 2
877 2
878 2
879 3
880 2
881 2
882 3
883 4
884 1
885 2
886 2
887 3
888 2
889 2
890 2
891 3
892 2
893 2
894 3
895 3
896 0
897 2
898 3
899 4
900 0
901 1
902 2
903 3
904 1
905 2
906 2
907 3
908 2
909 2
910 3
911 3
912 0
913 1
914 2
915 3
916 0
917 1
918 2
919 3
920 0
921 1
922 2
923 3
924 2
925 2
926 2
927 3
928 0
929 2
930 2
931 3
932 0
933 1
934 2
935 3
936 1
937 1
938 2
939 3
940 2
941 2
942 2
943 3
944 2
945 2
946 3
947 4
948 1
949 2
950 2
951 3
952 2
953 2
954 2
955 3
956 2
957 2
958 3
959 3
960 3
961 3
962 4
963 5
964 1
965 2
966 3
967 4
968 2
969 2
970 3
971 4
972 3
973 3
974 3
975 4
976 0
977 2
978 3
979 4
980 0
981 1
982 2
983 3
984 1
985 2
986 2
987 3
988 2
989 2
990 3
991 3
992 1
993 2
994 3
995 4
996 1
997 2
998 2
999 3
1000 1
1001 2
1002 2
1003 3
1004 2
1005 2
1006 3
1007 3
1008 3
1009 3
1010 3
1011 4
1012 2
1013 2
1014 3
1015 3
1016 2
1017 2
1018 3
1019 3
1020 3
1021 3
1022 3
1023 4
1024 7
1025 7
1026 7
1027 2
1028 7
1029 7
1030 0
1031 1
1032 7
1033 0
1034 0
1035 1
1036 1
1037 0
1038 1
1039 1
1040 7
1041 7
1042 0
1043 1
1044 7
1045 0
1046 0
1047 0
1048 0
1049 0
1050 0
1051 0
1052 0
1053 0
1054 0
1055 1
1056 7
1057 0
1058 1
1059 1
1060 0
1061 0
1062 0
1063 1
1064 0
1065 0
1066 0
1067 1
1068 1
1069 0
1070 1
1071 1
1072 3
1073 1
1074 2
1075 2
1076 1
1077 1
1078 1
1079 2
1080 1
1081 1
1082 1
1083 1
1084 1
1085 1
1086 1
1087 2
1088 7
1089 7
1090 1
1091 2
1092 7
1093 0
1094 0
1095 1
1096 0
1097 0
1098 0
1099 1
1100 1
1101 0
1102 1
1103 1
1104 7
1105 0
1106 0
1107 1
1108 0
1109 0
1110 0
1111 0
1112 0
1113 0
1114 0
1115 0
1116 0
1117 0
1118 0
1119 1
1120 1
1121 0
1122 1
1123 1
1124 0
1125 0
1126 0
1127 1
1128 0
1129 0
1130 0
1131 1
1132 1
1133 0
1134 1
1135 1
1136 2
1137 1
1138 1
1139 2
1140 1
1141 0
1142 1
1143 1
1144 1
1145 1
1146 1
1147 1
1148 1
1149 1
1150 1
1151 2
1152 7
1153 1
1154 1
1155 2
1156 0
1157 0
1158 1
1159 1
1160 0
1161 0
1162 1
1163 1
1164 1
1165 1
1166 1
1167 2
1168 1
1169 0
1170 1
1171 2
1172 0
1173 0
1174 0
1175 1
1176 0
1177 0
1178 0
1179 1
1180 1
1181 1
1182 1
1183 1
1184 1
1185 1
1186 1
1187 2
1188 0
1189 0
1190 1
1191 1
1192 0
1193 0
1194 1
1195 1
1196 1
1197 1
1198 1
1199 1
1200 3
1201 2
1202 2
1203 2
1204 1
1205 1
1206 1
1207 2
1208 1
1209 1
1210 1
1211 2
1212 2
1213 1
1214 2
1215 2
1216 7
1217 2
1218 3
1219 3
1220 1
1221 1
1222 2
1223 2
1224 1
1225 1
1226 2
1227 2
1228 2
1229 2
1230 2
1231 3
1232 3
1233 1
1234 2
1235 3
1236 1
1237 1
1238 1
1239 2
1240 1
1241 1
1242 1
1243 2
1244 2
1245 1
1246 2
1247 2
1248 3
1249 2
1250 2
1251 3
1252 1
1253 1
1254 1
1255 2
1256 1
1257 1
1258 1
1259 2
1260 2
1261 2
1262 2
1263 2
1264 4
1265 2
1266 3
1267 3
1268 2
1269 2
1270 2
1271 3
1272 2
1273 2
1274 2
1275 2
1276 2
1277 2
1278 2
1279 3
1280 7
1281 7
1282 1
1283 2
1284 7
1285 0
1286 0
1287 1
1288 0
1289 0
1290 0
1291 1
1292 1
1293 1
1294 1
1295 2
1296 7
1297 0
1298 1
1299 2
1300 0
1301 0
1302 0
1303 1
1304 0
1305 0
1306 0
1307 1
1308 0
1309 0
1310 1
1311 1
1312 1
1313 0
1314 1
1315 2
1316 0
1317 0
1318 0
1319 1
1320 0
1321 0
1322 0
1323 1
1324 1
1325 1
1326 1
1327 1
1328 3
1329 1
1330 2
1331 2
1332 1
1333 1
1334 1
1335 2
1336 1
1337 1
1338 1
1339 2
1340 2
1341 1
1342 1
1343 2
1344 7
1345 0
1346 1
1347 2
1348 0
1349 0
1350 0
1351 1
1352 0
1353 0
1354 0
1355 1
1356 1
1357 1
1358 1
1359 1
1360 0
1361 0
1362 1
1363 1
1364 0
1365 0
1366 0
1367 1
1368 0
1369 0
1370 0
1371 1
1372 0
1373 0
1374 1
1375 1
1376 1
1377 0
1378 1
1379 2
1380 0
1381 0
1382 0
1383 1
1384 0
1385 0
1386 0
1387 1
1388 1
1389 1
1390 1
1391 1
1392 3
1393 1
1394 2
1395 2
1396 1
1397 1
1398 1
1399 2
1400 1
1401 1
1402 1
1403 2
1404 1
1405 1
1406 1
1407 2
1408 4
1409 1
1410 2
1411 2
1412 0
1413 0
1414 1
1415 2
1416 0
1417 0
1418 1
1419 2
1420 1
1421 1
1422 1
1423 2
1424 1
1425 0
1426 1
1427 2
1428 0
1429 0
1430 0
1431 1
1432 0
1433 0
1434 1
1435 1
1436 1
1437 1
1438 1
1439 2
1440 1
1441 1
1442 1
1443 2
1444 0
1445 0
1446 1
1447 1
1448 0
1449 0
1450 1
1451 1
1452 1
1453 1
1454 1
1455 2
1456 3
1457 2
1458 2
1459 3
1460 1
1461 1
1462 1
1463 2
1464 1
1465 1
1466 1
1467 2
1468 2
1469 1
1470 2
1471 2
1472 7
1473 2
1474 2
1475 3
1476 1
1477 1
1478 2
1479 2
1480 1
1481 1
1482 2
1483 2
1484 2
1485 2
1486 2
1487 3
1488 3
1489 1
1490 2
1491 3
1492 1
1493 1
1494 1
1495 2
1496 1
1497 1
1498 1
1499 2
1500 2
1501 1
1502 2
1503 2
1504 3
1505 2
1506 2
1507 3
1508 1
1509 1
1510 1
1511 2
1512 1
1513 1
1514 1
1515 2
1516 2
1517 2
1518 2
1519 2
1520 4
1521 2
1522 3
1523 3
1524 2
1525 2
1526 2
1527 3
1528 2
1529 2
1530 2
1531 2
1532 2
1533 2
1534 2
1535 3
1536 7
1537 1
1538 2
1539 3
1540 0
1541 0
1542 1
1543 2
1544 0
1545 0
1546 1
1547 2
1548 2
1549 1
1550 2
1551 2
1552 0
1553 0
1554 1
1555 2
1556 0
1557 0
1558 1
1559 2
1560 0
1561 0
1562 1
1563 2
1564 1
1565 1
1566 1
1567 2
1568 1
1569 1
1570 2
1571 2
1572 0
1573 0
1574 1
1575 2
1576 0
1577 0
1578 1
1579 2
1580 1
1581 1
1582 1
1583 2
1584 3
1585 2
1586 2
1587 3
1588 1
1589 1
1590 2
1591 2
1592 1
1593 1
1594 2
1595 2
1596 2
1597 2
1598 2
1599 2
1600 3
1601 1
1602 2
1603 3
1604 0
1605 0
1606 1
1607 2
1608 0
1609 0
1610 1
1611 2
1612 1
1613 1
1614 1
1615 2
1616 0
1617 0
1618 1
1619 2
1620 0
1621 0
1622 1
1623 1
1624 0
1625 0
1626 1
1627 1
1628 1
1629 1
1630 1
1631 2
1632 1
1633 1
1634 1
1635 2
1636 0
1637 0
1638 1
1639 2
1640 0
1641 0
1642 1
1643 2
1644 1
1645 1
1646 1
1647 2
1648 3
1649 2
1650 2
1651 3
1652 1
1653 1
1654 1
1655 2
1656 1
1657 1
1658 1
1659 2
1660 2
1661 2
1662 2
1663 2
1664 4
1665 1
1666 2
1667 3
1668 0
1669 0
1670 1
1671 2
1672 1
1673 1
1674 1
1675 2
1676 2
1677 1
1678 2
1679 2
1680 1
1681 1
1682 2
1683 2
1684 0
1685 0
1686 1
1687 2
1688 0
1689 0
1690 1
1691 2
1692 1
1693 1
1694 1
1695 2
1696 2
1697 1
1698 2
1699 2
1700 0
1701 0
1702 1
1703 2
1704 1
1705 1
1706 1
1707 2
1708 1
1709 1
1710 2
1711 2
1712 3
1713 2
1714 2
1715 3
1716 1
1717 1
1718 2
1719 2
1720 1
1721 1
1722 2
1723 2
1724 2
1725 2
1726 2
1727 2
1728 7
1729 2
1730 3
1731 4
1732 1
1733 1
1734 2
1735 3
1736 1
1737 1
1738 2
1739 3
1740 2
1741 2
1742 2
1743 3
1744 3
1745 2
1746 2
1747 3
1748 1
1749 1
1750 2
1751 2
1752 1
1753 1
1754 2
1755 2
1756 2
1757 2
1758 2
1759 3
1760 3
1761 2
1762 2
1763 3
1764 1
1765 1
1766 2
1767 2
1768 1
1769 1
1770 2
1771 2
1772 2
1773 2
1774 2
1775 3
1776 4
1777 3
1778 3
1779 3
1780 2
1781 2
1782 2
1783 3
1784 2
1785 2
1786 2
1787 3
1788 2
1789 2
1790 2
1791 3
1792 15
1793 2
1794 3
1795 4
1796 0
1797 1
1798 2
1799 3
1800 1
1801 1
1802 2
1803 3
1804 2
1805 2
1806 2
1807 3
1808 1
1809 1
1810 2
1811 3
1812 0
1813 1
1814 2
1815 3
1816 1
1817 1
1818 2
1819 2
1820 2
1821 2
1822 2
1823 3
1824 2
1825 2
1826 2
1827 3
1828 0
1829 1
1830 2
1831 3
1832 1
1833 1
1834 2
1835 2
1836 2
1837 2
1838 2
1839 3
1840 3
1841 2
1842 3
1843 4
1844 2
1845 2
1846 2
1847 3
1848 2
1849 2
1850 2
1851 3
1852 2
1853 2
1854 3
1855 3
1856 4
1857 2
1858 3
1859 4
1860 0
1861 1
1862 2
1863 3
1864 1
1865 1
1866 2
1867 3
1868 2
1869 2
1870 2
1871 3
1872 0
1873 1
1874 2
1875 3
1876 0
1877 0
1878 1
1879 2
1880 0
1881 1
1882 1
1883 2
1884 1
1885 1
1886 2
1887 2
1888 1
1889 1
1890 2
1891 3
1892 0
1893 1
1894 1
1895 2
1896 1
1897 1
1898 1
1899 2
1900 2
1901 2
1902 2
1903 2
1904 3
1905 2
1906 3
1907 3
1908 1
1909 1
1910 2
1911 3
1912 2
1913 2
1914 2
1915 3
1916 2
1917 2
1918 2
1919 3
1920 5
1921 2
1922 3
1923 4
1924 0
1925 1
1926 2
1927 3
1928 1
1929 1
1930 2
1931 3
1932 2
1933 2
1934 2
1935 3
1936 1
1937 1
1938 2
1939 3
1940 0
1941 1
1942 1
1943 2
1944 1
1945 1
1946 2
1947 2
1948 2
1949 2
1950 2
1951 3
1952 2
1953 2
1954 2
1955 3
1956 0
1957 1
1958 2
1959 2
1960 1
1961 1
1962 2
1963 2
1964 2
1965 2
1966 2
1967 3
1968 3
1969 2
1970 3
1971 3
1972 2
1973 2
1974 2
1975 3
1976 2
1977 2
1978 2
1979 3
1980 2
1981 2
1982 2
1983 3
1984 7
1985 3
1986 3
1987 4
1988 2
1989 2
1990 2
1991 3
1992 2
1993 2
1994 2
1995 3
1996 3
1997 2
1998 3
1999 3
2000 3
2001 2
2002 3
2003 4
2004 1
2005 1
2006 2
2007 3
2008 1
2009 1
2010 2
2011 3
2012 2
2013 2
2014 2
2015 3
2016 3
2017 2
2018 3
2019 3
2020 1
2021 1
2022 2
2023 3
2024 1
2025 2
2026 2
2027 3
2028 2
2029 2
2030 2
2031 3
2032 4
2033 3
2034 3
2035 4
2036 2
2037 2
2038 3
2039 3
2040 2
2041 2
2042 2
2043 3
2044 3
2045 2
2046 3
2047 3
2048 7
2049 7
2050 1
2051 3
2052 7
2053 0
2054 0
2055 2
2056 0
2057 0
2058 1
2059 2
2060 1
2061 1
2062 1
2063 2
2064 7
2065 0
2066 1
2067 2
2068 0
2069 0
2070 0
2071 1
2072 0
2073 0
2074 0
2075 1
2076 1
2077 0
2078 1
2079 2
2080 1
2081 0
2082 1
2083 2
2084 0
2085 0
2086 0
2087 1
2088 0
2089 0
2090 1
2091 1
2092 1
2093 1
2094 1
2095 2
2096 3
2097 2
2098 2
2099 3
2100 1
2101 1
2102 1
2103 2
2104 1
2105 1
2106 1
2107 2
2108 2
2109 1
2110 2
2111 2
2112 7
2113 0
2114 1
2115 2
2116 0
2117 0
2118 0
2119 1
2120 0
2121 0
2122 0
2123 1
2124 1
2125 1
2126 1
2127 2
2128 0
2129 0
2130 1
2131 2
2132 0
2133 0
2134 0
2135 1
2136 0
2137 0
2138 0
2139 1
2140 1
2141 0
2142 1
2143 1
2144 0
2145 0
2146 1
2147 2
2148 0
2149 0
2150 0
2151 1
2152 0
2153 0
2154 1
2155 1
2156 1
2157 1
2158 1
2159 2
2160 2
2161 1
2162 2
2163 2
2164 1
2165 1
2166 1
2167 2
2168 1
2169 1
2170 1
2171 2
2172 2
2173 1
2174 2
2175 2
2176 3
2177 1
2178 2
2179 3
2180 0
2181 0
2182 1
2183 2
2184 0
2185 0
2186 1
2187 2
2188 1
2189 1
2190 1
2191 2
2192 0
2193 0
2194 1
2195 2
2196 0
2197 0
2198 1
2199 1
2200 0
2201 0
2202 1
2203 1
2204 1
2205 1
2206 1
2207 2
2208 1
2209 1
2210 1
2211 2
2212 0
2213 0
2214 1
2215 2
2216 0
2217 0
2218 1
2219 2
2220 1
2221 1
2222 1
2223 2
2224 3
2225 2
2226 2
2227 3
2228 1
2229 1
2230 1
2231 2
2232 1
2233 1
2234 1
2235 2
2236 2
2237 2
2238 2
2239 2
2240 6
2241 2
2242 3
2243 3
2244 1
2245 1
2246 2
2247 3
2248 1
2249 1
2250 2
2251 2
2252 2
2253 2
2254 2
2255 3
2256 2
2257 1
2258 2
2259 3
2260 1
2261 1
2262 1
2263 2
2264 1
2265 1
2266 1
2267 2
2268 2
2269 1
2270 2
2271 2
2272 3
2273 2
2274 2
2275 3
2276 1
2277 1
2278 1
2279 2
2280 1
2281 1
2282 1
2283 2
2284 2
2285 2
2286 2
2287 2
2288 4
2289 2
2290 3
2291 3
2292 2
2293 2
2294 2
2295 3
2296 2
2297 2
2298 2
2299 3
2300 2
2301 2
2302 2
2303 3
2304 7
2305 0
2306 1
2307 3
2308 0
2309 0
2310 1
2311 2
2312 0
2313 0
2314 1
2315 2
2316 1
2317 1
2318 1
2319 2
2320 0
2321 0
2322 1
2323 2
2324 0
2325 0
2326 0
2327 1
2328 0
2329 0
2330 0
2331 1
2332 1
2333 1
2334 1
2335 2
2336 1
2337 0
2338 1
2339 2
2340 0
2341 0
2342 1
2343 1
2344 0
2345 0
2346 1
2347 1
2348 1
2349 1
2350 1
2351 2
2352 3
2353 2
2354 2
2355 3
2356 1
2357 1
2358 1
2359 2
2360 1
2361 1
2362 1
2363 2
2364 2
2365 1
2366 2
2367 2
2368 0
2369 0
2370 1
2371 2
2372 0
2373 0
2374 0
2375 2
2376 0
2377 0
2378 1
2379 1
2380 1
2381 1
2382 1
2383 2
2384 0
2385 0
2386 1
2387 2
2388 0
2389 0
2390 0
2391 1
2392 0
2393 0
2394 0
2395 1
2396 1
2397 0
2398 1
2399 2
2400 0
2401 0
2402 1
2403 2
2404 0
2405 0
2406 1
2407 1
2408 0
2409 0
2410 1
2411 1
2412 1
2413 1
2414 1
2415 2
2416 2
2417 1
2418 2
2419 2
2420 1
2421 1
2422 1
2423 2
2424 1
2425 1
2426 1
2427 2
2428 2
2429 1
2430 2
2431 2
2432 3
2433 1
2434 2
2435 3
2436 0
2437 0
2438 1
2439 2
2440 0
2441 0
2442 1
2443 2
2444 1
2445 1
2446 1
2447 2
2448 0
2449 0
2450 1
2451 2
2452 0
2453 0
2454 1
2455 2
2456 0
2457 0
2458 1
2459 1
2460 1
2461 1
2462 1
2463 2
2464 1
2465 1
2466 1
2467 2
2468 0
2469 0
2470 1
2471 2
2472 0
2473 0
2474 1
2475 2
2476 1
2477 1
2478 1
2479 2
2480 3
2481 2
2482 2
2483 3
2484 1
2485 1
2486 1
2487 2
2488 1
2489 1
2490 1
2491 2
2492 2
2493 2
2494 2
2495 2
2496 6
2497 2
2498 3
2499 3
2500 1
2501 1
2502 2
2503 3
2504 1
2505 1
2506 2
2507 2
2508 2
2509 2
2510 2
2511 3
2512 2
2513 1
2514 2
2515 3
2516 0
2517 1
2518 1
2519 2
2520 1
2521 1
2522 1
2523 2
2524 2
2525 1
2526 2
2527 2
2528 2
2529 2
2530 2
2531 3
2532 1
2533 1
2534 1
2535 2
2536 1
2537 1
2538 1
2539 2
2540 2
2541 2
2542 2
2543 2
2544 4
2545 2
2546 3
2547 3
2548 2
2549 2
2550 2
2551 3
2552 2
2553 2
2554 2
2555 2
2556 2
2557 2
2558 2
2559 3
2560 9
2561 1
2562 2
2563 3
2564 0
2565 0
2566 1
2567 2
2568 0
2569 0
2570 1
2571 2
2572 2
2573 1
2574 2
2575 2
2576 0
2577 0
2578 1
2579 3
2580 0
2581 0
2582 1
2583 2
2584 0
2585 0
2586 1
2587 2
2588 1
2589 1
2590 1
2591 2
2592 1
2593 1
2594 2
2595 3
2596 0
2597 0
2598 1
2599 2
2600 0
2601 0
2602 1
2603 2
2604 1
2605 1
2606 2
2607 2
2608 3
2609 2
2610 2
2611 3
2612 1
2613 1
2614 2
2615 2
2616 1
2617 1
2618 2
2619 2
2620 2
2621 2
2622 2
2623 3
2624 2
2625 1
2626 2
2627 3
2628 0
2629 0
2630 1
2631 2
2632 0
2633 0
2634 1
2635 2
2636 1
2637 1
2638 2
2639 2
2640 0
2641 0
2642 1
2643 2
2644 0
2645 0
2646 1
2647 2
2648 0
2649 0
2650 1
2651 2
2652 1
2653 1
2654 1
2655 2
2656 1
2657 1
2658 1
2659 2
2660 0
2661 0
2662 1
2663 2
2664 0
2665 0
2666 1
2667 2
2668 1
2669 1
2670 1
2671 2
2672 3
2673 2
2674 2
2675 3
2676 1
2677 1
2678 1
2679 2
2680 1
2681 1
2682 1
2683 2
2684 2
2685 2
2686 2
2687 2
2688 3
2689 1
2690 2
2691 3
2692 0
2693 0
2694 1
2695 2
2696 1
2697 1
2698 1
2699 2
2700 2
2701 1
2702 2
2703 2
2704 1
2705 1
2706 2
2707 3
2708 0
2709 0
2710 1
2711 2
2712 0
2713 0
2714 1
2715 2
2716 1
2717 1
2718 1
2719 2
2720 1
2721 1
2722 2
2723 3
2724 0
2725 0
2726 1
2727 2
2728 1
2729 1
2730 1
2731 2
2732 1
2733 1
2734 2
2735 2
2736 3
2737 2
2738 2
2739 3
2740 1
2741 1
2742 2
2743 2
2744 1
2745 1
2746 2
2747 2
2748 2
2749 2
2750 2
2751 2
2752 6
2753 2
2754 3
2755 4
2756 1
2757 1
2758 2
2759 3
2760 1
2761 1
2762 2
2763 3
2764 2
2765 2
2766 2
2767 3
2768 3
2769 2
2770 2
2771 3
2772 1
2773 1
2774 2
2775 2
2776 1
2777 1
2778 2
2779 2
2780 2
2781 2
2782 2
2783 3
2784 3
2785 2
2786 2
2787 3
2788 1
2789 1
2790 2
2791 2
2792 1
2793 1
2794 2
2795 2
2796 2
2797 2
2798 2
2799 3
2800 4
2801 3
2802 3
2803 3
2804 2
2805 2
2806 2
2807 3
2808 2
2809 2
2810 2
2811 3
2812 2
2813 2
2814 2
2815 3
2816 15
2817 2
2818 3
2819 4
2820 0
2821 1
2822 2
2823 3
2824 1
2825 1
2826 2
2827 3
2828 2
2829 2
2830 2
2831 3
2832 1
2833 1
2834 2
2835 3
2836 0
2837 0
2838 1
2839 3
2840 1
2841 1
2842 2
2843 2
2844 2
2845 2
2846 2
2847 3
2848 2
2849 2
2850 2
2851 3
2852 0
2853 1
2854 2
2855 3
2856 1
2857 1
2858 2
2859 2
2860 2
2861 2
2862 2
2863 3
2864 4
2865 2
2866 3
2867 4
2868 2
2869 2
2870 2
2871 3
2872 2
2873 2
2874 2
2875 3
2876 2
2877 2
2878 2
2879 3
2880 4
2881 2
2882 3
2883 4
2884 0
2885 1
2886 2
2887 3
2888 1
2889 1
2890 2
2891 3
2892 2
2893 2
2894 2
2895 3
2896 0
2897 1
2898 2
2899 3
2900 0
2901 0
2902 1
2903 2
2904 0
2905 1
2906 1
2907 2
2908 1
2909 1
2910 2
2911 2
2912 1
2913 1
2914 2
2915 3
2916 0
2917 1
2918 1
2919 2
2920 1
2921 1
2922 1
2923 2
2924 2
2925 2
2926 2
2927 3
2928 3
2929 2
2930 3
2931 3
2932 1
2933 1
2934 2
2935 3
2936 2
2937 1
2938 2
2939 3
2940 2
2941 2
2942 2
2943 3
2944 5
2945 2
2946 3
2947 4
2948 1
2949 1
2950 2
2951 3
2952 1
2953 1
2954 2
2955 3
2956 2
2957 2
2958 2
2959 3
2960 1
2961 1
2962 2
2963 3
2964 0
2965 1
2966 1
2967 2
2968 1
2969 1
2970 2
2971 2
2972 2
2973 2
2974 2
2975 3
2976 2
2977 2
2978 2
2979 3
2980 1
2981 1
2982 2
2983 2
2984 1
2985 1
2986 2
2987 2
2988 2
2989 2
2990 2
2991 3
2992 3
2993 2
2994 3
2995 3
2996 2
2997 2
2998 2
2999 3
3000 2
3001 2
3002 2
3003 3
3004 2
3005 2
3006 2
3007 3
3008 7
3009 3
3010 3
3011 4
3012 2
3013 2
3014 2
3015 3
3016 2
3017 2
3018 2
3019 3
3020 3
3021 2
3022 3
3023 3
3024 3
3025 2
3026 3
3027 4
3028 1
3029 1
3030 2
3031 3
3032 1
3033 1
3034 2
3035 3
3036 2
3037 2
3038 2
3039 3
3040 3
3041 2
3042 3
3043 3
3044 1
3045 1
3046 2
3047 3
3048 1
3049 2
3050 2
3051 3
3052 2
3053 2
3054 2
3055 3
3056 4
3057 3
3058 3
3059 4
3060 2
3061 2
3062 2
3063 3
3064 2
3065 2
3066 2
3067 3
3068 3
3069 2
3070 3
3071 3
3072 7
3073 1
3074 2
3075 4
3076 0
3077 0
3078 1
3079 3
3080 0
3081 0
3082 1
3083 2
3084 2
3085 1
3086 2
3087 3
3088 0
3089 0
3090 2
3091 3
3092 0
3093 0
3094 1
3095 2
3096 0
3097 0
3098 1
3099 2
3100 1
3101 1
3102 2
3103 2
3104 1
3105 1
3106 2
3107 3
3108 0
3109 0
3110 1
3111 2
3112 0
3113 0
3114 1
3115 2
3116 1
3117 1
3118 2
3119 2
3120 3
3121 2
3122 2
3123 3
3124 1
3125 1
3126 2
3127 3
3128 1
3129 1
3130 2
3131 2
3132 2
3133 2
3134 2
3135 3
3136 0
3137 1
3138 2
3139 3
3140 0
3141 0
3142 1
3143 2
3144 0
3145 0
3146 1
3147 2
3148 1
3149 1
3150 2
3151 2
3152 0
3153 0
3154 1
3155 2
3156 0
3157 0
3158 1
3159 2
3160 0
3161 0
3162 1
3163 2
3164 1
3165 1
3166 1
3167 2
3168 0
3169 1
3170 1
3171 3
3172 0
3173 0
3174 1
3175 2
3176 0
3177 0
3178 1
3179 2
3180 1
3181 1
3182 1
3183 2
3184 2
3185 2
3186 2
3187 3
3188 1
3189 1
3190 2
3191 2
3192 1
3193 1
3194 2
3195 2
3196 2
3197 2
3198 2
3199 2
3200 2
3201 1
3202 2
3203 3
3204 0
3205 0
3206 1
3207 2
3208 0
3209 1
3210 1
3211 2
3212 2
3213 1
3214 2
3215 3
3216 0
3217 1
3218 2
3219 3
3220 0
3221 0
3222 1
3223 2
3224 0
3225 0
3226 1
3227 2
3228 1
3229 1
3230 2
3231 2
3232 1
3233 1
3234 2
3235 3
3236 0
3237 0
3238 1
3239 2
3240 0
3241 1
3242 1
3243 2
3244 1
3245 1
3246 2
3247 2
3248 2
3249 2
3250 2
3251 3
3252 1
3253 1
3254 2
3255 2
3256 1
3257 1
3258 2
3259 2
3260 2
3261 2
3262 2
3263 3
3264 5
3265 2
3266 3
3267 4
3268 1
3269 1
3270 2
3271 3
3272 1
3273 1
3274 2
3275 3
3276 2
3277 2
3278 2
3279 3
3280 2
3281 2
3282 2
3283 3
3284 0
3285 1
3286 2
3287 3
3288 1
3289 1
3290 2
3291 2
3292 2
3293 2
3294 2
3295 3
3296 2
3297 2
3298 2
3299 3
3300 1
3301 1
3302 2
3303 3
3304 1
3305 1
3306 2
3307 2
3308 2
3309 2
3310 2
3311 3
3312 3
3313 2
3314 3
3315 4
3316 2
3317 2
3318 2
3319 3
3320 2
3321 2
3322 2
3323 3
3324 2
3325 2
3326 2
3327 3
3328 0
3329 1
3330 2
3331 3
3332 0
3333 0
3334 1
3335 2
3336 0
3337 0
3338 1
3339 2
3340 2
3341 1
3342 2
3343 3
3344 0
3345 0
3346 1
3347 3
3348 0
3349 0
3350 1
3351 2
3352 0
3353 0
3354 1
3355 2
3356 1
3357 1
3358 1
3359 2
3360 0
3361 1
3362 2
3363 3
3364 0
3365 0
3366 1
3367 2
3368 0
3369 0
3370 1
3371 2
3372 1
3373 1
3374 2
3375 2
3376 3
3377 2
3378 2
3379 3
3380 1
3381 1
3382 2
3383 2
3384 1
3385 1
3386 2
3387 2
3388 2
3389 2
3390 2
3391 3
3392 0
3393 0
3394 2
3395 3
3396 0
3397 0
3398 1
3399 2
3400 0
3401 0
3402 1
3403 2
3404 1
3405 1
3406 2
3407 2
3408 0
3409 0
3410 1
3411 2
3412 0
3413 0
3414 1
3415 2
3416 0
3417 0
3418 1
3419 2
3420 1
3421 1
3422 1
3423 2
3424 0
3425 1
3426 1
3427 2
3428 0
3429 0
3430 1
3431 2
3432 0
3433 0
3434 1
3435 2
3436 1
3437 1
3438 1
3439 2
3440 2
3441 2
3442 2
3443 3
3444 1
3445 1
3446 1
3447 2
3448 1
3449 1
3450 1
3451 2
3452 2
3453 2
3454 2
3455 2
3456 1
3457 1
3458 2
3459 3
3460 0
3461 0
3462 1
3463 2
3464 0
3465 1
3466 1
3467 2
3468 2
3469 1
3470 2
3471 3
3472 0
3473 1
3474 2
3475 3
3476 0
3477 0
3478 1
3479 2
3480 0
3481 0
3482 1
3483 2
3484 1
3485 1
3486 2
3487 2
3488 1
3489 1
3490 2
3491 3
3492 0
3493 0
3494 1
3495 2
3496 0
3497 1
3498 1
3499 2
3500 1
3501 1
3502 2
3503 2
3504 2
3505 2
3506 2
3507 3
3508 1
3509 1
3510 2
3511 2
3512 1
3513 1
3514 2
3515 2
3516 2
3517 2
3518 2
3519 3
3520 5
3521 2
3522 3
3523 4
3524 1
3525 1
3526 2
3527 3
3528 1
3529 1
3530 2
3531 3
3532 2
3533 2
3534 2
3535 3
3536 2
3537 1
3538 2
3539 3
3540 0
3541 1
3542 2
3543 2
3544 1
3545 1
3546 2
3547 2
3548 2
3549 2
3550 2
3551 3
3552 2
3553 2
3554 2
3555 3
3556 1
3557 1
3558 2
3559 2
3560 1
3561 1
3562 2
3563 2
3564 2
3565 2
3566 2
3567 3
3568 3
3569 2
3570 3
3571 3
3572 2
3573 2
3574 2
3575 3
3576 2
3577 2
3578 2
3579 3
3580 2
3581 2
3582 2
3583 3
3584 5
3585 1
3586 2
3587 4
3588 0
3589 0
3590 2
3591 3
3592 0
3593 1
3594 2
3595 3
3596 2
3597 2
3598 2
3599 3
3600 0
3601 1
3602 2
3603 3
3604 0
3605 0
3606 1
3607 2
3608 0
3609 0
3610 1
3611 2
3612 1
3613 1
3614 2
3615 2
3616 1
3617 1
3618 2
3619 3
3620 0
3621 0
3622 1
3623 2
3624 0
3625 1
3626 1
3627 2
3628 1
3629 1
3630 2
3631 2
3632 3
3633 2
3634 3
3635 3
3636 1
3637 1
3638 2
3639 3
3640 1
3641 1
3642 2
3643 3
3644 2
3645 2
3646 2
3647 3
3648 0
3649 1
3650 2
3651 3
3652 0
3653 0
3654 1
3655 2
3656 0
3657 1
3658 1
3659 2
3660 2
3661 1
3662 2
3663 3
3664 0
3665 0
3666 2
3667 3
3668 0
3669 0
3670 1
3671 2
3672 0
3673 0
3674 1
3675 2
3676 1
3677 1
3678 2
3679 2
3680 0
3681 1
3682 2
3683 3
3684 0
3685 0
3686 1
3687 2
3688 0
3689 1
3690 1
3691 2
3692 1
3693 1
3694 2
3695 2
3696 2
3697 2
3698 2
3699 3
3700 1
3701 1
3702 2
3703 2
3704 1
3705 1
3706 2
3707 2
3708 2
3709 2
3710 2
3711 3
3712 2
3713 1
3714 2
3715 3
3716 0
3717 1
3718 2
3719 3
3720 1
3721 1
3722 2
3723 2
3724 2
3725 2
3726 2
3727 3
3728 0
3729 1
3730 2
3731 3
3732 0
3733 0
3734 1
3735 2
3736 0
3737 1
3738 1
3739 2
3740 1
3741 1
3742 2
3743 2
3744 1
3745 1
3746 2
3747 3
3748 0
3749 1
3750 1
3751 2
3752 1
3753 1
3754 1
3755 2
3756 1
3757 1
3758 2
3759 2
3760 3
3761 2
3762 2
3763 3
3764 1
3765 1
3766 2
3767 3
3768 1
3769 1
3770 2
3771 2
3772 2
3773 2
3774 2
3775 3
3776 5
3777 2
3778 3
3779 4
3780 1
3781 1
3782 2
3783 3
3784 1
3785 1
3786 2
3787 3
3788 2
3789 2
3790 2
3791 3
3792 2
3793 2
3794 2
3795 3
3796 1
3797 1
3798 2
3799 3
3800 1
3801 1
3802 2
3803 3
3804 2
3805 2
3806 2
3807 3
3808 2
3809 2
3810 2
3811 3
3812 1
3813 1
3814 2
3815 3
3816 1
3817 1
3818 2
3819 3
3820 2
3821 2
3822 2
3823 3
3824 3
3825 3
3826 3
3827 4
3828 2
3829 2
3830 2
3831 3
3832 2
3833 2
3834 2
3835 3
3836 2
3837 2
3838 3
3839 3
3840 11
3841 2
3842 3
3843 4
3844 0
3845 1
3846 2
3847 3
3848 1
3849 1
3850 2
3851 3
3852 2
3853 2
3854 3
3855 3
3856 1
3857 1
3858 2
3859 4
3860 0
3861 1
3862 2
3863 3
3864 1
3865 1
3866 2
3867 3
3868 2
3869 2
3870 2
3871 3
3872 2
3873 2
3874 2
3875 3
3876 0
3877 1
3878 2
3879 3
3880 1
3881 1
3882 2
3883 3
3884 2
3885 2
3886 2
3887 3
3888 3
3889 3
3890 3
3891 4
3892 2
3893 2
3894 2
3895 3
3896 2
3897 2
3898 2
3899 3
3900 2
3901 2
3902 3
3903 3
3904 3
3905 2
3906 3
3907 4
3908 0
3909 1
3910 2
3911 3
3912 1
3913 1
3914 2
3915 3
3916 2
3917 2
3918 2
3919 3
3920 0
3921 1
3922 2
3923 3
3924 0
3925 0
3926 1
3927 3
3928 0
3929 1
3930 2
3931 2
3932 2
3933 1
3934 2
3935 3
3936 1
3937 1
3938 2
3939 3
3940 0
3941 1
3942 2
3943 3
3944 1
3945 1
3946 2
3947 2
3948 2
3949 2
3950 2
3951 3
3952 3
3953 2
3954 3
3955 4
3956 1
3957 1
3958 2
3959 3
3960 2
3961 2
3962 2
3963 3
3964 2
3965 2
3966 2
3967 3
3968 3
3969 2
3970 3
3971 4
3972 0
3973 1
3974 2
3975 3
3976 1
3977 1
3978 2
3979 3
3980 2
3981 2
3982 2
3983 3
3984 1
3985 1
3986 2
3987 3
3988 0
3989 1
3990 2
3991 3
3992 1
3993 1
3994 2
3995 3
3996 2
3997 2
3998 2
3999 3
4000 1
4001 2
4002 2
4003 3
4004 0
4005 1
4006 2
4007 3
4008 1
4009 1
4010 2
4011 3
4012 2
4013 2
4014 2
4015 3
4016 3
4017 2
4018 3
4019 4
4020 2
4021 2
4022 2
4023 3
4024 2
4025 2
4026 2
4027 3
4028 2
4029 2
4030 2
4031 3
4032 6
4033 3
4034 3
4035 4
4036 2
4037 2
4038 2
4039 3
4040 2
4041 2
4042 2
4043 3
4044 3
4045 2
4046 3
4047 3
4048 2
4049 2
4050 3
4051 4
4052 1
4053 1
4054 2
4055 3
4056 1
4057 1
4058 2
4059 3
4060 2
4061 2
4062 2
4063 3
4064 3
4065 2
4066 3
4067 4
4068 1
4069 1
4070 2
4071 3
4072 1
4073 2
4074 2
4075 3
4076 2
4077 2
4078 2
4079 3
4080 4
4081 3
4082 3
4083 4
4084 2
4085 2
4086 3
4087 3
4088 2
4089 2
4090 2
4091 3
4092 3
4093 2
4094 3
4095 3
