0 0
1 0
2 0
3 0
4 0
5 0
6 0
7 0
8 0
9 0
10 0
11 0
12 0
13 0
14 0
15 0
16 0
17 0
18 0
19 0
20 0
21 0
22 6
23 6
24 0
25 8
26 6
27 4
28 0
29 8
30 6
31 4
32 0
33 0
34 0
35 0
36 0
37 7
38 7
39 7
40 0
41 7
42 7
43 6
44 0
45 7
46 7
47 6
48 0
49 0
50 0
51 0
52 0
53 7
54 7
55 7
56 0
57 7
58 7
59 6
60 0
61 7
62 7
63 6
64 0
65 0
66 0
67 0
68 0
69 0
70 6
71 6
72 0
73 8
74 8
75 6
76 0
77 8
78 8
79 6
80 0
81 0
82 6
83 6
84 0
85 8
86 6
87 6
88 2
89 8
90 8
91 6
92 2
93 8
94 8
95 6
96 0
97 8
98 8
99 6
100 6
101 7
102 7
103 6
104 6
105 6
106 8
107 6
108 2
109 2
110 8
111 6
112 0
113 8
114 8
115 6
116 6
117 7
118 7
119 6
120 6
121 6
122 8
123 6
124 2
125 2
126 8
127 6
128 0
129 0
130 0
131 0
132 0
133 7
134 7
135 7
136 0
137 7
138 7
139 6
140 0
141 7
142 7
143 6
144 0
145 8
146 6
147 6
148 6
149 7
150 7
151 7
152 2
153 7
154 7
155 6
156 2
157 7
158 7
159 6
160 0
161 7
162 7
163 6
164 3
165 7
166 7
167 7
168 3
169 7
170 7
171 6
172 2
173 7
174 7
175 6
176 0
177 7
178 7
179 6
180 3
181 7
182 7
183 7
184 3
185 7
186 7
187 6
188 2
189 7
190 7
191 6
192 0
193 0
194 0
195 0
196 0
197 7
198 7
199 7
200 0
201 7
202 7
203 6
204 0
205 7
206 7
207 6
208 0
209 8
210 6
211 6
212 6
213 7
214 7
215 7
216 2
217 7
218 7
219 6
220 2
221 7
222 7
223 6
224 0
225 7
226 7
227 6
228 3
229 7
230 7
231 7
232 3
233 7
234 7
235 6
236 2
237 7
238 7
239 6
240 0
241 7
242 7
243 6
244 3
245 7
246 7
247 7
248 3
249 7
250 7
251 6
252 2
253 7
254 7
255 6
256 0
257 0
258 0
259 0
260 0
261 0
262 8
263 8
264 0
265 10
266 8
267 6
268 0
269 10
270 8
271 6
272 0
273 0
274 8
275 8
276 0
277 8
278 8
279 8
280 8
281 10
282 8
283 6
284 8
285 10
286 8
287 6
288 0
289 10
290 8
291 6
292 8
293 7
294 7
295 6
296 6
297 10
298 8
299 6
300 6
301 10
302 8
303 6
304 0
305 10
306 8
307 6
308 8
309 7
310 7
311 6
312 6
313 10
314 8
315 6
316 6
317 10
318 8
319 6
320 0
321 0
322 8
323 6
324 0
325 8
326 8
327 6
328 6
329 6
330 8
331 6
332 6
333 6
334 8
335 6
336 0
337 8
338 8
339 6
340 8
341 8
342 8
343 6
344 6
345 6
346 8
347 6
348 6
349 6
350 8
351 6
352 6
353 6
354 8
355 6
356 6
357 6
358 8
359 6
360 6
361 6
362 8
363 6
364 6
365 6
366 8
367 6
368 6
369 6
370 8
371 6
372 6
373 6
374 8
375 6
376 6
377 6
378 8
379 6
380 6
381 6
382 8
383 6
384 0
385 10
386 8
387 6
388 8
389 7
390 7
391 6
392 6
393 10
394 8
395 6
396 6
397 10
398 8
399 6
400 8
401 10
402 8
403 6
404 8
405 7
406 7
407 6
408 6
409 10
410 8
411 6
412 6
413 10
414 8
415 6
416 6
417 10
418 8
419 6
420 3
421 7
422 7
423 6
424 6
425 10
426 8
427 6
428 6
429 10
430 8
431 6
432 6
433 10
434 8
435 6
436 3
437 7
438 7
439 6
440 6
441 10
442 8
443 6
444 6
445 10
446 8
447 6
448 0
449 10
450 8
451 6
452 8
453 7
454 7
455 6
456 6
457 10
458 8
459 6
460 6
461 10
462 8
463 6
464 8
465 10
466 8
467 6
468 8
469 7
470 7
471 6
472 6
473 10
474 8
475 6
476 6
477 10
478 8
479 6
480 6
481 10
482 8
483 6
484 3
485 7
486 7
487 6
488 6
489 10
490 8
491 6
492 6
493 10
494 8
495 6
496 6
497 10
498 8
499 6
500 3
501 7
502 7
503 6
504 6
505 10
506 8
507 6
508 6
509 10
510 8
511 6
512 0
513 0
514 0
515 0
516 0
517 9
518 9
519 9
520 0
521 9
522 8
523 6
524 0
525 9
526 8
527 6
528 0
529 8
530 8
531 8
532 7
533 9
534 9
535 9
536 7
537 9
538 8
539 6
540 7
541 9
542 8
543 6
544 0
545 9
546 8
547 6
548 9
549 9
550 9
551 9
552 6
553 9
554 8
555 6
556 6
557 9
558 8
559 6
560 0
561 9
562 8
563 6
564 9
565 9
566 9
567 9
568 6
569 9
570 8
571 6
572 6
573 9
574 8
575 6
576 0
577 8
578 8
579 6
580 7
581 9
582 8
583 6
584 6
585 6
586 8
587 6
588 6
589 6
590 8
591 6
592 7
593 8
594 8
595 6
596 7
597 9
598 8
599 6
600 6
601 6
602 8
603 6
604 6
605 6
606 8
607 6
608 6
609 6
610 8
611 6
612 6
613 9
614 8
615 6
616 6
617 6
618 8
619 6
620 6
621 6
622 8
623 6
624 6
625 6
626 8
627 6
628 6
629 9
630 8
631 6
632 6
633 6
634 8
635 6
636 6
637 6
638 8
639 6
640 0
641 9
642 8
643 6
644 9
645 9
646 9
647 9
648 6
649 9
650 8
651 6
652 6
653 9
654 8
655 6
656 7
657 9
658 8
659 6
660 9
661 9
662 9
663 9
664 6
665 9
666 8
667 6
668 6
669 9
670 8
671 6
672 6
673 9
674 8
675 6
676 9
677 9
678 9
679 9
680 6
681 9
682 8
683 6
684 6
685 9
686 8
687 6
688 6
689 9
690 8
691 6
692 9
693 9
694 9
695 9
696 6
697 9
698 8
699 6
700 6
701 9
702 8
703 6
704 0
705 9
706 8
707 6
708 9
709 9
710 9
711 9
712 6
713 9
714 8
715 6
716 6
717 9
718 8
719 6
720 7
721 9
722 8
723 6
724 9
725 9
726 9
727 9
728 6
729 9
730 8
731 6
732 6
733 9
734 8
735 6
736 6
737 9
738 8
739 6
740 9
741 9
742 9
743 9
744 6
745 9
746 8
747 6
748 6
749 9
750 8
751 6
752 6
753 9
754 8
755 6
756 9
757 9
758 9
759 9
760 6
761 9
762 8
763 6
764 6
765 9
766 8
767 6
768 0
769 0
770 0
771 0
772 0
773 7
774 7
775 7
776 0
777 7
778 7
779 6
780 0
781 7
782 7
783 6
784 0
785 8
786 8
787 8
788 7
789 7
790 7
791 7
792 7
793 7
794 7
795 6
796 7
797 7
798 7
799 6
800 0
801 7
802 7
803 6
804 7
805 7
806 7
807 7
808 6
809 7
810 7
811 6
812 6
813 7
814 7
815 6
816 0
817 7
818 7
819 6
820 7
821 7
822 7
823 7
824 6
825 7
826 7
827 6
828 6
829 7
830 7
831 6
832 0
833 8
834 8
835 6
836 7
837 7
838 7
839 6
840 6
841 6
842 8
843 6
844 6
845 6
846 8
847 6
848 3
849 8
850 8
851 6
852 7
853 7
854 7
855 6
856 6
857 6
858 8
859 6
860 6
861 6
862 8
863 6
864 6
865 6
866 8
867 6
868 6
869 7
870 7
871 6
872 6
873 6
874 8
875 6
876 6
877 6
878 8
879 6
880 6
881 6
882 8
883 6
884 6
885 7
886 7
887 6
888 6
889 6
890 8
891 6
892 6
893 6
894 8
895 6
896 0
897 7
898 7
899 6
900 7
901 7
902 7
903 7
904 6
905 7
906 7
907 6
908 6
909 7
910 7
911 6
912 3
913 7
914 7
915 6
916 7
917 7
918 7
919 7
920 6
921 7
922 7
923 6
924 6
925 7
926 7
927 6
928 6
929 7
930 7
931 6
932 7
933 7
934 7
935 7
936 6
937 7
938 7
939 6
940 6
941 7
942 7
943 6
944 6
945 7
946 7
947 6
948 7
949 7
950 7
951 7
952 6
953 7
954 7
955 6
956 6
957 7
958 7
959 6
960 0
961 7
962 7
963 6
964 7
965 7
966 7
967 7
968 6
969 7
970 7
971 6
972 6
973 7
974 7
975 6
976 3
977 7
978 7
979 6
980 7
981 7
982 7
983 7
984 6
985 7
986 7
987 6
988 6
989 7
990 7
991 6
992 6
993 7
994 7
995 6
996 7
997 7
998 7
999 7
1000 6
1001 7
1002 7
1003 6
1004 6
1005 7
1006 7
1007 6
1008 6
1009 7
1010 7
1011 6
1012 7
1013 7
1014 7
1015 7
1016 6
1017 7
1018 7
1019 6
1020 6
1021 7
1022 7
1023 6
1024 0
1025 0
1026 0
1027 0
1028 0
1029 0
1030 8
1031 8
1032 0
1033 10
1034 8
1035 6
1036 0
1037 10
1038 8
1039 6
1040 0
1041 0
1042 8
1043 8
1044 0
1045 8
1046 8
1047 8
1048 8
1049 10
1050 8
1051 6
1052 8
1053 10
1054 8
1055 6
1056 0
1057 10
1058 8
1059 6
1060 8
1061 7
1062 7
1063 6
1064 6
1065 10
1066 8
1067 6
1068 6
1069 10
1070 8
1071 6
1072 0
1073 10
1074 8
1075 6
1076 8
1077 7
1078 7
1079 6
1080 6
1081 10
1082 8
1083 6
1084 6
1085 10
1086 8
1087 6
1088 0
1089 0
1090 8
1091 6
1092 0
1093 8
1094 8
1095 6
1096 6
1097 6
1098 8
1099 6
1100 6
1101 6
1102 8
1103 6
1104 0
1105 8
1106 8
1107 6
1108 8
1109 8
1110 8
1111 6
1112 6
1113 6
1114 8
1115 6
1116 6
1117 6
1118 8
1119 6
1120 6
1121 6
1122 8
1123 6
1124 6
1125 6
1126 8
1127 6
1128 6
1129 6
1130 8
1131 6
1132 6
1133 6
1134 8
1135 6
1136 6
1137 6
1138 8
1139 6
1140 6
1141 6
1142 8
1143 6
1144 6
1145 6
1146 8
1147 6
1148 6
1149 6
1150 8
1151 6
1152 0
1153 10
1154 8
1155 6
1156 8
1157 7
1158 7
1159 6
1160 6
1161 10
1162 8
1163 6
1164 6
1165 10
1166 8
1167 6
1168 8
1169 10
1170 8
1171 6
1172 8
1173 7
1174 7
1175 6
1176 6
1177 10
1178 8
1179 6
1180 6
1181 10
1182 8
1183 6
1184 6
1185 10
1186 8
1187 6
1188 3
1189 7
1190 7
1191 6
1192 6
1193 10
1194 8
1195 6
1196 6
1197 10
1198 8
1199 6
1200 6
1201 10
1202 8
1203 6
1204 3
1205 7
1206 7
1207 6
1208 6
1209 10
1210 8
1211 6
1212 6
1213 10
1214 8
1215 6
1216 0
1217 10
1218 8
1219 6
1220 8
1221 7
1222 7
1223 6
1224 6
1225 10
1226 8
1227 6
1228 6
1229 10
1230 8
1231 6
1232 8
1233 10
1234 8
1235 6
1236 8
1237 7
1238 7
1239 6
1240 6
1241 10
1242 8
1243 6
1244 6
1245 10
1246 8
1247 6
1248 6
1249 10
1250 8
1251 6
1252 3
1253 7
1254 7
1255 6
1256 6
1257 10
1258 8
1259 6
1260 6
1261 10
1262 8
1263 6
1264 6
1265 10
1266 8
1267 6
1268 3
1269 7
1270 7
1271 6
1272 6
1273 10
1274 8
1275 6
1276 6
1277 10
1278 8
1279 6
1280 0
1281 0
1282 8
1283 6
1284 0
1285 10
1286 8
1287 6
1288 6
1289 10
1290 8
1291 6
1292 6
1293 10
1294 8
1295 6
1296 0
1297 10
1298 8
1299 6
1300 8
1301 10
1302 8
1303 6
1304 6
1305 10
1306 8
1307 6
1308 6
1309 10
1310 8
1311 6
1312 6
1313 10
1314 8
1315 6
1316 6
1317 10
1318 8
1319 6
1320 6
1321 10
1322 8
1323 6
1324 6
1325 10
1326 8
1327 6
1328 6
1329 10
1330 8
1331 6
1332 6
1333 10
1334 8
1335 6
1336 6
1337 10
1338 8
1339 6
1340 6
1341 10
1342 8
1343 6
1344 0
1345 6
1346 8
1347 6
1348 6
1349 6
1350 8
1351 6
1352 6
1353 6
1354 8
1355 6
1356 6
1357 6
1358 8
1359 6
1360 6
1361 6
1362 8
1363 6
1364 6
1365 6
1366 8
1367 6
1368 6
1369 6
1370 8
1371 6
1372 6
1373 6
1374 8
1375 6
1376 6
1377 6
1378 8
1379 6
1380 6
1381 6
1382 8
1383 6
1384 6
1385 6
1386 8
1387 6
1388 6
1389 6
1390 8
1391 6
1392 6
1393 6
1394 8
1395 6
1396 6
1397 6
1398 8
1399 6
1400 6
1401 6
1402 8
1403 6
1404 6
1405 6
1406 8
1407 6
1408 6
1409 10
1410 8
1411 6
1412 6
1413 10
1414 8
1415 6
1416 6
1417 10
1418 8
1419 6
1420 6
1421 10
1422 8
1423 6
1424 6
1425 10
1426 8
1427 6
1428 6
1429 10
1430 8
1431 6
1432 6
1433 10
1434 8
1435 6
1436 6
1437 10
1438 8
1439 6
1440 6
1441 10
1442 8
1443 6
1444 6
1445 10
1446 8
1447 6
1448 6
1449 10
1450 8
1451 6
1452 6
1453 10
1454 8
1455 6
1456 6
1457 10
1458 8
1459 6
1460 6
1461 10
1462 8
1463 6
1464 6
1465 10
1466 8
1467 6
1468 6
1469 10
1470 8
1471 6
1472 6
1473 10
1474 8
1475 6
1476 6
1477 10
1478 8
1479 6
1480 6
1481 10
1482 8
1483 6
1484 6
1485 10
1486 8
1487 6
1488 6
1489 10
1490 8
1491 6
1492 6
1493 10
1494 8
1495 6
1496 6
1497 10
1498 8
1499 6
1500 6
1501 10
1502 8
1503 6
1504 6
1505 10
1506 8
1507 6
1508 6
1509 10
1510 8
1511 6
1512 6
1513 10
1514 8
1515 6
1516 6
1517 10
1518 8
1519 6
1520 6
1521 10
1522 8
1523 6
1524 6
1525 10
1526 8
1527 6
1528 6
1529 10
1530 8
1531 6
1532 6
1533 10
1534 8
1535 6
1536 0
1537 10
1538 8
1539 6
1540 8
1541 9
1542 8
1543 6
1544 6
1545 10
1546 8
1547 6
1548 6
1549 10
1550 8
1551 6
1552 8
1553 10
1554 8
1555 6
1556 8
1557 9
1558 8
1559 6
1560 6
1561 10
1562 8
1563 6
1564 6
1565 10
1566 8
1567 6
1568 6
1569 10
1570 8
1571 6
1572 6
1573 9
1574 8
1575 6
1576 6
1577 10
1578 8
1579 6
1580 6
1581 10
1582 8
1583 6
1584 6
1585 10
1586 8
1587 6
1588 6
1589 9
1590 8
1591 6
1592 6
1593 10
1594 8
1595 6
1596 6
1597 10
1598 8
1599 6
1600 6
1601 6
1602 8
1603 6
1604 6
1605 6
1606 8
1607 6
1608 6
1609 6
1610 8
1611 6
1612 6
1613 6
1614 8
1615 6
1616 6
1617 6
1618 8
1619 6
1620 6
1621 6
1622 8
1623 6
1624 6
1625 6
1626 8
1627 6
1628 6
1629 6
1630 8
1631 6
1632 6
1633 6
1634 8
1635 6
1636 6
1637 6
1638 8
1639 6
1640 6
1641 6
1642 8
1643 6
1644 6
1645 6
1646 8
1647 6
1648 6
1649 6
1650 8
1651 6
1652 6
1653 6
1654 8
1655 6
1656 6
1657 6
1658 8
1659 6
1660 6
1661 6
1662 8
1663 6
1664 6
1665 10
1666 8
1667 6
1668 6
1669 9
1670 8
1671 6
1672 6
1673 10
1674 8
1675 6
1676 6
1677 10
1678 8
1679 6
1680 6
1681 10
1682 8
1683 6
1684 6
1685 9
1686 8
1687 6
1688 6
1689 10
1690 8
1691 6
1692 6
1693 10
1694 8
1695 6
1696 6
1697 10
1698 8
1699 6
1700 6
1701 9
1702 8
1703 6
1704 6
1705 10
1706 8
1707 6
1708 6
1709 10
1710 8
1711 6
1712 6
1713 10
1714 8
1715 6
1716 6
1717 9
1718 8
1719 6
1720 6
1721 10
1722 8
1723 6
1724 6
1725 10
1726 8
1727 6
1728 6
1729 10
1730 8
1731 6
1732 6
1733 9
1734 8
1735 6
1736 6
1737 10
1738 8
1739 6
1740 6
1741 10
1742 8
1743 6
1744 6
1745 10
1746 8
1747 6
1748 6
1749 9
1750 8
1751 6
1752 6
1753 10
1754 8
1755 6
1756 6
1757 10
1758 8
1759 6
1760 6
1761 10
1762 8
1763 6
1764 6
1765 9
1766 8
1767 6
1768 6
1769 10
1770 8
1771 6
1772 6
1773 10
1774 8
1775 6
1776 6
1777 10
1778 8
1779 6
1780 6
1781 9
1782 8
1783 6
1784 6
1785 10
1786 8
1787 6
1788 6
1789 10
1790 8
1791 6
1792 0
1793 10
1794 8
1795 6
1796 8
1797 7
1798 7
1799 6
1800 6
1801 10
1802 8
1803 6
1804 6
1805 10
1806 8
1807 6
1808 8
1809 10
1810 8
1811 6
1812 8
1813 7
1814 7
1815 6
1816 6
1817 10
1818 8
1819 6
1820 6
1821 10
1822 8
1823 6
1824 6
1825 10
1826 8
1827 6
1828 6
1829 7
1830 7
1831 6
1832 6
1833 10
1834 8
1835 6
1836 6
1837 10
1838 8
1839 6
1840 6
1841 10
1842 8
1843 6
1844 6
1845 7
1846 7
1847 6
1848 6
1849 10
1850 8
1851 6
1852 6
1853 10
1854 8
1855 6
1856 6
1857 6
1858 8
1859 6
1860 6
1861 6
1862 8
1863 6
1864 6
1865 6
1866 8
1867 6
1868 6
1869 6
1870 8
1871 6
1872 6
1873 6
1874 8
1875 6
1876 6
1877 6
1878 8
1879 6
1880 6
1881 6
1882 8
1883 6
1884 6
1885 6
1886 8
1887 6
1888 6
1889 6
1890 8
1891 6
1892 6
1893 6
1894 8
1895 6
1896 6
1897 6
1898 8
1899 6
1900 6
1901 6
1902 8
1903 6
1904 6
1905 6
1906 8
1907 6
1908 6
1909 6
1910 8
1911 6
1912 6
1913 6
1914 8
1915 6
1916 6
1917 6
1918 8
1919 6
1920 6
1921 10
1922 8
1923 6
1924 6
1925 7
1926 7
1927 6
1928 6
1929 10
1930 8
1931 6
1932 6
1933 10
1934 8
1935 6
1936 6
1937 10
1938 8
1939 6
1940 6
1941 7
1942 7
1943 6
1944 6
1945 10
1946 8
1947 6
1948 6
1949 10
1950 8
1951 6
1952 6
1953 10
1954 8
1955 6
1956 6
1957 7
1958 7
1959 6
1960 6
1961 10
1962 8
1963 6
1964 6
1965 10
1966 8
1967 6
1968 6
1969 10
1970 8
1971 6
1972 6
1973 7
1974 7
1975 6
1976 6
1977 10
1978 8
1979 6
1980 6
1981 10
1982 8
1983 6
1984 6
1985 10
1986 8
1987 6
1988 6
1989 7
1990 7
1991 6
1992 6
1993 10
1994 8
1995 6
1996 6
1997 10
1998 8
1999 6
2000 6
2001 10
2002 8
2003 6
2004 6
2005 7
2006 7
2007 6
2008 6
2009 10
2010 8
2011 6
2012 6
2013 10
2014 8
2015 6
2016 6
2017 10
2018 8
2019 6
2020 6
2021 7
2022 7
2023 6
2024 6
2025 10
2026 8
2027 6
2028 6
2029 10
2030 8
2031 6
2032 6
2033 10
2034 8
2035 6
2036 6
2037 7
2038 7
2039 6
2040 6
2041 10
2042 8
2043 6
2044 6
2045 10
2046 8
2047 6
2048 0
2049 0
2050 0
2051 0
2052 0
2053 9
2054 9
2055 9
2056 0
2057 9
2058 8
2059 6
2060 0
2061 9
2062 8
2063 6
2064 0
2065 8
2066 8
2067 8
2068 7
2069 9
2070 9
2071 9
2072 7
2073 9
2074 8
2075 6
2076 7
2077 9
2078 8
2079 6
2080 0
2081 9
2082 8
2083 6
2084 9
2085 9
2086 9
2087 9
2088 6
2089 9
2090 8
2091 6
2092 6
2093 9
2094 8
2095 6
2096 0
2097 9
2098 8
2099 6
2100 9
2101 9
2102 9
2103 9
2104 6
2105 9
2106 8
2107 6
2108 6
2109 9
2110 8
2111 6
2112 0
2113 8
2114 8
2115 6
2116 7
2117 9
2118 8
2119 6
2120 6
2121 6
2122 8
2123 6
2124 6
2125 6
2126 8
2127 6
2128 7
2129 8
2130 8
2131 6
2132 7
2133 9
2134 8
2135 6
2136 6
2137 6
2138 8
2139 6
2140 6
2141 6
2142 8
2143 6
2144 6
2145 6
2146 8
2147 6
2148 6
2149 9
2150 8
2151 6
2152 6
2153 6
2154 8
2155 6
2156 6
2157 6
2158 8
2159 6
2160 6
2161 6
2162 8
2163 6
2164 6
2165 9
2166 8
2167 6
2168 6
2169 6
2170 8
2171 6
2172 6
2173 6
2174 8
2175 6
2176 0
2177 9
2178 8
2179 6
2180 9
2181 9
2182 9
2183 9
2184 6
2185 9
2186 8
2187 6
2188 6
2189 9
2190 8
2191 6
2192 7
2193 9
2194 8
2195 6
2196 9
2197 9
2198 9
2199 9
2200 6
2201 9
2202 8
2203 6
2204 6
2205 9
2206 8
2207 6
2208 6
2209 9
2210 8
2211 6
2212 9
2213 9
2214 9
2215 9
2216 6
2217 9
2218 8
2219 6
2220 6
2221 9
2222 8
2223 6
2224 6
2225 9
2226 8
2227 6
2228 9
2229 9
2230 9
2231 9
2232 6
2233 9
2234 8
2235 6
2236 6
2237 9
2238 8
2239 6
2240 0
2241 9
2242 8
2243 6
2244 9
2245 9
2246 9
2247 9
2248 6
2249 9
2250 8
2251 6
2252 6
2253 9
2254 8
2255 6
2256 7
2257 9
2258 8
2259 6
2260 9
2261 9
2262 9
2263 9
2264 6
2265 9
2266 8
2267 6
2268 6
2269 9
2270 8
2271 6
2272 6
2273 9
2274 8
2275 6
2276 9
2277 9
2278 9
2279 9
2280 6
2281 9
2282 8
2283 6
2284 6
2285 9
2286 8
2287 6
2288 6
2289 9
2290 8
2291 6
2292 9
2293 9
2294 9
2295 9
2296 6
2297 9
2298 8
2299 6
2300 6
2301 9
2302 8
2303 6
2304 0
2305 10
2306 8
2307 6
2308 8
2309 9
2310 8
2311 6
2312 6
2313 10
2314 8
2315 6
2316 6
2317 10
2318 8
2319 6
2320 8
2321 10
2322 8
2323 6
2324 8
2325 9
2326 8
2327 6
2328 6
2329 10
2330 8
2331 6
2332 6
2333 10
2334 8
2335 6
2336 6
2337 10
2338 8
2339 6
2340 6
2341 9
2342 8
2343 6
2344 6
2345 10
2346 8
2347 6
2348 6
2349 10
2350 8
2351 6
2352 6
2353 10
2354 8
2355 6
2356 6
2357 9
2358 8
2359 6
2360 6
2361 10
2362 8
2363 6
2364 6
2365 10
2366 8
2367 6
2368 6
2369 6
2370 8
2371 6
2372 6
2373 6
2374 8
2375 6
2376 6
2377 6
2378 8
2379 6
2380 6
2381 6
2382 8
2383 6
2384 6
2385 6
2386 8
2387 6
2388 6
2389 6
2390 8
2391 6
2392 6
2393 6
2394 8
2395 6
2396 6
2397 6
2398 8
2399 6
2400 6
2401 6
2402 8
2403 6
2404 6
2405 6
2406 8
2407 6
2408 6
2409 6
2410 8
2411 6
2412 6
2413 6
2414 8
2415 6
2416 6
2417 6
2418 8
2419 6
2420 6
2421 6
2422 8
2423 6
2424 6
2425 6
2426 8
2427 6
2428 6
2429 6
2430 8
2431 6
2432 6
2433 10
2434 8
2435 6
2436 6
2437 9
2438 8
2439 6
2440 6
2441 10
2442 8
2443 6
2444 6
2445 10
2446 8
2447 6
2448 6
2449 10
2450 8
2451 6
2452 6
2453 9
2454 8
2455 6
2456 6
2457 10
2458 8
2459 6
2460 6
2461 10
2462 8
2463 6
2464 6
2465 10
2466 8
2467 6
2468 6
2469 9
2470 8
2471 6
2472 6
2473 10
2474 8
2475 6
2476 6
2477 10
2478 8
2479 6
2480 6
2481 10
2482 8
2483 6
2484 6
2485 9
2486 8
2487 6
2488 6
2489 10
2490 8
2491 6
2492 6
2493 10
2494 8
2495 6
2496 6
2497 10
2498 8
2499 6
2500 6
2501 9
2502 8
2503 6
2504 6
2505 10
2506 8
2507 6
2508 6
2509 10
2510 8
2511 6
2512 6
2513 10
2514 8
2515 6
2516 6
2517 9
2518 8
2519 6
2520 6
2521 10
2522 8
2523 6
2524 6
2525 10
2526 8
2527 6
2528 6
2529 10
2530 8
2531 6
2532 6
2533 9
2534 8
2535 6
2536 6
2537 10
2538 8
2539 6
2540 6
2541 10
2542 8
2543 6
2544 6
2545 10
2546 8
2547 6
2548 6
2549 9
2550 8
2551 6
2552 6
2553 10
2554 8
2555 6
2556 6
2557 10
2558 8
2559 6
2560 0
2561 9
2562 8
2563 6
2564 9
2565 9
2566 9
2567 9
2568 6
2569 9
2570 8
2571 6
2572 6
2573 9
2574 8
2575 6
2576 7
2577 9
2578 8
2579 6
2580 9
2581 9
2582 9
2583 9
2584 6
2585 9
2586 8
2587 6
2588 6
2589 9
2590 8
2591 6
2592 6
2593 9
2594 8
2595 6
2596 9
2597 9
2598 9
2599 9
2600 6
2601 9
2602 8
2603 6
2604 6
2605 9
2606 8
2607 6
2608 6
2609 9
2610 8
2611 6
2612 9
2613 9
2614 9
2615 9
2616 6
2617 9
2618 8
2619 6
2620 6
2621 9
2622 8
2623 6
2624 6
2625 6
2626 8
2627 6
2628 6
2629 9
2630 8
2631 6
2632 6
2633 6
2634 8
2635 6
2636 6
2637 6
2638 8
2639 6
2640 6
2641 6
2642 8
2643 6
2644 6
2645 9
2646 8
2647 6
2648 6
2649 6
2650 8
2651 6
2652 6
2653 6
2654 8
2655 6
2656 6
2657 6
2658 8
2659 6
2660 6
2661 9
2662 8
2663 6
2664 6
2665 6
2666 8
2667 6
2668 6
2669 6
2670 8
2671 6
2672 6
2673 6
2674 8
2675 6
2676 6
2677 9
2678 8
2679 6
2680 6
2681 6
2682 8
2683 6
2684 6
2685 6
2686 8
2687 6
2688 6
2689 9
2690 8
2691 6
2692 9
2693 9
2694 9
2695 9
2696 6
2697 9
2698 8
2699 6
2700 6
2701 9
2702 8
2703 6
2704 6
2705 9
2706 8
2707 6
2708 9
2709 9
2710 9
2711 9
2712 6
2713 9
2714 8
2715 6
2716 6
2717 9
2718 8
2719 6
2720 6
2721 9
2722 8
2723 6
2724 9
2725 9
2726 9
2727 9
2728 6
2729 9
2730 8
2731 6
2732 6
2733 9
2734 8
2735 6
2736 6
2737 9
2738 8
2739 6
2740 9
2741 9
2742 9
2743 9
2744 6
2745 9
2746 8
2747 6
2748 6
2749 9
2750 8
2751 6
2752 6
2753 9
2754 8
2755 6
2756 9
2757 9
2758 9
2759 9
2760 6
2761 9
2762 8
2763 6
2764 6
2765 9
2766 8
2767 6
2768 6
2769 9
2770 8
2771 6
2772 9
2773 9
2774 9
2775 9
2776 6
2777 9
2778 8
2779 6
2780 6
2781 9
2782 8
2783 6
2784 6
2785 9
2786 8
2787 6
2788 9
2789 9
2790 9
2791 9
2792 6
2793 9
2794 8
2795 6
2796 6
2797 9
2798 8
2799 6
2800 6
2801 9
2802 8
2803 6
2804 9
2805 9
2806 9
2807 9
2808 6
2809 9
2810 8
2811 6
2812 6
2813 9
2814 8
2815 6
2816 0
2817 9
2818 8
2819 6
2820 9
2821 9
2822 9
2823 9
2824 6
2825 9
2826 8
2827 6
2828 6
2829 9
2830 8
2831 6
2832 7
2833 9
2834 8
2835 6
2836 9
2837 9
2838 9
2839 9
2840 6
2841 9
2842 8
2843 6
2844 6
2845 9
2846 8
2847 6
2848 6
2849 9
2850 8
2851 6
2852 9
2853 9
2854 9
2855 9
2856 6
2857 9
2858 8
2859 6
2860 6
2861 9
2862 8
2863 6
2864 6
2865 9
2866 8
2867 6
2868 9
2869 9
2870 9
2871 9
2872 6
2873 9
2874 8
2875 6
2876 6
2877 9
2878 8
2879 6
2880 6
2881 6
2882 8
2883 6
2884 6
2885 9
2886 8
2887 6
2888 6
2889 6
2890 8
2891 6
2892 6
2893 6
2894 8
2895 6
2896 6
2897 6
2898 8
2899 6
2900 6
2901 9
2902 8
2903 6
2904 6
2905 6
2906 8
2907 6
2908 6
2909 6
2910 8
2911 6
2912 6
2913 6
2914 8
2915 6
2916 6
2917 9
2918 8
2919 6
2920 6
2921 6
2922 8
2923 6
2924 6
2925 6
2926 8
2927 6
2928 6
2929 6
2930 8
2931 6
2932 6
2933 9
2934 8
2935 6
2936 6
2937 6
2938 8
2939 6
2940 6
2941 6
2942 8
2943 6
2944 6
2945 9
2946 8
2947 6
2948 9
2949 9
2950 9
2951 9
2952 6
2953 9
2954 8
2955 6
2956 6
2957 9
2958 8
2959 6
2960 6
2961 9
2962 8
2963 6
2964 9
2965 9
2966 9
2967 9
2968 6
2969 9
2970 8
2971 6
2972 6
2973 9
2974 8
2975 6
2976 6
2977 9
2978 8
2979 6
2980 9
2981 9
2982 9
2983 9
2984 6
2985 9
2986 8
2987 6
2988 6
2989 9
2990 8
2991 6
2992 6
2993 9
2994 8
2995 6
2996 9
2997 9
2998 9
2999 9
3000 6
3001 9
3002 8
3003 6
3004 6
3005 9
3006 8
3007 6
3008 6
3009 9
3010 8
3011 6
3012 9
3013 9
3014 9
3015 9
3016 6
3017 9
3018 8
3019 6
3020 6
3021 9
3022 8
3023 6
3024 6
3025 9
3026 8
3027 6
3028 9
3029 9
3030 9
3031 9
3032 6
3033 9
3034 8
3035 6
3036 6
3037 9
3038 8
3039 6
3040 6
3041 9
3042 8
3043 6
3044 9
3045 9
3046 9
3047 9
3048 6
3049 9
3050 8
3051 6
3052 6
3053 9
3054 8
3055 6
3056 6
3057 9
3058 8
3059 6
3060 9
3061 9
3062 9
3063 9
3064 6
3065 9
3066 8
3067 6
3068 6
3069 9
3070 8
3071 6
3072 0
3073 0
3074 0
3075 0
3076 0
3077 7
3078 7
3079 7
3080 0
3081 7
3082 7
3083 6
3084 0
3085 7
3086 7
3087 6
3088 0
3089 8
3090 8
3091 8
3092 7
3093 7
3094 7
3095 7
3096 7
3097 7
3098 7
3099 6
3100 7
3101 7
3102 7
3103 6
3104 0
3105 7
3106 7
3107 6
3108 7
3109 7
3110 7
3111 7
3112 6
3113 7
3114 7
3115 6
3116 6
3117 7
3118 7
3119 6
3120 0
3121 7
3122 7
3123 6
3124 7
3125 7
3126 7
3127 7
3128 6
3129 7
3130 7
3131 6
3132 6
3133 7
3134 7
3135 6
3136 0
3137 8
3138 8
3139 6
3140 7
3141 7
3142 7
3143 6
3144 6
3145 6
3146 8
3147 6
3148 6
3149 6
3150 8
3151 6
3152 7
3153 8
3154 8
3155 6
3156 7
3157 7
3158 7
3159 6
3160 6
3161 6
3162 8
3163 6
3164 6
3165 6
3166 8
3167 6
3168 6
3169 6
3170 8
3171 6
3172 6
3173 7
3174 7
3175 6
3176 6
3177 6
3178 8
3179 6
3180 6
3181 6
3182 8
3183 6
3184 6
3185 6
3186 8
3187 6
3188 6
3189 7
3190 7
3191 6
3192 6
3193 6
3194 8
3195 6
3196 6
3197 6
3198 8
3199 6
3200 0
3201 7
3202 7
3203 6
3204 7
3205 7
3206 7
3207 7
3208 6
3209 7
3210 7
3211 6
3212 6
3213 7
3214 7
3215 6
3216 5
3217 7
3218 7
3219 6
3220 7
3221 7
3222 7
3223 7
3224 6
3225 7
3226 7
3227 6
3228 6
3229 7
3230 7
3231 6
3232 6
3233 7
3234 7
3235 6
3236 7
3237 7
3238 7
3239 7
3240 6
3241 7
3242 7
3243 6
3244 6
3245 7
3246 7
3247 6
3248 6
3249 7
3250 7
3251 6
3252 7
3253 7
3254 7
3255 7
3256 6
3257 7
3258 7
3259 6
3260 6
3261 7
3262 7
3263 6
3264 0
3265 7
3266 7
3267 6
3268 7
3269 7
3270 7
3271 7
3272 6
3273 7
3274 7
3275 6
3276 6
3277 7
3278 7
3279 6
3280 5
3281 7
3282 7
3283 6
3284 7
3285 7
3286 7
3287 7
3288 6
3289 7
3290 7
3291 6
3292 6
3293 7
3294 7
3295 6
3296 6
3297 7
3298 7
3299 6
3300 7
3301 7
3302 7
3303 7
3304 6
3305 7
3306 7
3307 6
3308 6
3309 7
3310 7
3311 6
3312 6
3313 7
3314 7
3315 6
3316 7
3317 7
3318 7
3319 7
3320 6
3321 7
3322 7
3323 6
3324 6
3325 7
3326 7
3327 6
3328 0
3329 10
3330 8
3331 6
3332 8
3333 7
3334 7
3335 6
3336 6
3337 10
3338 8
3339 6
3340 6
3341 10
3342 8
3343 6
3344 8
3345 10
3346 8
3347 6
3348 8
3349 7
3350 7
3351 6
3352 6
3353 10
3354 8
3355 6
3356 6
3357 10
3358 8
3359 6
3360 6
3361 10
3362 8
3363 6
3364 6
3365 7
3366 7
3367 6
3368 6
3369 10
3370 8
3371 6
3372 6
3373 10
3374 8
3375 6
3376 6
3377 10
3378 8
3379 6
3380 6
3381 7
3382 7
3383 6
3384 6
3385 10
3386 8
3387 6
3388 6
3389 10
3390 8
3391 6
3392 6
3393 6
3394 8
3395 6
3396 6
3397 6
3398 8
3399 6
3400 6
3401 6
3402 8
3403 6
3404 6
3405 6
3406 8
3407 6
3408 6
3409 6
3410 8
3411 6
3412 6
3413 6
3414 8
3415 6
3416 6
3417 6
3418 8
3419 6
3420 6
3421 6
3422 8
3423 6
3424 6
3425 6
3426 8
3427 6
3428 6
3429 6
3430 8
3431 6
3432 6
3433 6
3434 8
3435 6
3436 6
3437 6
3438 8
3439 6
3440 6
3441 6
3442 8
3443 6
3444 6
3445 6
3446 8
3447 6
3448 6
3449 6
3450 8
3451 6
3452 6
3453 6
3454 8
3455 6
3456 6
3457 10
3458 8
3459 6
3460 6
3461 7
3462 7
3463 6
3464 6
3465 10
3466 8
3467 6
3468 6
3469 10
3470 8
3471 6
3472 6
3473 10
3474 8
3475 6
3476 6
3477 7
3478 7
3479 6
3480 6
3481 10
3482 8
3483 6
3484 6
3485 10
3486 8
3487 6
3488 6
3489 10
3490 8
3491 6
3492 6
3493 7
3494 7
3495 6
3496 6
3497 10
3498 8
3499 6
3500 6
3501 10
3502 8
3503 6
3504 6
3505 10
3506 8
3507 6
3508 6
3509 7
3510 7
3511 6
3512 6
3513 10
3514 8
3515 6
3516 6
3517 10
3518 8
3519 6
3520 6
3521 10
3522 8
3523 6
3524 6
3525 7
3526 7
3527 6
3528 6
3529 10
3530 8
3531 6
3532 6
3533 10
3534 8
3535 6
3536 6
3537 10
3538 8
3539 6
3540 6
3541 7
3542 7
3543 6
3544 6
3545 10
3546 8
3547 6
3548 6
3549 10
3550 8
3551 6
3552 6
3553 10
3554 8
3555 6
3556 6
3557 7
3558 7
3559 6
3560 6
3561 10
3562 8
3563 6
3564 6
3565 10
3566 8
3567 6
3568 6
3569 10
3570 8
3571 6
3572 6
3573 7
3574 7
3575 6
3576 6
3577 10
3578 8
3579 6
3580 6
3581 10
3582 8
3583 6
3584 0
3585 9
3586 8
3587 6
3588 9
3589 9
3590 9
3591 9
3592 6
3593 9
3594 8
3595 6
3596 6
3597 9
3598 8
3599 6
3600 7
3601 9
3602 8
3603 6
3604 9
3605 9
3606 9
3607 9
3608 6
3609 9
3610 8
3611 6
3612 6
3613 9
3614 8
3615 6
3616 6
3617 9
3618 8
3619 6
3620 9
3621 9
3622 9
3623 9
3624 6
3625 9
3626 8
3627 6
3628 6
3629 9
3630 8
3631 6
3632 6
3633 9
3634 8
3635 6
3636 9
3637 9
3638 9
3639 9
3640 6
3641 9
3642 8
3643 6
3644 6
3645 9
3646 8
3647 6
3648 6
3649 6
3650 8
3651 6
3652 6
3653 9
3654 8
3655 6
3656 6
3657 6
3658 8
3659 6
3660 6
3661 6
3662 8
3663 6
3664 6
3665 6
3666 8
3667 6
3668 6
3669 9
3670 8
3671 6
3672 6
3673 6
3674 8
3675 6
3676 6
3677 6
3678 8
3679 6
3680 6
3681 6
3682 8
3683 6
3684 6
3685 9
3686 8
3687 6
3688 6
3689 6
3690 8
3691 6
3692 6
3693 6
3694 8
3695 6
3696 6
3697 6
3698 8
3699 6
3700 6
3701 9
3702 8
3703 6
3704 6
3705 6
3706 8
3707 6
3708 6
3709 6
3710 8
3711 6
3712 6
3713 9
3714 8
3715 6
3716 9
3717 9
3718 9
3719 9
3720 6
3721 9
3722 8
3723 6
3724 6
3725 9
3726 8
3727 6
3728 6
3729 9
3730 8
3731 6
3732 9
3733 9
3734 9
3735 9
3736 6
3737 9
3738 8
3739 6
3740 6
3741 9
3742 8
3743 6
3744 6
3745 9
3746 8
3747 6
3748 9
3749 9
3750 9
3751 9
3752 6
3753 9
3754 8
3755 6
3756 6
3757 9
3758 8
3759 6
3760 6
3761 9
3762 8
3763 6
3764 9
3765 9
3766 9
3767 9
3768 6
3769 9
3770 8
3771 6
3772 6
3773 9
3774 8
3775 6
3776 6
3777 9
3778 8
3779 6
3780 9
3781 9
3782 9
3783 9
3784 6
3785 9
3786 8
3787 6
3788 6
3789 9
3790 8
3791 6
3792 6
3793 9
3794 8
3795 6
3796 9
3797 9
3798 9
3799 9
3800 6
3801 9
3802 8
3803 6
3804 6
3805 9
3806 8
3807 6
3808 6
3809 9
3810 8
3811 6
3812 9
3813 9
3814 9
3815 9
3816 6
3817 9
3818 8
3819 6
3820 6
3821 9
3822 8
3823 6
3824 6
3825 9
3826 8
3827 6
3828 9
3829 9
3830 9
3831 9
3832 6
3833 9
3834 8
3835 6
3836 6
3837 9
3838 8
3839 6
3840 0
3841 7
3842 7
3843 6
3844 7
3845 7
3846 7
3847 7
3848 6
3849 7
3850 7
3851 6
3852 6
3853 7
3854 7
3855 6
3856 5
3857 7
3858 7
3859 6
3860 7
3861 7
3862 7
3863 7
3864 6
3865 7
3866 7
3867 6
3868 6
3869 7
3870 7
3871 6
3872 6
3873 7
3874 7
3875 6
3876 7
3877 7
3878 7
3879 7
3880 6
3881 7
3882 7
3883 6
3884 6
3885 7
3886 7
3887 6
3888 6
3889 7
3890 7
3891 6
3892 7
3893 7
3894 7
3895 7
3896 6
3897 7
3898 7
3899 6
3900 6
3901 7
3902 7
3903 6
3904 6
3905 6
3906 8
3907 6
3908 6
3909 7
3910 7
3911 6
3912 6
3913 6
3914 8
3915 6
3916 6
3917 6
3918 8
3919 6
3920 6
3921 6
3922 8
3923 6
3924 6
3925 7
3926 7
3927 6
3928 6
3929 6
3930 8
3931 6
3932 6
3933 6
3934 8
3935 6
3936 6
3937 6
3938 8
3939 6
3940 6
3941 7
3942 7
3943 6
3944 6
3945 6
3946 8
3947 6
3948 6
3949 6
3950 8
3951 6
3952 6
3953 6
3954 8
3955 6
3956 6
3957 7
3958 7
3959 6
3960 6
3961 6
3962 8
3963 6
3964 6
3965 6
3966 8
3967 6
3968 6
3969 7
3970 7
3971 6
3972 7
3973 7
3974 7
3975 7
3976 6
3977 7
3978 7
3979 6
3980 6
3981 7
3982 7
3983 6
3984 6
3985 7
3986 7
3987 6
3988 7
3989 7
3990 7
3991 7
3992 6
3993 7
3994 7
3995 6
3996 6
3997 7
3998 7
3999 6
4000 6
4001 7
4002 7
4003 6
4004 7
4005 7
4006 7
4007 7
4008 6
4009 7
4010 7
4011 6
4012 6
4013 7
4014 7
4015 6
4016 6
4017 7
4018 7
4019 6
4020 7
4021 7
4022 7
4023 7
4024 6
4025 7
4026 7
4027 6
4028 6
4029 7
4030 7
4031 6
4032 6
4033 7
4034 7
4035 6
4036 7
4037 7
4038 7
4039 7
4040 6
4041 7
4042 7
4043 6
4044 6
4045 7
4046 7
4047 6
4048 6
4049 7
4050 7
4051 6
4052 7
4053 7
4054 7
4055 7
4056 6
4057 7
4058 7
4059 6
4060 6
4061 7
4062 7
4063 6
4064 6
4065 7
4066 7
4067 6
4068 7
4069 7
4070 7
4071 7
4072 6
4073 7
4074 7
4075 6
4076 6
4077 7
4078 7
4079 6
4080 6
4081 7
4082 7
4083 6
4084 7
4085 7
4086 7
4087 7
4088 6
4089 7
4090 7
4091 6
4092 6
4093 7
4094 7
4095 6
