#CSC Position Offset LUT
#Structure is comparator code (iCC) -> Stub position offset
#iCC bits: 12
#<header> v1.0 12 32 </header>
0 0
1 0
2 0
3 0
4 0
5 -1.500000
6 -2.000000
7 -2.500000
8 0
9 -0.500000
10 -1.000000
11 -1.500000
12 0
13 0.500000
14 0.000000
15 -0.500000
16 0
17 -1.000000
18 -1.000000
19 -1.000000
20 -1.000000
21 -1.083330
22 -1.166670
23 -1.250000
24 -1.000000
25 -0.916667
26 -1.000000
27 -1.083330
28 -1.000000
29 -0.750000
30 -0.833333
31 -0.916667
32 0
33 -0.500000
34 -0.500000
35 -0.500000
36 -0.500000
37 -0.666667
38 -0.750000
39 -0.833333
40 -0.500000
41 -0.500000
42 -0.583333
43 -0.666667
44 -0.500000
45 -0.333333
46 -0.416667
47 -0.500000
48 0
49 -0.000000
50 0.000000
51 0.000000
52 0.000000
53 -0.250000
54 -0.333333
55 -0.416667
56 0.000000
57 -0.083333
58 -0.166667
59 -0.250000
60 -0.000000
61 0.083333
62 0.000000
63 -0.083333
64 0
65 -0.833333
66 -0.666667
67 -0.500000
68 -1.000000
69 -0.928571
70 -0.857143
71 -0.785714
72 -0.750000
73 -0.785714
74 -0.714286
75 -0.642857
76 -0.500000
77 -0.642857
78 -0.571429
79 -0.500000
80 -1.000000
81 -0.892857
82 -0.785714
83 -0.678571
84 -1.000000
85 -0.950000
86 -0.900000
87 -0.850000
88 -0.833333
89 -0.850000
90 -0.800000
91 -0.750000
92 -0.666667
93 -0.750000
94 -0.700000
95 -0.650000
96 -0.500000
97 -0.714286
98 -0.607143
99 -0.500000
100 -0.833333
101 -0.800000
102 -0.750000
103 -0.700000
104 -0.666667
105 -0.700000
106 -0.650000
107 -0.600000
108 -0.500000
109 -0.600000
110 -0.550000
111 -0.500000
112 0.000000
113 -0.535714
114 -0.428571
115 -0.321429
116 -0.666667
117 -0.650000
118 -0.600000
119 -0.550000
120 -0.500000
121 -0.550000
122 -0.500000
123 -0.450000
124 -0.333333
125 -0.450000
126 -0.400000
127 -0.350000
128 0
129 -0.500000
130 -0.333333
131 -0.166667
132 -0.750000
133 -0.642857
134 -0.571429
135 -0.500000
136 -0.500000
137 -0.500000
138 -0.428571
139 -0.357143
140 -0.250000
141 -0.357143
142 -0.285714
143 -0.214286
144 -1.000000
145 -0.678571
146 -0.571429
147 -0.464286
148 -0.833333
149 -0.750000
150 -0.700000
151 -0.650000
152 -0.666667
153 -0.650000
154 -0.600000
155 -0.550000
156 -0.500000
157 -0.550000
158 -0.500000
159 -0.450000
160 -0.500000
161 -0.500000
162 -0.392857
163 -0.285714
164 -0.666667
165 -0.600000
166 -0.550000
167 -0.500000
168 -0.500000
169 -0.500000
170 -0.450000
171 -0.400000
172 -0.333333
173 -0.400000
174 -0.350000
175 -0.300000
176 0.000000
177 -0.321429
178 -0.214286
179 -0.107143
180 -0.500000
181 -0.450000
182 -0.400000
183 -0.350000
184 -0.333333
185 -0.350000
186 -0.300000
187 -0.250000
188 -0.166667
189 -0.250000
190 -0.200000
191 -0.150000
192 0
193 -0.166667
194 0.000000
195 0.166667
196 -0.500000
197 -0.357143
198 -0.285714
199 -0.214286
200 -0.250000
201 -0.214286
202 -0.142857
203 -0.071429
204 0.000000
205 -0.071429
206 0.000000
207 0.071429
208 -1.000000
209 -0.464286
210 -0.357143
211 -0.250000
212 -0.666667
213 -0.550000
214 -0.500000
215 -0.450000
216 -0.500000
217 -0.450000
218 -0.400000
219 -0.350000
220 -0.333333
221 -0.350000
222 -0.300000
223 -0.250000
224 -0.500000
225 -0.285714
226 -0.178571
227 -0.071429
228 -0.500000
229 -0.400000
230 -0.350000
231 -0.300000
232 -0.333333
233 -0.300000
234 -0.250000
235 -0.200000
236 -0.166667
237 -0.200000
238 -0.150000
239 -0.100000
240 0.000000
241 -0.107143
242 0.000000
243 0.107143
244 -0.333333
245 -0.250000
246 -0.200000
247 -0.150000
248 -0.166667
249 -0.150000
250 -0.100000
251 -0.050000
252 0.000000
253 -0.050000
254 0.000000
255 0.050000
256 0
257 -0.750000
258 -0.500000
259 -0.250000
260 -1.000000
261 -0.865385
262 -0.730769
263 -0.596154
264 -0.666667
265 -0.711538
266 -0.576923
267 -0.442308
268 -0.333333
269 -0.557692
270 -0.423077
271 -0.288462
272 -1.000000
273 -0.833333
274 -0.666667
275 -0.500000
276 -1.000000
277 -0.900000
278 -0.800000
279 -0.700000
280 -0.785714
281 -0.785714
282 -0.685714
283 -0.585714
284 -0.571429
285 -0.671429
286 -0.571429
287 -0.471429
288 -0.500000
289 -0.666667
290 -0.500000
291 -0.333333
292 -0.821429
293 -0.771429
294 -0.671429
295 -0.571429
296 -0.607143
297 -0.657143
298 -0.557143
299 -0.457143
300 -0.392857
301 -0.542857
302 -0.442857
303 -0.342857
304 -0.000000
305 -0.500000
306 -0.333333
307 -0.166667
308 -0.642857
309 -0.642857
310 -0.542857
311 -0.442857
312 -0.428571
313 -0.528571
314 -0.428571
315 -0.328571
316 -0.214286
317 -0.414286
318 -0.314286
319 -0.214286
320 -1.000000
321 -0.788462
322 -0.576923
323 -0.365385
324 -1.000000
325 -0.875000
326 -0.750000
327 -0.625000
328 -0.714286
329 -0.750000
330 -0.625000
331 -0.500000
332 -0.428571
333 -0.625000
334 -0.500000
335 -0.375000
336 -1.000000
337 -0.842857
338 -0.685714
339 -0.528571
340 -1.000000
341 -0.900000
342 -0.800000
343 -0.700000
344 -0.800000
345 -0.800000
346 -0.700000
347 -0.600000
348 -0.600000
349 -0.700000
350 -0.600000
351 -0.500000
352 -0.583333
353 -0.714286
354 -0.557143
355 -0.400000
356 -0.850000
357 -0.800000
358 -0.700000
359 -0.600000
360 -0.650000
361 -0.700000
362 -0.600000
363 -0.500000
364 -0.450000
365 -0.600000
366 -0.500000
367 -0.400000
368 -0.166667
369 -0.585714
370 -0.428571
371 -0.271429
372 -0.700000
373 -0.700000
374 -0.600000
375 -0.500000
376 -0.500000
377 -0.600000
378 -0.500000
379 -0.400000
380 -0.300000
381 -0.500000
382 -0.400000
383 -0.300000
384 0.000000
385 -0.634615
386 -0.423077
387 -0.211538
388 -0.857143
389 -0.750000
390 -0.625000
391 -0.500000
392 -0.571429
393 -0.625000
394 -0.500000
395 -0.375000
396 -0.285714
397 -0.500000
398 -0.375000
399 -0.250000
400 -0.833333
401 -0.728571
402 -0.571429
403 -0.414286
404 -0.900000
405 -0.800000
406 -0.700000
407 -0.600000
408 -0.700000
409 -0.700000
410 -0.600000
411 -0.500000
412 -0.500000
413 -0.600000
414 -0.500000
415 -0.400000
416 -0.416667
417 -0.600000
418 -0.442857
419 -0.285714
420 -0.750000
421 -0.700000
422 -0.600000
423 -0.500000
424 -0.550000
425 -0.600000
426 -0.500000
427 -0.400000
428 -0.350000
429 -0.500000
430 -0.400000
431 -0.300000
432 0.000000
433 -0.471429
434 -0.314286
435 -0.157143
436 -0.600000
437 -0.600000
438 -0.500000
439 -0.400000
440 -0.400000
441 -0.500000
442 -0.400000
443 -0.300000
444 -0.200000
445 -0.400000
446 -0.300000
447 -0.200000
448 1.000000
449 -0.480769
450 -0.269231
451 -0.057692
452 -0.714286
453 -0.625000
454 -0.500000
455 -0.375000
456 -0.428571
457 -0.500000
458 -0.375000
459 -0.250000
460 -0.142857
461 -0.375000
462 -0.250000
463 -0.125000
464 -0.666667
465 -0.614286
466 -0.457143
467 -0.300000
468 -0.800000
469 -0.700000
470 -0.600000
471 -0.500000
472 -0.600000
473 -0.600000
474 -0.500000
475 -0.400000
476 -0.400000
477 -0.500000
478 -0.400000
479 -0.300000
480 -0.250000
481 -0.485714
482 -0.328571
483 -0.171429
484 -0.650000
485 -0.600000
486 -0.500000
487 -0.400000
488 -0.450000
489 -0.500000
490 -0.400000
491 -0.300000
492 -0.250000
493 -0.400000
494 -0.300000
495 -0.200000
496 0.166667
497 -0.357143
498 -0.200000
499 -0.042854
500 -0.500000
501 -0.500000
502 -0.400000
503 -0.300000
504 -0.300000
505 -0.400000
506 -0.300000
507 -0.200000
508 -0.100000
509 -0.300000
510 -0.200000
511 -0.100000
512 0
513 -0.500000
514 -0.250000
515 0.000000
516 -0.833333
517 -0.653846
518 -0.519231
519 -0.384615
520 -0.500000
521 -0.500000
522 -0.365385
523 -0.230769
524 -0.166667
525 -0.346154
526 -0.211538
527 -0.076923
528 -1.000000
529 -0.666667
530 -0.500000
531 -0.333333
532 -0.892857
533 -0.742857
534 -0.642857
535 -0.542857
536 -0.678571
537 -0.628571
538 -0.528571
539 -0.428571
540 -0.464286
541 -0.514286
542 -0.414286
543 -0.314286
544 -0.500000
545 -0.500000
546 -0.333333
547 -0.166667
548 -0.714286
549 -0.614286
550 -0.514286
551 -0.414286
552 -0.500000
553 -0.500000
554 -0.400000
555 -0.300000
556 -0.285714
557 -0.385714
558 -0.285714
559 -0.185714
560 -0.000000
561 -0.333333
562 -0.166667
563 0.000000
564 -0.535714
565 -0.485714
566 -0.385714
567 -0.285714
568 -0.321429
569 -0.371429
570 -0.271429
571 -0.171429
572 -0.107143
573 -0.257143
574 -0.157143
575 -0.057143
576 -1.500000
577 -0.653846
578 -0.442308
579 -0.230769
580 -0.928571
581 -0.750000
582 -0.625000
583 -0.500000
584 -0.642857
585 -0.625000
586 -0.500000
587 -0.375000
588 -0.357143
589 -0.500000
590 -0.375000
591 -0.250000
592 -1.083330
593 -0.742857
594 -0.585714
595 -0.428571
596 -0.950000
597 -0.800000
598 -0.700000
599 -0.600000
600 -0.750000
601 -0.700000
602 -0.600000
603 -0.500000
604 -0.550000
605 -0.600000
606 -0.500000
607 -0.400000
608 -0.666667
609 -0.614286
610 -0.457143
611 -0.300000
612 -0.800000
613 -0.700000
614 -0.600000
615 -0.500000
616 -0.600000
617 -0.600000
618 -0.500000
619 -0.400000
620 -0.400000
621 -0.500000
622 -0.400000
623 -0.300000
624 -0.250000
625 -0.485714
626 -0.328571
627 -0.171429
628 -0.650000
629 -0.600000
630 -0.500000
631 -0.400000
632 -0.450000
633 -0.500000
634 -0.400000
635 -0.300000
636 -0.250000
637 -0.400000
638 -0.300000
639 -0.200000
640 -0.500000
641 -0.500000
642 -0.288462
643 -0.076912
644 -0.785714
645 -0.625000
646 -0.500000
647 -0.375000
648 -0.500000
649 -0.500000
650 -0.375000
651 -0.250000
652 -0.214286
653 -0.375000
654 -0.250000
655 -0.125000
656 -0.916667
657 -0.628571
658 -0.471429
659 -0.314286
660 -0.850000
661 -0.700000
662 -0.600000
663 -0.500000
664 -0.650000
665 -0.600000
666 -0.500000
667 -0.400000
668 -0.450000
669 -0.500000
670 -0.400000
671 -0.300000
672 -0.500000
673 -0.500000
674 -0.342857
675 -0.185714
676 -0.700000
677 -0.600000
678 -0.500000
679 -0.400000
680 -0.500000
681 -0.500000
682 -0.400000
683 -0.300000
684 -0.300000
685 -0.400000
686 -0.300000
687 -0.200000
688 -0.083333
689 -0.371429
690 -0.214286
691 -0.057140
692 -0.550000
693 -0.500000
694 -0.400000
695 -0.300000
696 -0.350000
697 -0.400000
698 -0.300000
699 -0.200000
700 -0.150000
701 -0.300000
702 -0.200000
703 -0.100000
704 0.500000
705 -0.346154
706 -0.134610
707 0.076923
708 -0.642857
709 -0.500000
710 -0.375000
711 -0.250000
712 -0.357143
713 -0.375000
714 -0.250000
715 -0.125000
716 -0.071429
717 -0.250000
718 -0.125000
719 0.000000
720 -0.750000
721 -0.514286
722 -0.357143
723 -0.200000
724 -0.750000
725 -0.600000
726 -0.500000
727 -0.400000
728 -0.550000
729 -0.500000
730 -0.400000
731 -0.300000
732 -0.350000
733 -0.400000
734 -0.300000
735 -0.200000
736 -0.333333
737 -0.385714
738 -0.228571
739 -0.071427
740 -0.600000
741 -0.500000
742 -0.400000
743 -0.300000
744 -0.400000
745 -0.400000
746 -0.300000
747 -0.200000
748 -0.200000
749 -0.300000
750 -0.200000
751 -0.100000
752 0.083333
753 -0.257143
754 -0.099999
755 0.057143
756 -0.450000
757 -0.400000
758 -0.300000
759 -0.200000
760 -0.250000
761 -0.300000
762 -0.200000
763 -0.100000
764 -0.050000
765 -0.200000
766 -0.100000
767 0.000000
768 0
769 -0.250000
770 0.000000
771 0.250000
772 -0.666667
773 -0.442308
774 -0.307692
775 -0.173077
776 -0.333333
777 -0.288462
778 -0.153846
779 -0.019231
780 -0.000000
781 -0.134615
782 -0.000000
783 0.134610
784 -1.000000
785 -0.500000
786 -0.333333
787 -0.166667
788 -0.785714
789 -0.585714
790 -0.485714
791 -0.385714
792 -0.571429
793 -0.471429
794 -0.371429
795 -0.271429
796 -0.357143
797 -0.357143
798 -0.257143
799 -0.157143
800 -0.500000
801 -0.333333
802 -0.166667
803 0.000000
804 -0.607143
805 -0.457143
806 -0.357143
807 -0.257143
808 -0.392857
809 -0.342857
810 -0.242857
811 -0.142857
812 -0.178571
813 -0.228571
814 -0.128571
815 -0.028571
816 -0.000000
817 -0.166667
818 0.000000
819 0.166667
820 -0.428571
821 -0.328571
822 -0.228571
823 -0.128571
824 -0.214286
825 -0.214286
826 -0.114286
827 -0.014286
828 -0.000000
829 -0.100000
830 0.000000
831 0.099999
832 -2.000000
833 -0.519230
834 -0.307692
835 -0.096145
836 -0.857143
837 -0.625000
838 -0.500000
839 -0.375000
840 -0.571429
841 -0.500000
842 -0.375000
843 -0.250000
844 -0.285714
845 -0.375000
846 -0.250000
847 -0.125000
848 -1.166670
849 -0.642857
850 -0.485714
851 -0.328571
852 -0.900000
853 -0.700000
854 -0.600000
855 -0.500000
856 -0.700000
857 -0.600000
858 -0.500000
859 -0.400000
860 -0.500000
861 -0.500000
862 -0.400000
863 -0.300000
864 -0.750000
865 -0.514286
866 -0.357143
867 -0.200000
868 -0.750000
869 -0.600000
870 -0.500000
871 -0.400000
872 -0.550000
873 -0.500000
874 -0.400000
875 -0.300000
876 -0.350000
877 -0.400000
878 -0.300000
879 -0.200000
880 -0.333333
881 -0.385714
882 -0.228571
883 -0.071427
884 -0.600000
885 -0.500000
886 -0.400000
887 -0.300000
888 -0.400000
889 -0.400000
890 -0.300000
891 -0.200000
892 -0.200000
893 -0.300000
894 -0.200000
895 -0.100000
896 -1.000000
897 -0.365385
898 -0.153842
899 0.057692
900 -0.714286
901 -0.500000
902 -0.375000
903 -0.250000
904 -0.428571
905 -0.375000
906 -0.250000
907 -0.125000
908 -0.142857
909 -0.250000
910 -0.125000
911 -0.000000
912 -1.000000
913 -0.528571
914 -0.371429
915 -0.214286
916 -0.800000
917 -0.600000
918 -0.500000
919 -0.400000
920 -0.600000
921 -0.500000
922 -0.400000
923 -0.300000
924 -0.400000
925 -0.400000
926 -0.300000
927 -0.200000
928 -0.583333
929 -0.400000
930 -0.242857
931 -0.085713
932 -0.650000
933 -0.500000
934 -0.400000
935 -0.300000
936 -0.450000
937 -0.400000
938 -0.300000
939 -0.200000
940 -0.250000
941 -0.300000
942 -0.200000
943 -0.100000
944 -0.166667
945 -0.271429
946 -0.114285
947 0.042857
948 -0.500000
949 -0.400000
950 -0.300000
951 -0.200000
952 -0.300000
953 -0.300000
954 -0.200000
955 -0.100000
956 -0.100000
957 -0.200000
958 -0.100000
959 -0.000000
960 -0.000000
961 -0.211536
962 0.000000
963 0.211538
964 -0.571429
965 -0.375000
966 -0.250000
967 -0.125000
968 -0.285714
969 -0.250000
970 -0.125000
971 0.000000
972 0.000000
973 -0.125000
974 0.000000
975 0.125000
976 -0.833333
977 -0.414286
978 -0.257143
979 -0.099999
980 -0.700000
981 -0.500000
982 -0.400000
983 -0.300000
984 -0.500000
985 -0.400000
986 -0.300000
987 -0.200000
988 -0.300000
989 -0.300000
990 -0.200000
991 -0.100000
992 -0.416667
993 -0.285714
994 -0.128571
995 0.028571
996 -0.550000
997 -0.400000
998 -0.300000
999 -0.200000
1000 -0.350000
1001 -0.300000
1002 -0.200000
1003 -0.100000
1004 -0.150000
1005 -0.200000
1006 -0.100000
1007 0.000000
1008 -0.000000
1009 -0.157142
1010 0.000000
1011 0.157143
1012 -0.400000
1013 -0.300000
1014 -0.200000
1015 -0.100000
1016 -0.200000
1017 -0.200000
1018 -0.100000
1019 0.000000
1020 -0.000000
1021 -0.100000
1022 0.000000
1023 0.100000
1024 0
1025 -0.900000
1026 -0.600000
1027 -0.300000
1028 -1.125000
1029 -1.000000
1030 -0.833333
1031 -0.666667
1032 -0.750000
1033 -0.833333
1034 -0.666667
1035 -0.500000
1036 -0.375000
1037 -0.666667
1038 -0.500000
1039 -0.333333
1040 -1.000000
1041 -0.934211
1042 -0.736842
1043 -0.539474
1044 -1.076920
1045 -1.000000
1046 -0.875000
1047 -0.750000
1048 -0.846154
1049 -0.875000
1050 -0.750000
1051 -0.625000
1052 -0.615385
1053 -0.750000
1054 -0.625000
1055 -0.500000
1056 -0.500000
1057 -0.763158
1058 -0.565789
1059 -0.368421
1060 -0.884615
1061 -0.875000
1062 -0.750000
1063 -0.625000
1064 -0.653846
1065 -0.750000
1066 -0.625000
1067 -0.500000
1068 -0.423077
1069 -0.625000
1070 -0.500000
1071 -0.375000
1072 0.000000
1073 -0.592105
1074 -0.394737
1075 -0.197368
1076 -0.692308
1077 -0.750000
1078 -0.625000
1079 -0.500000
1080 -0.461538
1081 -0.625000
1082 -0.500000
1083 -0.375000
1084 -0.230769
1085 -0.500000
1086 -0.375000
1087 -0.250000
1088 -0.750000
1089 -0.868421
1090 -0.631579
1091 -0.394737
1092 -1.041670
1093 -0.957627
1094 -0.813559
1095 -0.669492
1096 -0.750000
1097 -0.822034
1098 -0.677966
1099 -0.533898
1100 -0.458333
1101 -0.686441
1102 -0.542373
1103 -0.398305
1104 -0.928571
1105 -0.903846
1106 -0.730769
1107 -0.557692
1108 -1.028570
1109 -0.966216
1110 -0.851351
1111 -0.736486
1112 -0.828571
1113 -0.858108
1114 -0.743243
1115 -0.628378
1116 -0.628571
1117 -0.750000
1118 -0.635135
1119 -0.520270
1120 -0.571429
1121 -0.769231
1122 -0.596154
1123 -0.423077
1124 -0.871429
1125 -0.864865
1126 -0.750000
1127 -0.635135
1128 -0.671429
1129 -0.756757
1130 -0.641892
1131 -0.527027
1132 -0.471429
1133 -0.648649
1134 -0.533784
1135 -0.418919
1136 -0.214286
1137 -0.634615
1138 -0.461538
1139 -0.288462
1140 -0.714286
1141 -0.763514
1142 -0.648649
1143 -0.533784
1144 -0.514286
1145 -0.655405
1146 -0.540541
1147 -0.425676
1148 -0.314286
1149 -0.547297
1150 -0.432432
1151 -0.317566
1152 -0.000000
1153 -0.710526
1154 -0.473684
1155 -0.236842
1156 -0.875000
1157 -0.838983
1158 -0.694915
1159 -0.550847
1160 -0.583333
1161 -0.703390
1162 -0.559322
1163 -0.415254
1164 -0.291667
1165 -0.567797
1166 -0.423729
1167 -0.279661
1168 -0.714286
1169 -0.788462
1170 -0.615385
1171 -0.442308
1172 -0.914286
1173 -0.871622
1174 -0.756757
1175 -0.641892
1176 -0.714286
1177 -0.763514
1178 -0.648649
1179 -0.533784
1180 -0.514286
1181 -0.655405
1182 -0.540541
1183 -0.425676
1184 -0.357143
1185 -0.653846
1186 -0.480769
1187 -0.307692
1188 -0.757143
1189 -0.770270
1190 -0.655405
1191 -0.540541
1192 -0.557143
1193 -0.662162
1194 -0.547297
1195 -0.432432
1196 -0.357143
1197 -0.554054
1198 -0.439189
1199 -0.324323
1200 0.000000
1201 -0.519231
1202 -0.346154
1203 -0.173077
1204 -0.600000
1205 -0.668919
1206 -0.554054
1207 -0.439189
1208 -0.400000
1209 -0.560811
1210 -0.445946
1211 -0.331080
1212 -0.200000
1213 -0.452703
1214 -0.337837
1215 -0.222973
1216 0.750000
1217 -0.552632
1218 -0.315789
1219 -0.078947
1220 -0.708333
1221 -0.720339
1222 -0.576271
1223 -0.432202
1224 -0.416667
1225 -0.584746
1226 -0.440677
1227 -0.296610
1228 -0.125000
1229 -0.449152
1230 -0.305085
1231 -0.161017
1232 -0.500000
1233 -0.673077
1234 -0.500000
1235 -0.326923
1236 -0.800000
1237 -0.777027
1238 -0.662162
1239 -0.547297
1240 -0.600000
1241 -0.668919
1242 -0.554054
1243 -0.439189
1244 -0.400000
1245 -0.560811
1246 -0.445946
1247 -0.331080
1248 -0.142857
1249 -0.538459
1250 -0.365385
1251 -0.192308
1252 -0.642857
1253 -0.675676
1254 -0.560811
1255 -0.445946
1256 -0.442857
1257 -0.567568
1258 -0.452703
1259 -0.337837
1260 -0.242857
1261 -0.459459
1262 -0.344594
1263 -0.229730
1264 0.214286
1265 -0.403846
1266 -0.230754
1267 -0.057692
1268 -0.485714
1269 -0.574324
1270 -0.459459
1271 -0.344594
1272 -0.285714
1273 -0.466216
1274 -0.351351
1275 -0.236486
1276 -0.085714
1277 -0.358108
1278 -0.243243
1279 -0.128378
1280 -0.000000
1281 -0.821429
1282 -0.547619
1283 -0.273810
1284 -1.038460
1285 -0.926471
1286 -0.764706
1287 -0.602941
1288 -0.692308
1289 -0.779412
1290 -0.617647
1291 -0.455881
1292 -0.346154
1293 -0.632353
1294 -0.470587
1295 -0.308824
1296 -0.928571
1297 -0.872881
1298 -0.677966
1299 -0.483051
1300 -1.025000
1301 -0.941860
1302 -0.813953
1303 -0.686047
1304 -0.800000
1305 -0.825581
1306 -0.697674
1307 -0.569767
1308 -0.575000
1309 -0.709302
1310 -0.581395
1311 -0.453488
1312 -0.464286
1313 -0.728814
1314 -0.533898
1315 -0.338983
1316 -0.850000
1317 -0.837209
1318 -0.709302
1319 -0.581395
1320 -0.625000
1321 -0.720930
1322 -0.593023
1323 -0.465116
1324 -0.400000
1325 -0.604651
1326 -0.476744
1327 -0.348837
1328 -0.000000
1329 -0.584746
1330 -0.389831
1331 -0.194915
1332 -0.675000
1333 -0.732558
1334 -0.604651
1335 -0.476744
1336 -0.450000
1337 -0.616279
1338 -0.488372
1339 -0.360465
1340 -0.225000
1341 -0.500000
1342 -0.372093
1343 -0.244186
1344 -0.666667
1345 -0.821429
1346 -0.589286
1347 -0.357143
1348 -1.000000
1349 -0.912791
1350 -0.767442
1351 -0.622093
1352 -0.714286
1353 -0.784884
1354 -0.639535
1355 -0.494186
1356 -0.428571
1357 -0.656977
1358 -0.511628
1359 -0.366279
1360 -0.900000
1361 -0.864865
1362 -0.689189
1363 -0.513514
1364 -1.000000
1365 -0.928571
1366 -0.809524
1367 -0.690476
1368 -0.800000
1369 -0.823810
1370 -0.704762
1371 -0.585714
1372 -0.600000
1373 -0.719048
1374 -0.600000
1375 -0.480952
1376 -0.550000
1377 -0.743243
1378 -0.567568
1379 -0.391892
1380 -0.850000
1381 -0.838095
1382 -0.719048
1383 -0.600000
1384 -0.650000
1385 -0.733333
1386 -0.614286
1387 -0.495238
1388 -0.450000
1389 -0.628571
1390 -0.509524
1391 -0.390474
1392 -0.200000
1393 -0.621622
1394 -0.445946
1395 -0.270270
1396 -0.700000
1397 -0.747619
1398 -0.628571
1399 -0.509524
1400 -0.500000
1401 -0.642857
1402 -0.523810
1403 -0.404760
1404 -0.300000
1405 -0.538095
1406 -0.419046
1407 -0.300000
1408 -0.000000
1409 -0.696429
1410 -0.464286
1411 -0.232143
1412 -0.857143
1413 -0.819767
1414 -0.674419
1415 -0.529070
1416 -0.571429
1417 -0.691860
1418 -0.546512
1419 -0.401163
1420 -0.285714
1421 -0.563950
1422 -0.418605
1423 -0.273256
1424 -0.700000
1425 -0.770270
1426 -0.594595
1427 -0.418919
1428 -0.900000
1429 -0.852381
1430 -0.733333
1431 -0.614286
1432 -0.700000
1433 -0.747619
1434 -0.628571
1435 -0.509524
1436 -0.500000
1437 -0.642857
1438 -0.523810
1439 -0.404760
1440 -0.350000
1441 -0.648649
1442 -0.472973
1443 -0.297297
1444 -0.750000
1445 -0.761905
1446 -0.642857
1447 -0.523810
1448 -0.550000
1449 -0.657143
1450 -0.538095
1451 -0.419046
1452 -0.350000
1453 -0.552381
1454 -0.433332
1455 -0.314286
1456 -0.000000
1457 -0.527027
1458 -0.351351
1459 -0.175676
1460 -0.600000
1461 -0.671429
1462 -0.552381
1463 -0.433332
1464 -0.400000
1465 -0.566667
1466 -0.447618
1467 -0.328571
1468 -0.200000
1469 -0.461903
1470 -0.342857
1471 -0.223803
1472 0.666667
1473 -0.571429
1474 -0.339286
1475 -0.107143
1476 -0.714286
1477 -0.726744
1478 -0.581392
1479 -0.436047
1480 -0.428571
1481 -0.598834
1482 -0.453488
1483 -0.308126
1484 -0.142857
1485 -0.470930
1486 -0.325569
1487 -0.180233
1488 -0.500000
1489 -0.675676
1490 -0.500000
1491 -0.324324
1492 -0.800000
1493 -0.776190
1494 -0.657143
1495 -0.538095
1496 -0.600000
1497 -0.671429
1498 -0.552381
1499 -0.433332
1500 -0.400000
1501 -0.566667
1502 -0.447618
1503 -0.328571
1504 -0.150000
1505 -0.554054
1506 -0.378378
1507 -0.202703
1508 -0.650000
1509 -0.685714
1510 -0.566667
1511 -0.447618
1512 -0.450000
1513 -0.580952
1514 -0.461903
1515 -0.342857
1516 -0.250000
1517 -0.476189
1518 -0.357143
1519 -0.238089
1520 0.200000
1521 -0.432432
1522 -0.256757
1523 -0.081081
1524 -0.500000
1525 -0.595238
1526 -0.476189
1527 -0.357143
1528 -0.300000
1529 -0.490475
1530 -0.371429
1531 -0.252376
1532 -0.100000
1533 -0.385714
1534 -0.266662
1535 -0.147619
1536 1.500000
1537 -0.690476
1538 -0.416667
1539 -0.142857
1540 -0.923077
1541 -0.823529
1542 -0.661765
1543 -0.499999
1544 -0.576923
1545 -0.676471
1546 -0.514705
1547 -0.352941
1548 -0.230769
1549 -0.529411
1550 -0.367647
1551 -0.205876
1552 -0.821429
1553 -0.779661
1554 -0.584746
1555 -0.389831
1556 -0.950000
1557 -0.860465
1558 -0.732558
1559 -0.604651
1560 -0.725000
1561 -0.744186
1562 -0.616279
1563 -0.488372
1564 -0.500000
1565 -0.627907
1566 -0.500000
1567 -0.372093
1568 -0.357143
1569 -0.635593
1570 -0.440678
1571 -0.245763
1572 -0.775000
1573 -0.755814
1574 -0.627907
1575 -0.500000
1576 -0.550000
1577 -0.639535
1578 -0.511628
1579 -0.383721
1580 -0.325000
1581 -0.523256
1582 -0.395349
1583 -0.267442
1584 0.107143
1585 -0.491525
1586 -0.296610
1587 -0.101695
1588 -0.600000
1589 -0.651163
1590 -0.523256
1591 -0.395349
1592 -0.375000
1593 -0.534884
1594 -0.406976
1595 -0.279070
1596 -0.150000
1597 -0.418604
1598 -0.290698
1599 -0.162789
1600 -0.500000
1601 -0.732143
1602 -0.500000
1603 -0.267857
1604 -0.928571
1605 -0.837209
1606 -0.691860
1607 -0.546512
1608 -0.642857
1609 -0.709302
1610 -0.563950
1611 -0.418605
1612 -0.357143
1613 -0.581392
1614 -0.436047
1615 -0.290682
1616 -0.850000
1617 -0.797297
1618 -0.621622
1619 -0.445946
1620 -0.950000
1621 -0.866667
1622 -0.747619
1623 -0.628571
1624 -0.750000
1625 -0.761905
1626 -0.642857
1627 -0.523810
1628 -0.550000
1629 -0.657143
1630 -0.538095
1631 -0.419046
1632 -0.500000
1633 -0.675676
1634 -0.500000
1635 -0.324324
1636 -0.800000
1637 -0.776190
1638 -0.657143
1639 -0.538095
1640 -0.600000
1641 -0.671429
1642 -0.552381
1643 -0.433332
1644 -0.400000
1645 -0.566667
1646 -0.447618
1647 -0.328571
1648 -0.150000
1649 -0.554054
1650 -0.378378
1651 -0.202703
1652 -0.650000
1653 -0.685714
1654 -0.566667
1655 -0.447618
1656 -0.450000
1657 -0.580952
1658 -0.461903
1659 -0.342857
1660 -0.250000
1661 -0.476189
1662 -0.357143
1663 -0.238089
1664 0.166667
1665 -0.607143
1666 -0.375000
1667 -0.142857
1668 -0.785714
1669 -0.744186
1670 -0.598834
1671 -0.453488
1672 -0.500000
1673 -0.616276
1674 -0.470930
1675 -0.325569
1676 -0.214286
1677 -0.488372
1678 -0.343013
1679 -0.197674
1680 -0.650000
1681 -0.702703
1682 -0.527027
1683 -0.351351
1684 -0.850000
1685 -0.790476
1686 -0.671429
1687 -0.552381
1688 -0.650000
1689 -0.685714
1690 -0.566667
1691 -0.447618
1692 -0.450000
1693 -0.580952
1694 -0.461903
1695 -0.342857
1696 -0.300000
1697 -0.581081
1698 -0.405405
1699 -0.229730
1700 -0.700000
1701 -0.700000
1702 -0.580952
1703 -0.461903
1704 -0.500000
1705 -0.595238
1706 -0.476189
1707 -0.357143
1708 -0.300000
1709 -0.490475
1710 -0.371429
1711 -0.252376
1712 0.050000
1713 -0.459459
1714 -0.283784
1715 -0.108108
1716 -0.550000
1717 -0.609524
1718 -0.490475
1719 -0.371429
1720 -0.350000
1721 -0.504761
1722 -0.385714
1723 -0.266662
1724 -0.150000
1725 -0.400000
1726 -0.280948
1727 -0.161905
1728 0.833333
1729 -0.482143
1730 -0.250000
1731 -0.017857
1732 -0.642857
1733 -0.651160
1734 -0.505814
1735 -0.360456
1736 -0.357143
1737 -0.523256
1738 -0.377899
1739 -0.232558
1740 -0.071429
1741 -0.395341
1742 -0.250000
1743 -0.104651
1744 -0.450000
1745 -0.608108
1746 -0.432432
1747 -0.256757
1748 -0.750000
1749 -0.714286
1750 -0.595238
1751 -0.476189
1752 -0.550000
1753 -0.609524
1754 -0.490475
1755 -0.371429
1756 -0.350000
1757 -0.504761
1758 -0.385714
1759 -0.266662
1760 -0.100000
1761 -0.486486
1762 -0.310811
1763 -0.135135
1764 -0.600000
1765 -0.623810
1766 -0.504761
1767 -0.385714
1768 -0.400000
1769 -0.519047
1770 -0.400000
1771 -0.280948
1772 -0.200000
1773 -0.414286
1774 -0.295235
1775 -0.176190
1776 0.250000
1777 -0.364865
1778 -0.189189
1779 -0.013513
1780 -0.450000
1781 -0.533332
1782 -0.414286
1783 -0.295235
1784 -0.250000
1785 -0.428571
1786 -0.309521
1787 -0.190476
1788 -0.050000
1789 -0.323807
1790 -0.204762
1791 -0.085714
1792 3.000000
1793 -0.559524
1794 -0.285714
1795 -0.011905
1796 -0.807692
1797 -0.720588
1798 -0.558823
1799 -0.397059
1800 -0.461538
1801 -0.573529
1802 -0.411765
1803 -0.249996
1804 -0.115385
1805 -0.426471
1806 -0.264702
1807 -0.102941
1808 -0.714286
1809 -0.686441
1810 -0.491525
1811 -0.296610
1812 -0.875000
1813 -0.779070
1814 -0.651163
1815 -0.523256
1816 -0.650000
1817 -0.662791
1818 -0.534884
1819 -0.406976
1820 -0.425000
1821 -0.546512
1822 -0.418604
1823 -0.290698
1824 -0.250000
1825 -0.542373
1826 -0.347458
1827 -0.152542
1828 -0.700000
1829 -0.674419
1830 -0.546512
1831 -0.418604
1832 -0.475000
1833 -0.558140
1834 -0.430232
1835 -0.302326
1836 -0.250000
1837 -0.441860
1838 -0.313953
1839 -0.186045
1840 0.214286
1841 -0.398305
1842 -0.203390
1843 -0.008475
1844 -0.525000
1845 -0.569767
1846 -0.441860
1847 -0.313953
1848 -0.300000
1849 -0.453488
1850 -0.325581
1851 -0.197673
1852 -0.075000
1853 -0.337209
1854 -0.209301
1855 -0.081395
1856 -0.333333
1857 -0.642857
1858 -0.410714
1859 -0.178571
1860 -0.857143
1861 -0.761628
1862 -0.616276
1863 -0.470930
1864 -0.571429
1865 -0.633718
1866 -0.488372
1867 -0.343013
1868 -0.285714
1869 -0.505814
1870 -0.360456
1871 -0.215116
1872 -0.800000
1873 -0.729730
1874 -0.554054
1875 -0.378378
1876 -0.900000
1877 -0.804762
1878 -0.685714
1879 -0.566667
1880 -0.700000
1881 -0.700000
1882 -0.580952
1883 -0.461903
1884 -0.500000
1885 -0.595238
1886 -0.476189
1887 -0.357143
1888 -0.450000
1889 -0.608108
1890 -0.432432
1891 -0.256757
1892 -0.750000
1893 -0.714286
1894 -0.595238
1895 -0.476189
1896 -0.550000
1897 -0.609524
1898 -0.490475
1899 -0.371429
1900 -0.350000
1901 -0.504761
1902 -0.385714
1903 -0.266662
1904 -0.100000
1905 -0.486486
1906 -0.310811
1907 -0.135135
1908 -0.600000
1909 -0.623810
1910 -0.504761
1911 -0.385714
1912 -0.400000
1913 -0.519047
1914 -0.400000
1915 -0.280948
1916 -0.200000
1917 -0.414286
1918 -0.295235
1919 -0.176190
1920 0.333333
1921 -0.517857
1922 -0.285714
1923 -0.053571
1924 -0.714286
1925 -0.668602
1926 -0.523256
1927 -0.377899
1928 -0.428571
1929 -0.540698
1930 -0.395341
1931 -0.250000
1932 -0.142857
1933 -0.412784
1934 -0.267442
1935 -0.122093
1936 -0.600000
1937 -0.635135
1938 -0.459459
1939 -0.283784
1940 -0.800000
1941 -0.728571
1942 -0.609524
1943 -0.490475
1944 -0.600000
1945 -0.623810
1946 -0.504761
1947 -0.385714
1948 -0.400000
1949 -0.519047
1950 -0.400000
1951 -0.280948
1952 -0.250000
1953 -0.513514
1954 -0.337838
1955 -0.162162
1956 -0.650000
1957 -0.638095
1958 -0.519047
1959 -0.400000
1960 -0.450000
1961 -0.533332
1962 -0.414286
1963 -0.295235
1964 -0.250000
1965 -0.428571
1966 -0.309521
1967 -0.190476
1968 0.100000
1969 -0.391892
1970 -0.216216
1971 -0.040541
1972 -0.500000
1973 -0.547618
1974 -0.428571
1975 -0.309521
1976 -0.300000
1977 -0.442857
1978 -0.323807
1979 -0.204762
1980 -0.100000
1981 -0.338093
1982 -0.219048
1983 -0.100000
1984 1.000000
1985 -0.392857
1986 -0.160714
1987 0.071429
1988 -0.571429
1989 -0.575581
1990 -0.430227
1991 -0.284884
1992 -0.285714
1993 -0.447669
1994 -0.302326
1995 -0.156977
1996 0.000000
1997 -0.319767
1998 -0.174419
1999 -0.029070
2000 -0.400000
2001 -0.540541
2002 -0.364865
2003 -0.189189
2004 -0.700000
2005 -0.652381
2006 -0.533332
2007 -0.414286
2008 -0.500000
2009 -0.547618
2010 -0.428571
2011 -0.309521
2012 -0.300000
2013 -0.442857
2014 -0.323807
2015 -0.204762
2016 -0.050000
2017 -0.418919
2018 -0.243243
2019 -0.067568
2020 -0.550000
2021 -0.561904
2022 -0.442857
2023 -0.323807
2024 -0.350000
2025 -0.457143
2026 -0.338093
2027 -0.219048
2028 -0.150000
2029 -0.352379
2030 -0.233333
2031 -0.114286
2032 0.300000
2033 -0.297297
2034 -0.121622
2035 0.054054
2036 -0.400000
2037 -0.471429
2038 -0.352379
2039 -0.233333
2040 -0.200000
2041 -0.366665
2042 -0.247619
2043 -0.128571
2044 -0.000000
2045 -0.261905
2046 -0.142857
2047 -0.023810
2048 0
2049 -0.700000
2050 -0.400000
2051 -0.100000
2052 -1.000000
2053 -0.833333
2054 -0.666667
2055 -0.500000
2056 -0.625000
2057 -0.666667
2058 -0.500000
2059 -0.333333
2060 -0.250000
2061 -0.500000
2062 -0.333333
2063 -0.166667
2064 -1.000000
2065 -0.802632
2066 -0.605263
2067 -0.407895
2068 -1.000000
2069 -0.875000
2070 -0.750000
2071 -0.625000
2072 -0.769231
2073 -0.750000
2074 -0.625000
2075 -0.500000
2076 -0.538462
2077 -0.625000
2078 -0.500000
2079 -0.375000
2080 -0.500000
2081 -0.631579
2082 -0.434211
2083 -0.236842
2084 -0.807692
2085 -0.750000
2086 -0.625000
2087 -0.500000
2088 -0.576923
2089 -0.625000
2090 -0.500000
2091 -0.375000
2092 -0.346154
2093 -0.500000
2094 -0.375000
2095 -0.250000
2096 0.000000
2097 -0.460526
2098 -0.263158
2099 -0.065787
2100 -0.615385
2101 -0.625000
2102 -0.500000
2103 -0.375000
2104 -0.384615
2105 -0.500000
2106 -0.375000
2107 -0.250000
2108 -0.153846
2109 -0.375000
2110 -0.250000
2111 -0.125000
2112 -1.000000
2113 -0.763158
2114 -0.526316
2115 -0.289474
2116 -1.000000
2117 -0.855932
2118 -0.711864
2119 -0.567797
2120 -0.708333
2121 -0.720339
2122 -0.576271
2123 -0.432202
2124 -0.416667
2125 -0.584746
2126 -0.440677
2127 -0.296610
2128 -1.000000
2129 -0.826923
2130 -0.653846
2131 -0.480769
2132 -1.000000
2133 -0.885135
2134 -0.770270
2135 -0.655405
2136 -0.800000
2137 -0.777027
2138 -0.662162
2139 -0.547297
2140 -0.600000
2141 -0.668919
2142 -0.554054
2143 -0.439189
2144 -0.642857
2145 -0.692308
2146 -0.519231
2147 -0.346154
2148 -0.842857
2149 -0.783784
2150 -0.668919
2151 -0.554054
2152 -0.642857
2153 -0.675676
2154 -0.560811
2155 -0.445946
2156 -0.442857
2157 -0.567568
2158 -0.452703
2159 -0.337837
2160 -0.285714
2161 -0.557690
2162 -0.384615
2163 -0.211538
2164 -0.685714
2165 -0.682432
2166 -0.567568
2167 -0.452703
2168 -0.485714
2169 -0.574324
2170 -0.459459
2171 -0.344594
2172 -0.285714
2173 -0.466216
2174 -0.351351
2175 -0.236486
2176 -0.250000
2177 -0.605263
2178 -0.368421
2179 -0.131579
2180 -0.833333
2181 -0.737288
2182 -0.593220
2183 -0.449152
2184 -0.541667
2185 -0.601695
2186 -0.457627
2187 -0.313559
2188 -0.250000
2189 -0.466101
2190 -0.322034
2191 -0.177966
2192 -0.785714
2193 -0.711538
2194 -0.538459
2195 -0.365385
2196 -0.885714
2197 -0.790541
2198 -0.675676
2199 -0.560811
2200 -0.685714
2201 -0.682432
2202 -0.567568
2203 -0.452703
2204 -0.485714
2205 -0.574324
2206 -0.459459
2207 -0.344594
2208 -0.428571
2209 -0.576921
2210 -0.403846
2211 -0.230754
2212 -0.728571
2213 -0.689189
2214 -0.574324
2215 -0.459459
2216 -0.528571
2217 -0.581081
2218 -0.466216
2219 -0.351351
2220 -0.328571
2221 -0.472971
2222 -0.358108
2223 -0.243243
2224 -0.071429
2225 -0.442308
2226 -0.269220
2227 -0.096154
2228 -0.571429
2229 -0.587838
2230 -0.472971
2231 -0.358108
2232 -0.371429
2233 -0.479728
2234 -0.364865
2235 -0.250000
2236 -0.171429
2237 -0.371621
2238 -0.256757
2239 -0.141892
2240 0.500000
2241 -0.447368
2242 -0.210526
2243 0.026316
2244 -0.666667
2245 -0.618644
2246 -0.474576
2247 -0.330508
2248 -0.375000
2249 -0.483051
2250 -0.338983
2251 -0.194915
2252 -0.083333
2253 -0.347458
2254 -0.203390
2255 -0.059322
2256 -0.571429
2257 -0.596152
2258 -0.423077
2259 -0.249987
2260 -0.771429
2261 -0.695946
2262 -0.581081
2263 -0.466216
2264 -0.571429
2265 -0.587838
2266 -0.472971
2267 -0.358108
2268 -0.371429
2269 -0.479728
2270 -0.364865
2271 -0.250000
2272 -0.214286
2273 -0.461538
2274 -0.288452
2275 -0.115385
2276 -0.614286
2277 -0.594595
2278 -0.479728
2279 -0.364865
2280 -0.414286
2281 -0.486485
2282 -0.371621
2283 -0.256757
2284 -0.214286
2285 -0.378378
2286 -0.263514
2287 -0.148649
2288 0.142857
2289 -0.326916
2290 -0.153846
2291 0.019231
2292 -0.457143
2293 -0.493242
2294 -0.378378
2295 -0.263514
2296 -0.257143
2297 -0.385135
2298 -0.270270
2299 -0.155405
2300 -0.057143
2301 -0.277027
2302 -0.162162
2303 -0.047297
2304 -1.000000
2305 -0.726190
2306 -0.452381
2307 -0.178571
2308 -1.000000
2309 -0.838235
2310 -0.676471
2311 -0.514705
2312 -0.653846
2313 -0.691176
2314 -0.529411
2315 -0.367647
2316 -0.307692
2317 -0.544117
2318 -0.382353
2319 -0.220583
2320 -1.000000
2321 -0.805085
2322 -0.610169
2323 -0.415254
2324 -1.000000
2325 -0.872093
2326 -0.744186
2327 -0.616279
2328 -0.775000
2329 -0.755814
2330 -0.627907
2331 -0.500000
2332 -0.550000
2333 -0.639535
2334 -0.511628
2335 -0.383721
2336 -0.535714
2337 -0.661017
2338 -0.466102
2339 -0.271186
2340 -0.825000
2341 -0.767442
2342 -0.639535
2343 -0.511628
2344 -0.600000
2345 -0.651163
2346 -0.523256
2347 -0.395349
2348 -0.375000
2349 -0.534884
2350 -0.406976
2351 -0.279070
2352 -0.071429
2353 -0.516949
2354 -0.322034
2355 -0.127119
2356 -0.650000
2357 -0.662791
2358 -0.534884
2359 -0.406976
2360 -0.425000
2361 -0.546512
2362 -0.418604
2363 -0.290698
2364 -0.200000
2365 -0.430232
2366 -0.302326
2367 -0.174417
2368 -1.000000
2369 -0.767857
2370 -0.535714
2371 -0.303571
2372 -1.000000
2373 -0.854651
2374 -0.709302
2375 -0.563950
2376 -0.714286
2377 -0.726744
2378 -0.581392
2379 -0.436047
2380 -0.428571
2381 -0.598834
2382 -0.453488
2383 -0.308126
2384 -1.000000
2385 -0.824324
2386 -0.648649
2387 -0.472973
2388 -1.000000
2389 -0.880952
2390 -0.761905
2391 -0.642857
2392 -0.800000
2393 -0.776190
2394 -0.657143
2395 -0.538095
2396 -0.600000
2397 -0.671429
2398 -0.552381
2399 -0.433332
2400 -0.650000
2401 -0.702703
2402 -0.527027
2403 -0.351351
2404 -0.850000
2405 -0.790476
2406 -0.671429
2407 -0.552381
2408 -0.650000
2409 -0.685714
2410 -0.566667
2411 -0.447618
2412 -0.450000
2413 -0.580952
2414 -0.461903
2415 -0.342857
2416 -0.300000
2417 -0.581081
2418 -0.405405
2419 -0.229730
2420 -0.700000
2421 -0.700000
2422 -0.580952
2423 -0.461903
2424 -0.500000
2425 -0.595238
2426 -0.476189
2427 -0.357143
2428 -0.300000
2429 -0.490475
2430 -0.371429
2431 -0.252376
2432 -0.333333
2433 -0.642857
2434 -0.410714
2435 -0.178571
2436 -0.857143
2437 -0.761628
2438 -0.616276
2439 -0.470930
2440 -0.571429
2441 -0.633718
2442 -0.488372
2443 -0.343013
2444 -0.285714
2445 -0.505814
2446 -0.360456
2447 -0.215116
2448 -0.800000
2449 -0.729730
2450 -0.554054
2451 -0.378378
2452 -0.900000
2453 -0.804762
2454 -0.685714
2455 -0.566667
2456 -0.700000
2457 -0.700000
2458 -0.580952
2459 -0.461903
2460 -0.500000
2461 -0.595238
2462 -0.476189
2463 -0.357143
2464 -0.450000
2465 -0.608108
2466 -0.432432
2467 -0.256757
2468 -0.750000
2469 -0.714286
2470 -0.595238
2471 -0.476189
2472 -0.550000
2473 -0.609524
2474 -0.490475
2475 -0.371429
2476 -0.350000
2477 -0.504761
2478 -0.385714
2479 -0.266662
2480 -0.100000
2481 -0.486486
2482 -0.310811
2483 -0.135135
2484 -0.600000
2485 -0.623810
2486 -0.504761
2487 -0.385714
2488 -0.400000
2489 -0.519047
2490 -0.400000
2491 -0.280948
2492 -0.200000
2493 -0.414286
2494 -0.295235
2495 -0.176190
2496 0.333333
2497 -0.517857
2498 -0.285714
2499 -0.053571
2500 -0.714286
2501 -0.668602
2502 -0.523256
2503 -0.377899
2504 -0.428571
2505 -0.540698
2506 -0.395341
2507 -0.250000
2508 -0.142857
2509 -0.412784
2510 -0.267442
2511 -0.122093
2512 -0.600000
2513 -0.635135
2514 -0.459459
2515 -0.283784
2516 -0.800000
2517 -0.728571
2518 -0.609524
2519 -0.490475
2520 -0.600000
2521 -0.623810
2522 -0.504761
2523 -0.385714
2524 -0.400000
2525 -0.519047
2526 -0.400000
2527 -0.280948
2528 -0.250000
2529 -0.513514
2530 -0.337838
2531 -0.162162
2532 -0.650000
2533 -0.638095
2534 -0.519047
2535 -0.400000
2536 -0.450000
2537 -0.533332
2538 -0.414286
2539 -0.295235
2540 -0.250000
2541 -0.428571
2542 -0.309521
2543 -0.190476
2544 0.100000
2545 -0.391892
2546 -0.216216
2547 -0.040541
2548 -0.500000
2549 -0.547618
2550 -0.428571
2551 -0.309521
2552 -0.300000
2553 -0.442857
2554 -0.323807
2555 -0.204762
2556 -0.100000
2557 -0.338093
2558 -0.219048
2559 -0.100000
2560 0.500000
2561 -0.595238
2562 -0.321429
2563 -0.047619
2564 -0.884615
2565 -0.735294
2566 -0.573529
2567 -0.411765
2568 -0.538462
2569 -0.588235
2570 -0.426471
2571 -0.264702
2572 -0.192308
2573 -0.441176
2574 -0.279409
2575 -0.117647
2576 -0.892857
2577 -0.711864
2578 -0.516949
2579 -0.322034
2580 -0.925000
2581 -0.790698
2582 -0.662791
2583 -0.534884
2584 -0.700000
2585 -0.674419
2586 -0.546512
2587 -0.418604
2588 -0.475000
2589 -0.558140
2590 -0.430232
2591 -0.302326
2592 -0.428571
2593 -0.567797
2594 -0.372881
2595 -0.177966
2596 -0.750000
2597 -0.686047
2598 -0.558140
2599 -0.430232
2600 -0.525000
2601 -0.569767
2602 -0.441860
2603 -0.313953
2604 -0.300000
2605 -0.453488
2606 -0.325581
2607 -0.197673
2608 0.035714
2609 -0.423729
2610 -0.228814
2611 -0.033898
2612 -0.575000
2613 -0.581395
2614 -0.453488
2615 -0.325581
2616 -0.350000
2617 -0.465116
2618 -0.337209
2619 -0.209301
2620 -0.125000
2621 -0.348837
2622 -0.220929
2623 -0.093023
2624 -0.833333
2625 -0.678571
2626 -0.446429
2627 -0.214286
2628 -0.928571
2629 -0.779070
2630 -0.633718
2631 -0.488372
2632 -0.642857
2633 -0.651160
2634 -0.505814
2635 -0.360456
2636 -0.357143
2637 -0.523256
2638 -0.377899
2639 -0.232558
2640 -0.950000
2641 -0.756757
2642 -0.581081
2643 -0.405405
2644 -0.950000
2645 -0.819048
2646 -0.700000
2647 -0.580952
2648 -0.750000
2649 -0.714286
2650 -0.595238
2651 -0.476189
2652 -0.550000
2653 -0.609524
2654 -0.490475
2655 -0.371429
2656 -0.600000
2657 -0.635135
2658 -0.459459
2659 -0.283784
2660 -0.800000
2661 -0.728571
2662 -0.609524
2663 -0.490475
2664 -0.600000
2665 -0.623810
2666 -0.504761
2667 -0.385714
2668 -0.400000
2669 -0.519047
2670 -0.400000
2671 -0.280948
2672 -0.250000
2673 -0.513514
2674 -0.337838
2675 -0.162162
2676 -0.650000
2677 -0.638095
2678 -0.519047
2679 -0.400000
2680 -0.450000
2681 -0.533332
2682 -0.414286
2683 -0.295235
2684 -0.250000
2685 -0.428571
2686 -0.309521
2687 -0.190476
2688 -0.166667
2689 -0.553571
2690 -0.321429
2691 -0.089286
2692 -0.785714
2693 -0.686044
2694 -0.540698
2695 -0.395341
2696 -0.500000
2697 -0.558140
2698 -0.412784
2699 -0.267442
2700 -0.214286
2701 -0.430227
2702 -0.284884
2703 -0.139535
2704 -0.750000
2705 -0.662162
2706 -0.486486
2707 -0.310811
2708 -0.850000
2709 -0.742857
2710 -0.623810
2711 -0.504761
2712 -0.650000
2713 -0.638095
2714 -0.519047
2715 -0.400000
2716 -0.450000
2717 -0.533332
2718 -0.414286
2719 -0.295235
2720 -0.400000
2721 -0.540541
2722 -0.364865
2723 -0.189189
2724 -0.700000
2725 -0.652381
2726 -0.533332
2727 -0.414286
2728 -0.500000
2729 -0.547618
2730 -0.428571
2731 -0.309521
2732 -0.300000
2733 -0.442857
2734 -0.323807
2735 -0.204762
2736 -0.050000
2737 -0.418919
2738 -0.243243
2739 -0.067568
2740 -0.550000
2741 -0.561904
2742 -0.442857
2743 -0.323807
2744 -0.350000
2745 -0.457143
2746 -0.338093
2747 -0.219048
2748 -0.150000
2749 -0.352379
2750 -0.233333
2751 -0.114286
2752 0.500000
2753 -0.428571
2754 -0.196429
2755 0.035714
2756 -0.642857
2757 -0.593023
2758 -0.447669
2759 -0.302326
2760 -0.357143
2761 -0.465111
2762 -0.319767
2763 -0.174419
2764 -0.071429
2765 -0.337209
2766 -0.191860
2767 -0.046512
2768 -0.550000
2769 -0.567568
2770 -0.391892
2771 -0.216216
2772 -0.750000
2773 -0.666667
2774 -0.547618
2775 -0.428571
2776 -0.550000
2777 -0.561904
2778 -0.442857
2779 -0.323807
2780 -0.350000
2781 -0.457143
2782 -0.338093
2783 -0.219048
2784 -0.200000
2785 -0.445946
2786 -0.270270
2787 -0.094595
2788 -0.600000
2789 -0.576190
2790 -0.457143
2791 -0.338093
2792 -0.400000
2793 -0.471429
2794 -0.352379
2795 -0.233333
2796 -0.200000
2797 -0.366665
2798 -0.247619
2799 -0.128571
2800 0.150000
2801 -0.324324
2802 -0.148649
2803 0.027027
2804 -0.450000
2805 -0.485714
2806 -0.366665
2807 -0.247619
2808 -0.250000
2809 -0.380951
2810 -0.261905
2811 -0.142857
2812 -0.050000
2813 -0.276190
2814 -0.157143
2815 -0.038095
2816 2.000000
2817 -0.464286
2818 -0.190476
2819 0.083333
2820 -0.769231
2821 -0.632352
2822 -0.470588
2823 -0.308821
2824 -0.423077
2825 -0.485294
2826 -0.323527
2827 -0.161765
2828 -0.076923
2829 -0.338233
2830 -0.176471
2831 -0.014706
2832 -0.785714
2833 -0.618644
2834 -0.423729
2835 -0.228814
2836 -0.850000
2837 -0.709302
2838 -0.581395
2839 -0.453488
2840 -0.625000
2841 -0.593023
2842 -0.465116
2843 -0.337209
2844 -0.400000
2845 -0.476744
2846 -0.348837
2847 -0.220929
2848 -0.321429
2849 -0.474576
2850 -0.279661
2851 -0.084746
2852 -0.675000
2853 -0.604651
2854 -0.476744
2855 -0.348837
2856 -0.450000
2857 -0.488372
2858 -0.360465
2859 -0.232557
2860 -0.225000
2861 -0.372093
2862 -0.244185
2863 -0.116279
2864 0.142857
2865 -0.330508
2866 -0.135593
2867 0.059322
2868 -0.500000
2869 -0.500000
2870 -0.372093
2871 -0.244185
2872 -0.275000
2873 -0.383721
2874 -0.255813
2875 -0.127907
2876 -0.050000
2877 -0.267441
2878 -0.139518
2879 -0.011628
2880 -0.666667
2881 -0.589286
2882 -0.357143
2883 -0.125000
2884 -0.857143
2885 -0.703486
2886 -0.558140
2887 -0.412784
2888 -0.571429
2889 -0.575581
2890 -0.430227
2891 -0.284884
2892 -0.285714
2893 -0.447669
2894 -0.302326
2895 -0.156977
2896 -0.900000
2897 -0.689189
2898 -0.513514
2899 -0.337838
2900 -0.900000
2901 -0.757143
2902 -0.638095
2903 -0.519047
2904 -0.700000
2905 -0.652381
2906 -0.533332
2907 -0.414286
2908 -0.500000
2909 -0.547618
2910 -0.428571
2911 -0.309521
2912 -0.550000
2913 -0.567568
2914 -0.391892
2915 -0.216216
2916 -0.750000
2917 -0.666667
2918 -0.547618
2919 -0.428571
2920 -0.550000
2921 -0.561904
2922 -0.442857
2923 -0.323807
2924 -0.350000
2925 -0.457143
2926 -0.338093
2927 -0.219048
2928 -0.200000
2929 -0.445946
2930 -0.270270
2931 -0.094595
2932 -0.600000
2933 -0.576190
2934 -0.457143
2935 -0.338093
2936 -0.400000
2937 -0.471429
2938 -0.352379
2939 -0.233333
2940 -0.200000
2941 -0.366665
2942 -0.247619
2943 -0.128571
2944 0.000000
2945 -0.464286
2946 -0.232143
2947 -0.000000
2948 -0.714286
2949 -0.610465
2950 -0.465111
2951 -0.319767
2952 -0.428571
2953 -0.482554
2954 -0.337209
2955 -0.191860
2956 -0.142857
2957 -0.354651
2958 -0.209302
2959 -0.063953
2960 -0.700000
2961 -0.594595
2962 -0.418919
2963 -0.243243
2964 -0.800000
2965 -0.680952
2966 -0.561904
2967 -0.442857
2968 -0.600000
2969 -0.576190
2970 -0.457143
2971 -0.338093
2972 -0.400000
2973 -0.471429
2974 -0.352379
2975 -0.233333
2976 -0.350000
2977 -0.472973
2978 -0.297297
2979 -0.121622
2980 -0.650000
2981 -0.590476
2982 -0.471429
2983 -0.352379
2984 -0.450000
2985 -0.485714
2986 -0.366665
2987 -0.247619
2988 -0.250000
2989 -0.380951
2990 -0.261905
2991 -0.142857
2992 0.000000
2993 -0.351351
2994 -0.175676
2995 0.000000
2996 -0.500000
2997 -0.500000
2998 -0.380951
2999 -0.261905
3000 -0.300000
3001 -0.395236
3002 -0.276190
3003 -0.157143
3004 -0.100000
3005 -0.290476
3006 -0.171429
3007 -0.052381
3008 0.666667
3009 -0.339286
3010 -0.107143
3011 0.125000
3012 -0.571429
3013 -0.517438
3014 -0.372093
3015 -0.226744
3016 -0.285714
3017 -0.389535
3018 -0.244186
3019 -0.098837
3020 -0.000000
3021 -0.261628
3022 -0.116279
3023 0.029070
3024 -0.500000
3025 -0.500000
3026 -0.324324
3027 -0.148649
3028 -0.700000
3029 -0.604761
3030 -0.485714
3031 -0.366665
3032 -0.500000
3033 -0.500000
3034 -0.380951
3035 -0.261905
3036 -0.300000
3037 -0.395236
3038 -0.276190
3039 -0.157143
3040 -0.150000
3041 -0.378378
3042 -0.202703
3043 -0.027027
3044 -0.550000
3045 -0.514286
3046 -0.395236
3047 -0.276190
3048 -0.350000
3049 -0.409522
3050 -0.290476
3051 -0.171429
3052 -0.150000
3053 -0.304762
3054 -0.185714
3055 -0.066667
3056 0.200000
3057 -0.256757
3058 -0.081081
3059 0.094595
3060 -0.400000
3061 -0.423808
3062 -0.304762
3063 -0.185714
3064 -0.200000
3065 -0.319048
3066 -0.200000
3067 -0.080952
3068 -0.000000
3069 -0.214286
3070 -0.095238
3071 0.023810
3072 0
3073 -0.500000
3074 -0.199990
3075 0.100000
3076 -0.875000
3077 -0.666667
3078 -0.500000
3079 -0.333333
3080 -0.500000
3081 -0.500000
3082 -0.333333
3083 -0.166667
3084 -0.125000
3085 -0.333333
3086 -0.166667
3087 0.000000
3088 -1.000000
3089 -0.671053
3090 -0.473684
3091 -0.276316
3092 -0.923077
3093 -0.750000
3094 -0.625000
3095 -0.500000
3096 -0.692308
3097 -0.625000
3098 -0.500000
3099 -0.375000
3100 -0.461538
3101 -0.500000
3102 -0.375000
3103 -0.250000
3104 -0.500000
3105 -0.500000
3106 -0.302632
3107 -0.105261
3108 -0.730769
3109 -0.625000
3110 -0.500000
3111 -0.375000
3112 -0.500000
3113 -0.500000
3114 -0.375000
3115 -0.250000
3116 -0.269231
3117 -0.375000
3118 -0.250000
3119 -0.125000
3120 0.000000
3121 -0.328947
3122 -0.131578
3123 0.065790
3124 -0.538462
3125 -0.500000
3126 -0.375000
3127 -0.250000
3128 -0.307692
3129 -0.375000
3130 -0.250000
3131 -0.125000
3132 -0.076923
3133 -0.250000
3134 -0.125000
3135 0.000000
3136 -1.250000
3137 -0.657895
3138 -0.421053
3139 -0.184211
3140 -0.958333
3141 -0.754237
3142 -0.610169
3143 -0.466101
3144 -0.666667
3145 -0.618644
3146 -0.474576
3147 -0.330508
3148 -0.375000
3149 -0.483051
3150 -0.338983
3151 -0.194915
3152 -1.071430
3153 -0.750000
3154 -0.576921
3155 -0.403846
3156 -0.971429
3157 -0.804054
3158 -0.689189
3159 -0.574324
3160 -0.771429
3161 -0.695946
3162 -0.581081
3163 -0.466216
3164 -0.571429
3165 -0.587838
3166 -0.472971
3167 -0.358108
3168 -0.714286
3169 -0.615383
3170 -0.442308
3171 -0.269220
3172 -0.814286
3173 -0.702703
3174 -0.587838
3175 -0.472971
3176 -0.614286
3177 -0.594595
3178 -0.479728
3179 -0.364865
3180 -0.414286
3181 -0.486485
3182 -0.371621
3183 -0.256757
3184 -0.357143
3185 -0.480769
3186 -0.307684
3187 -0.134615
3188 -0.657143
3189 -0.601351
3190 -0.486485
3191 -0.371621
3192 -0.457143
3193 -0.493242
3194 -0.378378
3195 -0.263514
3196 -0.257143
3197 -0.385135
3198 -0.270270
3199 -0.155405
3200 -0.500000
3201 -0.499974
3202 -0.263158
3203 -0.026316
3204 -0.791667
3205 -0.635593
3206 -0.491525
3207 -0.347458
3208 -0.500000
3209 -0.500000
3210 -0.355932
3211 -0.211864
3212 -0.208333
3213 -0.364407
3214 -0.220339
3215 -0.076271
3216 -0.857143
3217 -0.634614
3218 -0.461538
3219 -0.288452
3220 -0.857143
3221 -0.709459
3222 -0.594595
3223 -0.479728
3224 -0.657143
3225 -0.601351
3226 -0.486485
3227 -0.371621
3228 -0.457143
3229 -0.493242
3230 -0.378378
3231 -0.263514
3232 -0.500000
3233 -0.500000
3234 -0.326916
3235 -0.153846
3236 -0.700000
3237 -0.608108
3238 -0.493242
3239 -0.378378
3240 -0.500000
3241 -0.499999
3242 -0.385135
3243 -0.270270
3244 -0.300000
3245 -0.391892
3246 -0.277027
3247 -0.162162
3248 -0.142857
3249 -0.365379
3250 -0.192308
3251 -0.019231
3252 -0.542857
3253 -0.506756
3254 -0.391892
3255 -0.277027
3256 -0.342857
3257 -0.398649
3258 -0.283784
3259 -0.168919
3260 -0.142857
3261 -0.290541
3262 -0.175676
3263 -0.060811
3264 0.250000
3265 -0.342105
3266 -0.105263
3267 0.131579
3268 -0.625000
3269 -0.516949
3270 -0.373006
3271 -0.228814
3272 -0.333333
3273 -0.381356
3274 -0.237288
3275 -0.093220
3276 -0.041667
3277 -0.245763
3278 -0.101695
3279 0.042378
3280 -0.642857
3281 -0.519231
3282 -0.346148
3283 -0.173077
3284 -0.742857
3285 -0.614865
3286 -0.499999
3287 -0.385135
3288 -0.542857
3289 -0.506756
3290 -0.391892
3291 -0.277027
3292 -0.342857
3293 -0.398649
3294 -0.283784
3295 -0.168919
3296 -0.285714
3297 -0.384611
3298 -0.211538
3299 -0.038462
3300 -0.585714
3301 -0.513513
3302 -0.398649
3303 -0.283784
3304 -0.385714
3305 -0.405405
3306 -0.290541
3307 -0.175676
3308 -0.185714
3309 -0.297379
3310 -0.182432
3311 -0.067568
3312 0.071429
3313 -0.250000
3314 -0.076923
3315 0.096154
3316 -0.428571
3317 -0.412162
3318 -0.297379
3319 -0.182432
3320 -0.228571
3321 -0.304054
3322 -0.189189
3323 -0.074324
3324 -0.028571
3325 -0.195946
3326 -0.081081
3327 0.033786
3328 -2.000000
3329 -0.630952
3330 -0.357143
3331 -0.083333
3332 -0.961538
3333 -0.750000
3334 -0.588235
3335 -0.426471
3336 -0.615385
3337 -0.602941
3338 -0.441176
3339 -0.279409
3340 -0.269231
3341 -0.455882
3342 -0.294115
3343 -0.132353
3344 -1.071430
3345 -0.737288
3346 -0.542373
3347 -0.347458
3348 -0.975000
3349 -0.802326
3350 -0.674419
3351 -0.546512
3352 -0.750000
3353 -0.686047
3354 -0.558140
3355 -0.430232
3356 -0.525000
3357 -0.569767
3358 -0.441860
3359 -0.313953
3360 -0.607143
3361 -0.593220
3362 -0.398305
3363 -0.203390
3364 -0.800000
3365 -0.697674
3366 -0.569767
3367 -0.441860
3368 -0.575000
3369 -0.581395
3370 -0.453488
3371 -0.325581
3372 -0.350000
3373 -0.465116
3374 -0.337209
3375 -0.209301
3376 -0.142857
3377 -0.449153
3378 -0.254237
3379 -0.059322
3380 -0.625000
3381 -0.593023
3382 -0.465116
3383 -0.337209
3384 -0.400000
3385 -0.476744
3386 -0.348837
3387 -0.220929
3388 -0.175000
3389 -0.360465
3390 -0.232557
3391 -0.104651
3392 -1.333330
3393 -0.714286
3394 -0.482143
3395 -0.250000
3396 -1.000000
3397 -0.796512
3398 -0.651160
3399 -0.505814
3400 -0.714286
3401 -0.668602
3402 -0.523256
3403 -0.377899
3404 -0.428571
3405 -0.540698
3406 -0.395341
3407 -0.250000
3408 -1.100000
3409 -0.783784
3410 -0.608108
3411 -0.432432
3412 -1.000000
3413 -0.833333
3414 -0.714286
3415 -0.595238
3416 -0.800000
3417 -0.728571
3418 -0.609524
3419 -0.490475
3420 -0.600000
3421 -0.623810
3422 -0.504761
3423 -0.385714
3424 -0.750000
3425 -0.662162
3426 -0.486486
3427 -0.310811
3428 -0.850000
3429 -0.742857
3430 -0.623810
3431 -0.504761
3432 -0.650000
3433 -0.638095
3434 -0.519047
3435 -0.400000
3436 -0.450000
3437 -0.533332
3438 -0.414286
3439 -0.295235
3440 -0.400000
3441 -0.540541
3442 -0.364865
3443 -0.189189
3444 -0.700000
3445 -0.652381
3446 -0.533332
3447 -0.414286
3448 -0.500000
3449 -0.547618
3450 -0.428571
3451 -0.309521
3452 -0.300000
3453 -0.442857
3454 -0.323807
3455 -0.204762
3456 -0.666667
3457 -0.589286
3458 -0.357143
3459 -0.125000
3460 -0.857143
3461 -0.703486
3462 -0.558140
3463 -0.412784
3464 -0.571429
3465 -0.575581
3466 -0.430227
3467 -0.284884
3468 -0.285714
3469 -0.447669
3470 -0.302326
3471 -0.156977
3472 -0.900000
3473 -0.689189
3474 -0.513514
3475 -0.337838
3476 -0.900000
3477 -0.757143
3478 -0.638095
3479 -0.519047
3480 -0.700000
3481 -0.652381
3482 -0.533332
3483 -0.414286
3484 -0.500000
3485 -0.547618
3486 -0.428571
3487 -0.309521
3488 -0.550000
3489 -0.567568
3490 -0.391892
3491 -0.216216
3492 -0.750000
3493 -0.666667
3494 -0.547618
3495 -0.428571
3496 -0.550000
3497 -0.561904
3498 -0.442857
3499 -0.323807
3500 -0.350000
3501 -0.457143
3502 -0.338093
3503 -0.219048
3504 -0.200000
3505 -0.445946
3506 -0.270270
3507 -0.094595
3508 -0.600000
3509 -0.576190
3510 -0.457143
3511 -0.338093
3512 -0.400000
3513 -0.471429
3514 -0.352379
3515 -0.233333
3516 -0.200000
3517 -0.366665
3518 -0.247619
3519 -0.128571
3520 -0.000000
3521 -0.464286
3522 -0.232143
3523 -0.000000
3524 -0.714286
3525 -0.610465
3526 -0.465111
3527 -0.319767
3528 -0.428571
3529 -0.482554
3530 -0.337209
3531 -0.191860
3532 -0.142857
3533 -0.354651
3534 -0.209302
3535 -0.063953
3536 -0.700000
3537 -0.594595
3538 -0.418919
3539 -0.243243
3540 -0.800000
3541 -0.680952
3542 -0.561904
3543 -0.442857
3544 -0.600000
3545 -0.576190
3546 -0.457143
3547 -0.338093
3548 -0.400000
3549 -0.471429
3550 -0.352379
3551 -0.233333
3552 -0.350000
3553 -0.472973
3554 -0.297297
3555 -0.121622
3556 -0.650000
3557 -0.590476
3558 -0.471429
3559 -0.352379
3560 -0.450000
3561 -0.485714
3562 -0.366665
3563 -0.247619
3564 -0.250000
3565 -0.380951
3566 -0.261905
3567 -0.142857
3568 -0.000000
3569 -0.351351
3570 -0.175676
3571 -0.000000
3572 -0.500000
3573 -0.500000
3574 -0.380951
3575 -0.261905
3576 -0.300000
3577 -0.395236
3578 -0.276190
3579 -0.157143
3580 -0.100000
3581 -0.290476
3582 -0.171429
3583 -0.052381
3584 -0.500000
3585 -0.500000
3586 -0.226190
3587 0.047619
3588 -0.846154
3589 -0.647058
3590 -0.485294
3591 -0.323527
3592 -0.500000
3593 -0.500000
3594 -0.338233
3595 -0.176471
3596 -0.153846
3597 -0.352939
3598 -0.191176
3599 -0.029412
3600 -0.964286
3601 -0.644068
3602 -0.449153
3603 -0.254237
3604 -0.900000
3605 -0.720930
3606 -0.593023
3607 -0.465116
3608 -0.675000
3609 -0.604651
3610 -0.476744
3611 -0.348837
3612 -0.450000
3613 -0.488372
3614 -0.360465
3615 -0.232557
3616 -0.500000
3617 -0.500000
3618 -0.305085
3619 -0.110169
3620 -0.725000
3621 -0.616279
3622 -0.488372
3623 -0.360465
3624 -0.500000
3625 -0.500000
3626 -0.372093
3627 -0.244185
3628 -0.275000
3629 -0.383721
3630 -0.255813
3631 -0.127907
3632 -0.035714
3633 -0.355932
3634 -0.161017
3635 0.033898
3636 -0.550000
3637 -0.511628
3638 -0.383721
3639 -0.255813
3640 -0.325000
3641 -0.395349
3642 -0.267441
3643 -0.139518
3644 -0.100000
3645 -0.279069
3646 -0.151147
3647 -0.023256
3648 -1.166670
3649 -0.625000
3650 -0.392857
3651 -0.160714
3652 -0.928571
3653 -0.720928
3654 -0.575581
3655 -0.430227
3656 -0.642857
3657 -0.593023
3658 -0.447669
3659 -0.302326
3660 -0.357143
3661 -0.465111
3662 -0.319767
3663 -0.174419
3664 -1.050000
3665 -0.716216
3666 -0.540541
3667 -0.364865
3668 -0.950000
3669 -0.771429
3670 -0.652381
3671 -0.533332
3672 -0.750000
3673 -0.666667
3674 -0.547618
3675 -0.428571
3676 -0.550000
3677 -0.561904
3678 -0.442857
3679 -0.323807
3680 -0.700000
3681 -0.594595
3682 -0.418919
3683 -0.243243
3684 -0.800000
3685 -0.680952
3686 -0.561904
3687 -0.442857
3688 -0.600000
3689 -0.576190
3690 -0.457143
3691 -0.338093
3692 -0.400000
3693 -0.471429
3694 -0.352379
3695 -0.233333
3696 -0.350000
3697 -0.472973
3698 -0.297297
3699 -0.121622
3700 -0.650000
3701 -0.590476
3702 -0.471429
3703 -0.352379
3704 -0.450000
3705 -0.485714
3706 -0.366665
3707 -0.247619
3708 -0.250000
3709 -0.380951
3710 -0.261905
3711 -0.142857
3712 -0.500000
3713 -0.500000
3714 -0.267857
3715 -0.035714
3716 -0.785714
3717 -0.627907
3718 -0.482554
3719 -0.337209
3720 -0.500000
3721 -0.499996
3722 -0.354651
3723 -0.209302
3724 -0.214286
3725 -0.372093
3726 -0.226744
3727 -0.081395
3728 -0.850000
3729 -0.621622
3730 -0.445946
3731 -0.270270
3732 -0.850000
3733 -0.695238
3734 -0.576190
3735 -0.457143
3736 -0.650000
3737 -0.590476
3738 -0.471429
3739 -0.352379
3740 -0.450000
3741 -0.485714
3742 -0.366665
3743 -0.247619
3744 -0.500000
3745 -0.500000
3746 -0.324324
3747 -0.148649
3748 -0.700000
3749 -0.604761
3750 -0.485714
3751 -0.366665
3752 -0.500000
3753 -0.500000
3754 -0.380951
3755 -0.261905
3756 -0.300000
3757 -0.395236
3758 -0.276190
3759 -0.157143
3760 -0.150000
3761 -0.378378
3762 -0.202703
3763 -0.027027
3764 -0.550000
3765 -0.514286
3766 -0.395236
3767 -0.276190
3768 -0.350000
3769 -0.409522
3770 -0.290476
3771 -0.171429
3772 -0.150000
3773 -0.304762
3774 -0.185714
3775 -0.066667
3776 0.166667
3777 -0.375000
3778 -0.142857
3779 0.089286
3780 -0.642857
3781 -0.534880
3782 -0.389535
3783 -0.244186
3784 -0.357143
3785 -0.406977
3786 -0.261628
3787 -0.116279
3788 -0.071429
3789 -0.279070
3790 -0.133721
3791 0.011628
3792 -0.650000
3793 -0.527027
3794 -0.351351
3795 -0.175676
3796 -0.750000
3797 -0.619047
3798 -0.500000
3799 -0.380951
3800 -0.550000
3801 -0.514286
3802 -0.395236
3803 -0.276190
3804 -0.350000
3805 -0.409522
3806 -0.290476
3807 -0.171429
3808 -0.300000
3809 -0.405405
3810 -0.229730
3811 -0.054054
3812 -0.600000
3813 -0.528571
3814 -0.409522
3815 -0.290476
3816 -0.400000
3817 -0.423808
3818 -0.304762
3819 -0.185714
3820 -0.200000
3821 -0.319048
3822 -0.200000
3823 -0.080952
3824 0.050000
3825 -0.283784
3826 -0.108108
3827 0.067568
3828 -0.450000
3829 -0.438094
3830 -0.319048
3831 -0.200000
3832 -0.250000
3833 -0.333333
3834 -0.214286
3835 -0.095238
3836 -0.050000
3837 -0.228571
3838 -0.109524
3839 0.009524
3840 1.000000
3841 -0.369048
3842 -0.095238
3843 0.178571
3844 -0.730769
3845 -0.544118
3846 -0.382351
3847 -0.220588
3848 -0.384615
3849 -0.397057
3850 -0.235294
3851 -0.073529
3852 -0.038462
3853 -0.250000
3854 -0.088235
3855 0.073529
3856 -0.857143
3857 -0.550847
3858 -0.355932
3859 -0.161017
3860 -0.825000
3861 -0.639534
3862 -0.511628
3863 -0.383721
3864 -0.600000
3865 -0.523256
3866 -0.395349
3867 -0.267441
3868 -0.375000
3869 -0.406977
3870 -0.279069
3871 -0.151147
3872 -0.392857
3873 -0.406780
3874 -0.211864
3875 -0.016949
3876 -0.650000
3877 -0.534884
3878 -0.406977
3879 -0.279069
3880 -0.425000
3881 -0.418605
3882 -0.290697
3883 -0.162777
3884 -0.200000
3885 -0.302325
3886 -0.174406
3887 -0.046512
3888 0.071429
3889 -0.262712
3890 -0.067797
3891 0.127119
3892 -0.475000
3893 -0.430233
3894 -0.302325
3895 -0.174406
3896 -0.250000
3897 -0.313953
3898 -0.186035
3899 -0.058139
3900 -0.025000
3901 -0.197664
3902 -0.069767
3903 0.058139
3904 -1.000000
3905 -0.535714
3906 -0.303571
3907 -0.071429
3908 -0.857143
3909 -0.645349
3910 -0.499996
3911 -0.354651
3912 -0.571429
3913 -0.517438
3914 -0.372093
3915 -0.226744
3916 -0.285714
3917 -0.389535
3918 -0.244186
3919 -0.098837
3920 -1.000000
3921 -0.648649
3922 -0.472973
3923 -0.297297
3924 -0.900000
3925 -0.709524
3926 -0.590476
3927 -0.471429
3928 -0.700000
3929 -0.604761
3930 -0.485714
3931 -0.366665
3932 -0.500000
3933 -0.500000
3934 -0.380951
3935 -0.261905
3936 -0.650000
3937 -0.527027
3938 -0.351351
3939 -0.175676
3940 -0.750000
3941 -0.619047
3942 -0.500000
3943 -0.380951
3944 -0.550000
3945 -0.514286
3946 -0.395236
3947 -0.276190
3948 -0.350000
3949 -0.409522
3950 -0.290476
3951 -0.171429
3952 -0.300000
3953 -0.405405
3954 -0.229730
3955 -0.054054
3956 -0.600000
3957 -0.528571
3958 -0.409522
3959 -0.290476
3960 -0.400000
3961 -0.423808
3962 -0.304762
3963 -0.185714
3964 -0.200000
3965 -0.319048
3966 -0.200000
3967 -0.080952
3968 -0.333333
3969 -0.410714
3970 -0.178571
3971 0.053571
3972 -0.714286
3973 -0.552322
3974 -0.406977
3975 -0.261628
3976 -0.428571
3977 -0.424419
3978 -0.279070
3979 -0.133721
3980 -0.142857
3981 -0.296512
3982 -0.151163
3983 -0.005814
3984 -0.800000
3985 -0.554054
3986 -0.378378
3987 -0.202703
3988 -0.800000
3989 -0.633333
3990 -0.514286
3991 -0.395236
3992 -0.600000
3993 -0.528571
3994 -0.409522
3995 -0.290476
3996 -0.400000
3997 -0.423808
3998 -0.304762
3999 -0.185714
4000 -0.450000
4001 -0.432432
4002 -0.256757
4003 -0.081081
4004 -0.650000
4005 -0.542857
4006 -0.423808
4007 -0.304762
4008 -0.450000
4009 -0.438094
4010 -0.319048
4011 -0.200000
4012 -0.250000
4013 -0.333333
4014 -0.214286
4015 -0.095238
4016 -0.100000
4017 -0.310811
4018 -0.135135
4019 0.040541
4020 -0.500000
4021 -0.452380
4022 -0.333333
4023 -0.214286
4024 -0.300000
4025 -0.347619
4026 -0.228571
4027 -0.109524
4028 -0.100000
4029 -0.242857
4030 -0.123810
4031 -0.004762
4032 0.333333
4033 -0.285714
4034 -0.053571
4035 0.178571
4036 -0.571429
4037 -0.459302
4038 -0.313953
4039 -0.168605
4040 -0.285714
4041 -0.331395
4042 -0.186047
4043 -0.040698
4044 0.000000
4045 -0.203488
4046 -0.058139
4047 0.087209
4048 -0.600000
4049 -0.459459
4050 -0.283784
4051 -0.108108
4052 -0.700000
4053 -0.557143
4054 -0.438094
4055 -0.319048
4056 -0.500000
4057 -0.452380
4058 -0.333333
4059 -0.214286
4060 -0.300000
4061 -0.347619
4062 -0.228571
4063 -0.109524
4064 -0.250000
4065 -0.337838
4066 -0.162162
4067 0.013513
4068 -0.550000
4069 -0.466666
4070 -0.347619
4071 -0.228571
4072 -0.350000
4073 -0.361905
4074 -0.242857
4075 -0.123810
4076 -0.150000
4077 -0.257143
4078 -0.138095
4079 -0.019048
4080 0.100000
4081 -0.216216
4082 -0.040541
4083 0.135135
4084 -0.400000
4085 -0.376190
4086 -0.257143
4087 -0.138095
4088 -0.200000
4089 -0.271429
4090 -0.152381
4091 -0.033333
4092 -0.000000
4093 -0.166667
4094 -0.047619
4095 0.071429
