#CSC Slope LUT
#Structure is comparator code (iCC) -> Stub slope
#iCC bits: 12
#<header> v1.0 12 32 </header>
0 0
1 0
2 0
3 0
4 0
5 0
6 0
7 -1
8 0
9 0
10 2.08722e-13
11 -0.5
12 0
13 1
14 0.5
15 2.75335e-13
16 0
17 0
18 0
19 -0.5
20 0
21 0
22 -0.272727
23 -0.5625
24 0
25 5.15366e-13
26 -0.214286
27 -0.5
28 -1
29 -1.12355e-13
30 -0.117647
31 -0.375
32 0
33 0
34 -1.0334e-12
35 -0.25
36 0
37 0.272727
38 1.2732e-12
39 -0.275862
40 1.69909e-12
41 0.214286
42 -3.43858e-12
43 -0.264706
44 -0.5
45 0.117647
46 2.15472e-12
47 -0.230769
48 0
49 0.5
50 0.25
51 2.24998e-12
52 1
53 0.5625
54 0.275862
55 1.67555e-12
56 0.5
57 0.5
58 0.264706
59 -9.97424e-13
60 -3.32268e-12
61 0.375
62 0.230769
63 -3.72591e-13
64 0
65 0
66 0
67 -0.333333
68 0
69 0
70 -0.166667
71 -0.352941
72 0
73 -0.0526316
74 -0.166667
75 -0.341463
76 -0.5
77 -0.125
78 -0.166667
79 -0.3125
80 0
81 0
82 -0.185185
83 -0.375
84 0
85 -3.27738e-13
86 -0.176471
87 -0.375
88 -0.272727
89 -0.0769231
90 -0.195122
91 -0.375
92 -0.5625
93 -0.1875
94 -0.229167
95 -0.375
96 0
97 0.0526316
98 -0.111111
99 -0.301887
100 0
101 0.0769231
102 -0.0909091
103 -0.290323
104 -0.214286
105 -5.08704e-13
106 -0.115385
107 -0.295775
108 -0.5
109 -0.125
110 -0.166667
111 -0.3125
112 -1
113 0.125
114 -1.38511e-12
115 -0.181818
116 0
117 0.1875
118 0.037037
119 -0.157895
120 -0.117647
121 0.125
122 0.015873
123 -0.162791
124 -0.375
125 -7.16982e-13
126 -0.0416667
127 -0.1875
128 0
129 0
130 -2.93099e-14
131 -0.166667
132 0
133 0.185185
134 0.0217391
135 -0.153846
136 2.67695e-13
137 0.111111
138 -2.38032e-13
139 -0.157895
140 -0.25
141 3.3662e-13
142 -0.0454545
143 -0.172414
144 0
145 0.166667
146 -0.0217391
147 -0.205882
148 0.272727
149 0.176459
150 -4.93494e-13
151 -0.1875
152 0
153 0.0909091
154 -0.0294118
155 -0.195652
156 -0.275862
157 -0.037037
158 -0.0886076
159 -0.221154
160 -9.2153e-12
161 0.166667
162 -9.88098e-14
163 -0.182927
164 0.214286
165 0.195117
166 0.0294118
167 -0.157895
168 0
169 0.115385
170 -9.10383e-15
171 -0.166667
172 -0.264706
173 -0.015873
174 -0.0652174
175 -0.198347
176 -0.5
177 0.166667
178 0.0454545
179 -0.125
180 0.117647
181 0.229165
182 0.0886076
183 -0.0909091
184 3.8458e-13
185 0.166667
186 0.0652174
187 -0.0967742
188 -0.230769
189 0.0416667
190 -1.77636e-14
191 -0.130435
192 0
193 0.333333
194 0.166666
195 2.62679e-13
196 0.5
197 0.375
198 0.205882
199 0.03125
200 0.25
201 0.301887
202 0.182927
203 0.027027
204 3.19062e-13
205 0.181818
206 0.125
207 -1.61871e-13
208 1
209 0.352941
210 0.153846
211 -0.03125
212 0.5625
213 0.375
214 0.1875
215 5.51781e-14
216 0.275862
217 0.290322
218 0.157895
219 -0.0078125
220 3.03684e-13
221 0.157895
222 0.0909091
223 -0.0416667
224 0.5
225 0.341463
226 0.157895
227 -0.027027
228 0.5
229 0.375
230 0.195652
231 0.0078125
232 0.264706
233 0.295775
234 0.166667
235 -4.94493e-13
236 5.67117e-13
237 0.162791
238 0.0967742
239 -0.037037
240 4.17533e-12
241 0.3125
242 0.172414
243 -1.36446e-13
244 0.375
245 0.375
246 0.221154
247 0.0416667
248 0.230769
249 0.3125
250 0.198347
251 0.037037
252 0
253 0.1875
254 0.130435
255 -6.95888e-13
256 0
257 0
258 0
259 -0.25
260 0
261 0
262 -0.116279
263 -0.25
264 0
265 -0.0555556
266 -0.12963
267 -0.25
268 -0.333333
269 -0.130435
270 -0.153846
271 -0.25
272 0
273 0
274 -0.136364
275 -0.28125
276 0
277 -2.02061e-14
278 -0.125
279 -0.272727
280 -0.166667
281 -0.0652174
282 -0.147059
283 -0.277778
284 -0.352941
285 -0.157895
286 -0.1875
287 -0.291262
288 0
289 0
290 -0.107143
291 -0.25
292 -0.0526316
293 0.0227273
294 -0.0869565
295 -0.234043
296 -0.166667
297 -0.0357143
298 -0.109756
299 -0.240741
300 -0.341463
301 -0.132353
302 -0.157895
303 -0.262295
304 -0.5
305 0
306 -0.0588235
307 -0.1875
308 -0.125
309 0.0565993
310 -0.0243902
311 -0.162162
312 -0.166667
313 0.0151515
314 -0.0416667
315 -0.166667
316 -0.3125
317 -0.0759494
318 -0.0909091
319 -0.191489
320 0
321 0
322 -0.137255
323 -0.276316
324 0
325 0
326 -0.121212
327 -0.26087
328 -0.185185
329 -0.0740741
330 -0.148148
331 -0.268519
332 -0.375
333 -0.176471
334 -0.197917
335 -0.290323
336 0
337 -4.03622e-13
338 -0.140625
339 -0.290323
340 3.11307e-13
341 0
342 -0.125
343 -0.272727
344 -0.176459
345 -0.0769294
346 -0.15625
347 -0.283465
348 -0.375
349 -0.1875
350 -0.214286
351 -0.3125
352 -0.272727
353 -0.0227273
354 -0.129876
355 -0.272727
356 -0.0769231
357 -2.99269e-13
358 -0.106383
359 -0.25
360 -0.195117
361 -0.0657926
362 -0.135135
363 -0.260274
364 -0.375
365 -0.173913
366 -0.195312
367 -0.292683
368 -0.5625
369 -0.0565993
370 -0.111114
371 -0.23622
372 -0.1875
373 -2.5828e-13
374 -0.0740741
375 -0.205479
376 -0.229165
377 -0.0459785
378 -0.0952381
379 -0.212121
380 -0.375
381 -0.144231
382 -0.152778
383 -0.244565
384 0
385 0.0555556
386 -0.0714286
387 -0.211538
388 0.0526316
389 0.0740741
390 -0.044945
391 -0.185484
392 -0.111111
393 2.62196e-13
394 -0.0740741
395 -0.194444
396 -0.301887
397 -0.111114
398 -0.133858
399 -0.22561
400 -3.43059e-13
401 0.0652174
402 -0.0714286
403 -0.221311
404 0.0769231
405 0.0769294
406 -0.0480776
407 -0.195804
408 -0.0909091
409 0
410 -0.0806452
411 -0.207317
412 -0.290322
413 -0.116506
414 -0.145833
415 -0.243243
416 -0.214286
417 0.0357143
418 -0.0714286
419 -0.214286
420 -1.1291e-12
421 0.0657926
422 -0.0420172
423 -0.185185
424 -0.115385
425 2.24882e-13
426 -0.0714286
427 -0.195652
428 -0.295775
429 -0.11207
430 -0.136646
431 -0.23301
432 -0.5
433 -0.0151515
434 -0.0714286
435 -0.196203
436 -0.125
437 0.0459785
438 -0.0298509
439 -0.160221
440 -0.166667
441 0
442 -0.0512821
443 -0.166667
444 -0.3125
445 -0.100776
446 -0.11236
447 -0.202643
448 -1
449 0.130435
450 0.0224728
451 -0.113637
452 0.125
453 0.176471
454 0.0625
455 -0.0769231
456 3.43059e-13
457 0.111114
458 0.037037
459 -0.0833333
460 -0.181818
461 0
462 -0.0253165
463 -0.117647
464 -4.08562e-13
465 0.157895
466 0.0288467
467 -0.119206
468 0.1875
469 0.1875
470 0.0625
471 -0.0852273
472 0.037037
473 0.116506
474 0.0328947
475 -0.0945274
476 -0.157895
477 0
478 -0.0340909
479 -0.132743
480 -0.117647
481 0.132353
482 0.0252104
483 -0.117647
484 0.125
485 0.173913
486 0.0625
487 -0.0816327
488 0.015873
489 0.11207
490 0.0355029
491 -0.0900901
492 -0.162791
493 -3.44114e-13
494 -0.0309278
495 -0.129032
496 -0.375
497 0.0759494
498 0.0149255
499 -0.111111
500 -1.04361e-14
501 0.144231
502 0.0625
503 -0.0694444
504 -0.0416667
505 0.100776
506 0.0430107
507 -0.0740741
508 -0.1875
509 0
510 -0.0188679
511 -0.111111
512 0
513 0
514 0
515 -0.125
516 0
517 0.137255
518 0.0238091
519 -0.102564
520 -3.66152e-13
521 0.0714286
522 1.86462e-13
523 -0.108696
524 -0.166666
525 -0.0224728
526 -0.0483871
527 -0.132075
528 0
529 0.136364
530 0
531 -0.137931
532 0.185185
533 0.140625
534 0.0198018
535 -0.115942
536 0.0217391
537 0.0714286
538 -0.00819672
539 -0.125
540 -0.153846
541 -0.0288467
542 -0.0629371
543 -0.153846
544 4.92695e-12
545 0.107143
546 2.18609e-13
547 -0.132353
548 0.111111
549 0.129876
550 0.0254236
551 -0.106918
552 -3.23408e-13
553 0.0714286
554 -1.81077e-13
555 -0.115385
556 -0.157895
557 -0.0252104
558 -0.0555556
559 -0.146341
560 -0.25
561 0.0588235
562 0
563 -0.115385
564 -2.00506e-13
565 0.111114
566 0.037037
567 -0.0833333
568 -0.0454545
569 0.0714286
570 0.0189873
571 -0.0882353
572 -0.172414
573 -0.0149255
574 -0.0331492
575 -0.118421
576 0
577 0.116279
578 -0.0238091
579 -0.160002
580 0.166667
581 0.121212
582 0
583 -0.133333
584 -0.0217391
585 0.044945
586 -0.0303032
587 -0.142857
588 -0.205882
589 -0.0625
590 -0.0897436
591 -0.175
592 0.272727
593 0.125
594 -0.0198018
595 -0.164385
596 0.176471
597 0.125
598 2.00485e-13
599 -0.139535
600 1.44329e-14
601 0.0480776
602 -0.0331127
603 -0.151515
604 -0.1875
605 -0.0625
606 -0.0965909
607 -0.1875
608 -2.62679e-13
609 0.0869565
610 -0.0254236
611 -0.161677
612 0.0909091
613 0.106383
614 -1.83616e-13
615 -0.134021
616 -0.0294118
617 0.0420172
618 -0.0294118
619 -0.144796
620 -0.195652
621 -0.0625
622 -0.0918367
623 -0.181452
624 -0.275862
625 0.0243902
626 -0.037037
627 -0.154256
628 -0.037037
629 0.0740741
630 0
631 -0.12037
632 -0.0886076
633 0.0298509
634 -0.0211641
635 -0.127049
636 -0.221154
637 -0.0625
638 -0.0787037
639 -0.161765
640 3.33955e-13
641 0.12963
642 -2.22933e-13
643 -0.136364
644 0.166667
645 0.148148
646 0.0303032
647 -0.103825
648 -5.93525e-13
649 0.0740741
650 1.69348e-13
651 -0.113208
652 -0.182927
653 -0.037037
654 -0.0638299
655 -0.149378
656 0.214286
657 0.147059
658 0.00819672
659 -0.136364
660 0.195122
661 0.15625
662 0.0331127
663 -0.106796
664 0.0294118
665 0.0806452
666 -3.23301e-13
667 -0.118644
668 -0.157895
669 -0.0328947
670 -0.0669857
671 -0.157895
672 -4.28924e-12
673 0.109756
674 -3.33067e-14
675 -0.136364
676 0.115385
677 0.135135
678 0.0294118
679 -0.104804
680 1.20992e-12
681 0.0714286
682 0
683 -0.115385
684 -0.166667
685 -0.0355029
686 -0.0652174
687 -0.154639
688 -0.264706
689 0.0416667
690 -0.0189873
691 -0.136364
692 -0.015873
693 0.0952381
694 0.0211641
695 -0.0992064
696 -0.0652174
697 0.0512821
698 0
699 -0.10564
700 -0.198347
701 -0.0430107
702 -0.059761
703 -0.142405
704 -0.5
705 0.153846
706 0.0483871
707 -0.0819672
708 0.166667
709 0.197917
710 0.0897436
711 -0.0416667
712 0.0454545
713 0.133858
714 0.0638299
715 -0.0481928
716 -0.125
717 0.0253165
718 -2.69224e-13
719 -0.0851114
720 0.117647
721 0.1875
722 0.0629371
723 -0.0776699
724 0.229167
725 0.214286
726 0.0965909
727 -0.0416667
728 0.0886076
729 0.145833
730 0.0669857
731 -0.0510949
732 -0.0909091
733 0.0340909
734 0
735 -0.0909129
736 -4.47575e-12
737 0.157895
738 0.0555556
739 -0.0786026
740 0.166667
741 0.195312
742 0.0918367
743 -0.0416667
744 0.0652174
745 0.136646
746 0.0652174
747 -0.0501672
748 -0.0967742
749 0.0309278
750 2.48509e-13
751 -0.0898231
752 -0.230769
753 0.0909091
754 0.0331492
755 -0.0833333
756 0.0416667
757 0.152778
758 0.0787037
759 -0.0416667
760 -3.86358e-14
761 0.11236
762 0.059761
763 -0.0462963
764 -0.130435
765 0.0188679
766 -2.33785e-13
767 -0.0833352
768 0
769 0.25
770 0.125
771 0
772 0.333333
773 0.276316
774 0.160002
775 0.0344827
776 0.166667
777 0.211538
778 0.136364
779 0.0294071
780 -2.32703e-13
781 0.113637
782 0.0819672
783 2.37921e-13
784 0.5
785 0.28125
786 0.137931
787 -1.51842e-13
788 0.375
789 0.290323
790 0.164385
791 0.0301507
792 0.205882
793 0.221311
794 0.136364
795 0.021736
796 0.03125
797 0.119206
798 0.0776699
799 -0.0114943
800 0.25
801 0.25
802 0.132353
803 0
804 0.301887
805 0.272727
806 0.161677
807 0.03125
808 0.182927
809 0.214286
810 0.136364
811 0.0234355
812 0.027027
813 0.117647
814 0.0786026
815 -0.0104167
816 -3.07887e-12
817 0.1875
818 0.115385
819 0
820 0.181818
821 0.23622
822 0.154256
823 0.0361446
824 0.125
825 0.196203
826 0.136364
827 0.0319136
828 -2.17937e-13
829 0.111111
830 0.0833333
831 1.78413e-13
832 1
833 0.25
834 0.102564
835 -0.0344827
836 0.352941
837 0.26087
838 0.133333
839 -2.78945e-13
840 0.153846
841 0.185484
842 0.103825
843 -0.00826447
844 -0.03125
845 0.0769231
846 0.0416667
847 -0.0434816
848 0.5625
849 0.272727
850 0.115942
851 -0.0301507
852 0.375
853 0.272727
854 0.139535
855 2.67674e-13
856 0.1875
857 0.195804
858 0.106796
859 -0.0111524
860 1.96954e-13
861 0.0852273
862 0.0416667
863 -0.0493446
864 0.275862
865 0.234043
866 0.106918
867 -0.03125
868 0.290323
869 0.25
870 0.134021
871 0
872 0.157895
873 0.185185
874 0.104804
875 -0.0101351
876 -0.0078125
877 0.0816327
878 0.0416667
879 -0.0481945
880 -3.04756e-12
881 0.162162
882 0.0833333
883 -0.0361446
884 0.157895
885 0.205479
886 0.12037
887 -4.69197e-13
888 0.0909091
889 0.160221
890 0.0992064
891 -0.00619195
892 -0.0416667
893 0.0694444
894 0.0416667
895 -0.0416678
896 0.5
897 0.25
898 0.108696
899 -0.0294071
900 0.341463
901 0.268519
902 0.142857
903 0.00826447
904 0.157895
905 0.194444
906 0.113208
907 2.38642e-13
908 -0.027027
909 0.0833333
910 0.0481928
911 -0.0377359
912 0.5
913 0.277778
914 0.125
915 -0.021736
916 0.375
917 0.283465
918 0.151515
919 0.0111524
920 0.195652
921 0.207317
922 0.118644
923 -2.30944e-13
924 0.0078125
925 0.0945274
926 0.0510949
927 -0.0403458
928 0.264706
929 0.240741
930 0.115385
931 -0.0234355
932 0.295775
933 0.260274
934 0.144796
935 0.0101351
936 0.166667
937 0.195652
938 0.115385
939 -2.2028e-13
940 4.14113e-13
941 0.0900901
942 0.0501672
943 -0.0398936
944 -3.07177e-12
945 0.166667
946 0.0882353
947 -0.0319136
948 0.162791
949 0.212121
950 0.127049
951 0.00619195
952 0.0967742
953 0.166667
954 0.10564
955 2.07229e-13
956 -0.037037
957 0.0740741
958 0.0462963
959 -0.037037
960 2.57794e-13
961 0.25
962 0.132075
963 1.1402e-13
964 0.3125
965 0.290323
966 0.175
967 0.0434816
968 0.172414
969 0.22561
970 0.149378
971 0.0377359
972 -5.80425e-13
973 0.117647
974 0.0851114
975 -4.0364e-13
976 0.375
977 0.291262
978 0.153846
979 0.0114943
980 0.375
981 0.3125
982 0.1875
983 0.0493446
984 0.221154
985 0.243243
986 0.157895
987 0.0403458
988 0.0416667
989 0.132743
990 0.0909129
991 0
992 0.230769
993 0.262295
994 0.146341
995 0.0104167
996 0.3125
997 0.292683
998 0.181452
999 0.0481945
1000 0.198347
1001 0.23301
1002 0.154639
1003 0.0398936
1004 0.037037
1005 0.129032
1006 0.0898231
1007 -3.79196e-13
1008 3.33289e-13
1009 0.191489
1010 0.118421
1011 -1.07581e-13
1012 0.1875
1013 0.244565
1014 0.161765
1015 0.0416678
1016 0.130435
1017 0.202643
1018 0.142405
1019 0.037037
1020 -3.70148e-13
1021 0.111111
1022 0.0833352
1023 3.61036e-13
1024 0
1025 0
1026 0
1027 -0.2
1028 0
1029 0
1030 -0.0882353
1031 -0.191489
1032 0
1033 -0.0508538
1034 -0.104651
1035 -0.19469
1036 -0.25
1037 -0.118421
1038 -0.134615
1039 -0.204545
1040 0
1041 0
1042 -0.104486
1043 -0.21875
1044 0
1045 0
1046 -0.0930233
1047 -0.206897
1048 -0.116276
1049 -0.0540568
1050 -0.114286
1051 -0.213235
1052 -0.25
1053 -0.130435
1054 -0.153226
1055 -0.230769
1056 0
1057 -0.0196034
1058 -0.0952411
1059 -0.205128
1060 -0.0555556
1061 0
1062 -0.0769231
1063 -0.188406
1064 -0.129629
1065 -0.044945
1066 -0.0967742
1067 -0.194969
1068 -0.25
1069 -0.12037
1070 -0.138889
1071 -0.216667
1072 -0.333333
1073 -0.0468737
1074 -0.0792091
1075 -0.173913
1076 -0.130435
1077 2.31827e-13
1078 -0.0491803
1079 -0.15
1080 -0.153846
1081 -0.0288467
1082 -0.0629371
1083 -0.153846
1084 -0.25
1085 -0.0967742
1086 -0.103659
1087 -0.176471
1088 0
1089 0
1090 -0.111111
1091 -0.226415
1092 0
1093 2.73469e-06
1094 -0.0957467
1095 -0.209302
1096 -0.136364
1097 -0.0625
1098 -0.12069
1099 -0.217105
1100 -0.28125
1101 -0.148518
1102 -0.166667
1103 -0.24
1104 0
1105 1.11466e-13
1106 -0.111111
1107 -0.234375
1108 -3.40838e-14
1109 1.11657e-06
1110 -0.0973462
1111 -0.217105
1112 -0.125
1113 -0.0625
1114 -0.125
1115 -0.227273
1116 -0.272727
1117 -0.152544
1118 -0.176101
1119 -0.255
1120 -0.166667
1121 -0.030303
1122 -0.111111
1123 -0.226667
1124 -0.0652174
1125 -0.0112355
1126 -0.0909096
1127 -0.205714
1128 -0.147059
1129 -0.0625
1130 -0.115385
1131 -0.215
1132 -0.277778
1133 -0.148149
1134 -0.166667
1135 -0.244444
1136 -0.352941
1137 -0.075
1138 -0.111111
1139 -0.209302
1140 -0.157895
1141 -0.028846
1142 -0.0794704
1143 -0.181818
1144 -0.1875
1145 -0.0625
1146 -0.0965909
1147 -0.1875
1148 -0.291262
1149 -0.138158
1150 -0.144279
1151 -0.216
1152 0
1153 0.0196078
1154 -0.074468
1155 -0.189783
1156 2.71783e-13
1157 0.0394737
1158 -0.05
1159 -0.164634
1160 -0.107143
1161 -0.0198018
1162 -0.0753427
1163 -0.172775
1164 -0.25
1165 -0.111111
1166 -0.127907
1167 -0.201835
1168 -0.0526316
1169 0.030303
1170 -0.0707964
1171 -0.193751
1172 0.0227273
1173 0.0434783
1174 -0.05
1175 -0.170213
1176 -0.0869565
1177 -0.016949
1178 -0.0778445
1179 -0.180556
1180 -0.234043
1181 -0.111111
1182 -0.134021
1183 -0.213115
1184 -0.166667
1185 -7.54952e-15
1186 -0.0757576
1187 -0.191257
1188 -0.0357143
1189 0.0277778
1190 -0.05
1191 -0.165094
1192 -0.109756
1193 -0.0222222
1194 -0.0744682
1195 -0.174274
1196 -0.240741
1197 -0.111111
1198 -0.12963
1199 -0.207407
1200 -0.341463
1201 -0.0520833
1202 -0.0860927
1203 -0.184466
1204 -0.132353
1205 -2.67564e-14
1206 -0.05
1207 -0.152542
1208 -0.157895
1209 -0.0328947
1210 -0.0669857
1211 -0.157895
1212 -0.262295
1213 -0.111111
1214 -0.117647
1215 -0.189189
1216 -0.5
1217 0.046875
1218 -0.0172414
1219 -0.125
1220 -2.18492e-13
1221 0.0967742
1222 0.020548
1223 -0.0904524
1224 -0.0588235
1225 0.0491803
1226 -3.12626e-13
1227 -0.0956522
1228 -0.1875
1229 -0.0397351
1230 -0.0533981
1231 -0.126437
1232 -0.125
1233 0.075
1234 -0.00735294
1235 -0.125
1236 0.0566038
1237 0.109091
1238 0.0239522
1239 -0.0937501
1240 -0.0243902
1241 0.0571429
1242 2.99251e-13
1243 -0.101562
1244 -0.162162
1245 -0.0352941
1246 -0.0567686
1247 -0.135417
1248 -0.166667
1249 0.0520833
1250 -0.0128205
1251 -0.125
1252 0.0151515
1253 0.0944882
1254 0.0212766
1255 -0.0923695
1256 -0.0416667
1257 0.0506329
1258 0
1259 -0.0992966
1260 -0.166667
1261 -0.037037
1262 -0.0555556
1263 -0.133333
1264 -0.3125
1265 -1.3789e-13
1266 -0.0284091
1267 -0.125
1268 -0.0759494
1269 0.0625
1270 0.0143541
1271 -0.0875913
1272 -0.0909091
1273 0.0340909
1274 0
1275 -0.0909129
1276 -0.191489
1277 -0.0432692
1278 -0.0509091
1279 -0.122807
1280 0
1281 0
1282 -0.108434
1283 -0.217746
1284 0
1285 1.44051e-13
1286 -0.0909091
1287 -0.197368
1288 -0.137255
1289 -0.0638297
1290 -0.116789
1291 -0.205556
1292 -0.276316
1293 -0.15
1294 -0.164634
1295 -0.230769
1296 0
1297 -3.84803e-13
1298 -0.105769
1299 -0.221479
1300 4.36207e-13
1301 -1.08358e-13
1302 -0.0909091
1303 -0.202247
1304 -0.121212
1305 -0.0619469
1306 -0.11875
1307 -0.21256
1308 -0.26087
1309 -0.15
1310 -0.170213
1311 -0.241525
1312 -0.185185
1313 -0.0394737
1314 -0.112
1315 -0.218392
1316 -0.0740741
1317 -0.0192308
1318 -0.0909091
1319 -0.196078
1320 -0.148148
1321 -0.0681818
1322 -0.114754
1323 -0.205128
1324 -0.268519
1325 -0.15
1326 -0.165094
1327 -0.234848
1328 -0.375
1329 -0.0967742
1330 -0.123288
1331 -0.211056
1332 -0.176471
1333 -0.0491803
1334 -0.0909091
1335 -0.182609
1336 -0.197917
1337 -0.0794702
1338 -0.106796
1339 -0.187739
1340 -0.290319
1341 -0.15
1342 -0.152542
1343 -0.215753
1344 0
1345 -1.20126e-13
1346 -0.113208
1347 -0.230769
1348 1.8e-12
1349 2.79221e-13
1350 -0.0948905
1351 -0.207448
1352 -0.140625
1353 -0.0689655
1354 -0.125
1355 -0.218182
1356 -0.290323
1357 -0.164384
1358 -0.180905
1359 -0.25
1360 -6.44623e-15
1361 7.3519e-13
1362 -0.109375
1363 -0.230769
1364 -4.38427e-13
1365 8.78186e-14
1366 -0.09375
1367 -0.209303
1368 -0.125
1369 -0.0661765
1370 -0.125
1371 -0.221774
1372 -0.272727
1373 -0.161677
1374 -0.183036
1375 -0.256228
1376 -0.176471
1377 -0.0434783
1378 -0.119996
1379 -0.230769
1380 -0.0769231
1381 -0.0241935
1382 -0.0983607
1383 -0.206612
1384 -0.15625
1385 -0.0769231
1386 -0.125
1387 -0.217391
1388 -0.283465
1389 -0.164894
1390 -0.180723
1391 -0.251613
1392 -0.375
1393 -0.109091
1394 -0.139533
1395 -0.230769
1396 -0.1875
1397 -0.0629371
1398 -0.106796
1399 -0.200744
1400 -0.214286
1401 -0.0965862
1402 -0.125
1403 -0.207237
1404 -0.3125
1405 -0.172249
1406 -0.175183
1407 -0.238938
1408 -0.272727
1409 6.43596e-13
1410 -0.0930233
1411 -0.207447
1412 -0.0227273
1413 0.0192308
1414 -0.0670673
1415 -0.178571
1416 -0.12987
1417 -0.0434783
1418 -0.0954774
1419 -0.188462
1420 -0.272727
1421 -0.139533
1422 -0.153846
1423 -0.222973
1424 -0.0769231
1425 0.011236
1426 -0.0855263
1427 -0.204651
1428 2.66231e-13
1429 0.0241935
1430 -0.0638262
1431 -0.178571
1432 -0.106383
1433 -0.0377358
1434 -0.09375
1435 -0.190312
1436 -0.25
1437 -0.134019
1438 -0.153846
1439 -0.226994
1440 -0.195122
1441 -0.0277778
1442 -0.0971429
1443 -0.206612
1444 -0.0657895
1445 -1.07359e-13
1446 -0.0707527
1447 -0.178571
1448 -0.135135
1449 -0.05
1450 -0.0963855
1451 -0.188679
1452 -0.260274
1453 -0.138888
1454 -0.153846
1455 -0.224719
1456 -0.375
1457 -0.0944882
1458 -0.121212
1459 -0.211896
1460 -0.173913
1461 -0.0426829
1462 -0.0847446
1463 -0.178571
1464 -0.195312
1465 -0.0746269
1466 -0.10219
1467 -0.184438
1468 -0.292683
1469 -0.15126
1470 -0.153846
1471 -0.217622
1472 -0.5625
1473 5.00933e-13
1474 -0.0592105
1475 -0.163636
1476 -0.0566038
1477 0.0491803
1478 -0.0209424
1479 -0.126923
1480 -0.111111
1481 1.69975e-13
1482 -0.0434761
1483 -0.133333
1484 -0.23622
1485 -0.0909091
1486 -0.100372
1487 -0.167647
1488 -0.1875
1489 0.0288462
1490 -0.0454545
1491 -0.157258
1492 3.04645e-13
1493 0.0629371
1494 -0.0138889
1495 -0.124567
1496 -0.0740741
1497 0.010989
1498 -0.039061
1499 -0.133333
1500 -0.205479
1501 -0.081448
1502 -0.097973
1503 -0.169811
1504 -0.229167
1505 7.98916e-13
1506 -0.055
1507 -0.15942
1508 -0.045977
1509 0.0426829
1510 -0.0207469
1511 -0.125786
1512 -0.0952381
1513 -2.86771e-13
1514 -0.0425522
1515 -0.133333
1516 -0.212121
1517 -0.0860656
1518 -0.0990712
1519 -0.169154
1520 -0.375
1521 -0.0625
1522 -0.0803571
1523 -0.167763
1524 -0.144231
1525 -1.29563e-13
1526 -0.037594
1527 -0.129683
1528 -0.152778
1529 -0.0265487
1530 -0.0519474
1531 -0.133333
1532 -0.244565
1533 -0.101124
1534 -0.102857
1535 -0.166282
1536 0
1537 0.0508475
1538 -0.0517241
1539 -0.16185
1540 0.0555556
1541 0.0638298
1542 -0.0263158
1543 -0.133333
1544 -0.0714286
1545 -1.94289e-14
1546 -0.0531915
1547 -0.141701
1548 -0.211538
1549 -0.0914587
1550 -0.107143
1551 -0.172535
1552 0.0526316
1553 0.0625
1554 -0.0425532
1555 -0.158416
1556 0.0740741
1557 0.0689655
1558 -0.0224719
1559 -0.133333
1560 -0.0449438
1561 0.00657895
1562 -0.0511628
1563 -0.143885
1564 -0.185484
1565 -0.0851035
1566 -0.107143
1567 -0.177215
1568 -0.111111
1569 0.019802
1570 -0.0542169
1571 -0.160173
1572 3.07865e-13
1573 0.0434783
1574 -0.0294078
1575 -0.133333
1576 -0.0740741
1577 -0.00571429
1578 -0.053719
1579 -0.142395
1580 -0.194444
1581 -0.0896209
1582 -0.107143
1583 -0.175294
1584 -0.301887
1585 -0.0491803
1586 -0.078534
1587 -0.165385
1588 -0.111111
1589 -1.16018e-13
1590 -0.0434761
1591 -0.133333
1592 -0.133858
1593 -0.030303
1594 -0.0594796
1595 -0.138235
1596 -0.22561
1597 -0.101694
1598 -0.107143
1599 -0.168425
1600 -1.04239e-12
1601 0.0540541
1602 -0.0571429
1603 -0.174757
1604 0.0652174
1605 0.0619469
1606 -0.0333333
1607 -0.145749
1608 -0.0714286
1609 -0.00657895
1610 -0.0636349
1611 -0.15625
1612 -0.221311
1613 -0.104712
1614 -0.123077
1615 -0.191489
1616 0.0769231
1617 0.0625
1618 -0.0481928
1619 -0.169491
1620 0.0769231
1621 0.0661765
1622 -0.0289855
1623 -0.143885
1624 -0.0480769
1625 5.16254e-14
1626 -0.0604829
1627 -0.15625
1628 -0.195804
1629 -0.0972222
1630 -0.121107
1631 -0.19337
1632 -0.0909091
1633 0.0169492
1634 -0.0625
1635 -0.172932
1636 -6.00187e-13
1637 0.0377358
1638 -0.0384615
1639 -0.145631
1640 -0.0806452
1641 -0.015
1642 -0.0652168
1643 -0.15625
1644 -0.207317
1645 -0.103734
1646 -0.122642
1647 -0.192405
1648 -0.290323
1649 -0.0571429
1650 -0.0917431
1651 -0.182432
1652 -0.116505
1653 -0.010989
1654 -0.0574713
1655 -0.15
1656 -0.145833
1657 -0.0446429
1658 -0.0756575
1659 -0.15625
1660 -0.243243
1661 -0.120301
1662 -0.126801
1663 -0.189252
1664 -0.214286
1665 0.0449438
1666 -0.0487805
1667 -0.16318
1668 0.0357143
1669 0.0681818
1670 -0.0192308
1671 -0.130282
1672 -0.0714286
1673 0.00571429
1674 -0.047619
1675 -0.139818
1676 -0.214286
1677 -0.0917431
1678 -0.108108
1679 -0.176471
1680 8.19345e-14
1681 0.0625
1682 -0.0366492
1683 -0.155556
1684 0.0657895
1685 0.0769231
1686 -0.0127119
1687 -0.126582
1688 -0.0420168
1689 0.015
1690 -0.0427046
1691 -0.138122
1692 -0.185185
1693 -0.0819672
1694 -0.104294
1695 -0.176471
1696 -0.115385
1697 0.0222222
1698 -0.0504587
1699 -0.159468
1700 1.0647e-12
1701 0.05
1702 -0.0227273
1703 -0.12931
1704 -0.0714286
1705 8.23785e-14
1706 -0.0483871
1707 -0.139241
1708 -0.195652
1709 -0.0888889
1710 -0.106741
1711 -0.176471
1712 -0.295775
1713 -0.0506329
1714 -0.0816327
1715 -0.171683
1716 -0.112069
1717 -9.63674e-14
1718 -0.0445205
1719 -0.136842
1720 -0.136646
1721 -0.032
1722 -0.0619469
1723 -0.142523
1724 -0.23301
1725 -0.108108
1726 -0.11399
1727 -0.176471
1728 -0.5
1729 0.0288462
1730 -0.0319149
1731 -0.136029
1732 -0.0151515
1733 0.0794702
1734 0.00847458
1735 -0.0965732
1736 -0.0714286
1737 0.030303
1738 -0.0140845
1739 -0.102703
1740 -0.196203
1741 -0.0612245
1742 -0.0722892
1743 -0.138425
1744 -0.125
1745 0.0625
1746 -0.0138889
1747 -0.125
1748 0.045977
1749 0.0965909
1750 0.0188679
1751 -0.0903955
1752 -0.0298507
1753 0.0446429
1754 -0.00636943
1755 -0.0990099
1756 -0.160221
1757 -0.0477941
1758 -0.0661157
1759 -0.136564
1760 -0.166667
1761 0.0328947
1762 -0.0245902
1763 -0.127976
1764 4.91607e-13
1765 0.0746269
1766 0.0102041
1767 -0.0930184
1768 -0.0512821
1769 0.032
1770 -0.0116279
1771 -0.100457
1772 -0.166667
1773 -0.0535117
1774 -0.0685279
1775 -0.137014
1776 -0.3125
1777 -0.0340909
1778 -0.0551471
1779 -0.141304
1780 -0.100775
1781 0.0265487
1782 -0.0123839
1783 -0.102378
1784 -0.11236
1785 5.06151e-13
1786 -0.026738
1787 -0.105932
1788 -0.202643
1789 -0.0736196
1790 -0.0776422
1791 -0.139313
1792 -1
1793 0.118421
1794 0.0268456
1795 -0.0810811
1796 0.130435
1797 0.15
1798 0.0618557
1799 -0.0447754
1800 0.0224719
1801 0.0914634
1802 0.0376569
1803 -0.0509554
1804 -0.113636
1805 1.42109e-13
1806 -0.0176045
1807 -0.0833333
1808 0.125
1809 0.148515
1810 0.0449438
1811 -0.0705882
1812 0.176471
1813 0.164384
1814 0.0714286
1815 -0.0397346
1816 0.0625
1817 0.104712
1818 0.0444444
1819 -0.0487106
1820 -0.0769231
1821 0.0127119
1822 -0.0126575
1823 -0.0833333
1824 -4.67282e-14
1825 0.111111
1826 0.0338164
1827 -0.0729167
1828 0.111111
1829 0.139535
1830 0.0629921
1831 -0.0416663
1832 0.037037
1833 0.0917431
1834 0.0398671
1835 -0.0494792
1836 -0.0833333
1837 0.00757576
1838 -0.0143673
1839 -0.0833333
1840 -0.181818
1841 0.0397351
1842 0.00423729
1843 -0.0841122
1844 9.22595e-13
1845 0.0909091
1846 0.0422535
1847 -0.0486485
1848 -0.0253165
1849 0.0612245
1850 0.0271084
1851 -0.052506
1852 -0.117647
1853 -0.010274
1854 -0.0210523
1855 -0.0833333
1856 -1.12466e-12
1857 0.130435
1858 0.0229885
1859 -0.09375
1860 0.157895
1861 0.15
1862 0.0538117
1863 -0.0588235
1864 0.0288462
1865 0.0851064
1866 0.0257353
1867 -0.0674156
1868 -0.119205
1869 -0.0127119
1870 -0.0342679
1871 -0.103448
1872 0.1875
1873 0.152542
1874 0.0392157
1875 -0.0827586
1876 0.1875
1877 0.161677
1878 0.0629921
1879 -0.0527859
1880 0.0625
1881 0.0972222
1882 0.0328947
1883 -0.0637754
1884 -0.0852273
1885 2.09055e-13
1886 -0.0282486
1887 -0.10158
1888 0.037037
1889 0.111111
1890 0.025641
1891 -0.0864198
1892 0.116505
1893 0.134021
1894 0.0526316
1895 -0.0558511
1896 0.0328947
1897 0.0819672
1898 0.0267857
1899 -0.0654205
1900 -0.0945274
1901 -0.00680272
1902 -0.0310078
1903 -0.102083
1904 -0.157895
1905 0.0352941
1906 -0.00757576
1907 -0.100559
1908 4.65405e-13
1909 0.081448
1910 0.028481
1911 -0.0656883
1912 -0.0340909
1913 0.0477941
1914 0.0108696
1915 -0.0711206
1916 -0.132743
1917 -0.0278638
1918 -0.0404762
1919 -0.104449
1920 -0.117647
1921 0.12037
1922 0.0251256
1923 -0.0896552
1924 0.132353
1925 0.15
1926 0.0595238
1927 -0.0523256
1928 0.0252101
1929 0.0896226
1930 0.0327869
1931 -0.0603015
1932 -0.117647
1933 -0.00757576
1934 -0.027933
1935 -0.0973451
1936 0.125
1937 0.148148
1938 0.0434783
1939 -0.0769231
1940 0.173913
1941 0.164894
1942 0.0704225
1943 -0.0447368
1944 0.0625
1945 0.103734
1946 0.0414201
1947 -0.0551683
1948 -0.0816327
1949 0.00680272
1950 -0.0204082
1951 -0.0938775
1952 0.015873
1953 0.111111
1954 0.0306513
1955 -0.0805556
1956 0.112069
1957 0.138889
1958 0.0601266
1959 -0.0480769
1960 0.035503
1961 0.0888889
1962 0.0350404
1963 -0.0572005
1964 -0.0900901
1965 -1.10578e-13
1966 -0.0234742
1967 -0.094697
1968 -0.162791
1969 0.037037
1970 -0.00342466
1971 -0.0962025
1972 1.70619e-12
1973 0.0860656
1974 0.0344828
1975 -0.0597345
1976 -0.0309278
1977 0.0535117
1978 0.0173267
1979 -0.064831
1980 -0.129032
1981 -0.0225989
1982 -0.0347826
1983 -0.0989399
1984 -0.375
1985 0.0967742
1986 0.03125
1987 -0.0740741
1988 0.0759494
1989 0.15
1990 0.0747331
1991 -0.0314136
1992 0.0149254
1993 0.101695
1994 0.0532544
1995 -0.0363636
1996 -0.111111
1997 0.010274
1998 -0.00506329
1999 -0.0722873
2000 -2.73337e-13
2001 0.138158
2002 0.0546875
2003 -0.0583333
2004 0.144231
2005 0.172249
2006 0.089172
2007 -0.0214797
2008 0.0625
2009 0.120301
2010 0.0645161
2011 -0.0292887
2012 -0.0694444
2013 0.0278638
2014 0.00465116
2015 -0.0670377
2016 -0.0416667
2017 0.111111
2018 0.0451389
2019 -0.0606061
2020 0.100775
2021 0.151261
2022 0.0806916
2023 -0.0241228
2024 0.0430108
2025 0.108108
2026 0.0591133
2027 -0.0310078
2028 -0.0740741
2029 0.0225989
2030 0.00215054
2031 -0.0677072
2032 -0.1875
2033 0.0432692
2034 0.0125
2035 -0.0763889
2036 -1.63136e-12
2037 0.101124
2038 0.0552632
2039 -0.0365112
2040 -0.0188679
2041 0.0736196
2042 0.0409091
2043 -0.0397112
2044 -0.111111
2045 5.03597e-13
2046 -0.01
2047 -0.0731699
2048 0
2049 0
2050 1.41442e-13
2051 -0.1
2052 0
2053 0.108434
2054 0.0223882
2055 -0.0756758
2056 -6.05294e-13
2057 0.0517241
2058 -1.65253e-13
2059 -0.0818182
2060 -0.125
2061 -0.0268456
2062 -0.0445545
2063 -0.105882
2064 0
2065 0.111111
2066 0.00793651
2067 -0.1
2068 0.137255
2069 0.113208
2070 0.0248448
2071 -0.0787038
2072 0.0238095
2073 0.0571429
2074 0
2075 -0.0873016
2076 -0.102564
2077 -0.0229885
2078 -0.0476191
2079 -0.114583
2080 2.97096e-13
2081 0.0744681
2082 9.29542e-15
2083 -0.1
2084 0.0714286
2085 0.0930233
2086 0.0212766
2087 -0.0769231
2088 -4.60632e-13
2089 0.0487805
2090 -2.86251e-13
2091 -0.0845119
2092 -0.108696
2093 -0.0251256
2094 -0.0461539
2095 -0.11215
2096 -0.166667
2097 0.0172414
2098 -0.0168539
2099 -0.1
2100 -0.0224719
2101 0.0592105
2102 0.0139535
2103 -0.0719425
2104 -0.0483871
2105 0.0319149
2106 -2.59223e-13
2107 -0.0759522
2108 -0.132075
2109 -0.03125
2110 -0.0415225
2111 -0.101695
2112 0
2113 0.104478
2114 -0.00793651
2115 -0.118919
2116 0.136364
2117 0.105769
2118 0.0121951
2119 -0.09375
2120 3.2474e-13
2121 0.0425532
2122 -0.0148515
2123 -0.102662
2124 -0.137931
2125 -0.044938
2126 -0.0666667
2127 -0.132457
2128 0.185185
2129 0.111111
2130 1.01974e-13
2131 -0.115741
2132 0.140625
2133 0.109375
2134 0.015625
2135 -0.09375
2136 0.019802
2137 0.0481928
2138 -0.012987
2139 -0.10473
2140 -0.115942
2141 -0.0392121
2142 -0.0666667
2143 -0.13691
2144 0.0217391
2145 0.0707965
2146 -0.0111111
2147 -0.117409
2148 0.0714286
2149 0.0855263
2150 0.00909574
2151 -0.09375
2152 -0.00819672
2153 0.0366492
2154 -0.0153846
2155 -0.103343
2156 -0.125
2157 -0.0434761
2158 -0.0666667
2159 -0.135138
2160 -0.153846
2161 0.00735294
2162 -0.0338164
2163 -0.122302
2164 -0.0288462
2165 0.0454545
2166 -0.00402967
2167 -0.09375
2168 -0.0629371
2169 0.0138889
2170 -0.0207612
2171 -0.0994475
2172 -0.153846
2173 -0.0546863
2174 -0.0666667
2175 -0.128715
2176 4.77396e-15
2177 0.0952381
2178 2.40474e-13
2179 -0.10909
2180 0.107143
2181 0.112
2182 0.0257732
2183 -0.0798479
2184 -4.85167e-14
2185 0.0542169
2186 3.07653e-06
2187 -0.0882353
2188 -0.132353
2189 -0.0338164
2190 -0.0539568
2191 -0.120344
2192 0.111111
2193 0.111111
2194 0.0111111
2195 -0.103174
2196 0.12987
2197 0.12
2198 0.0313901
2199 -0.0777027
2200 0.0254237
2201 0.0625
2202 0.00376141
2203 -0.0882353
2204 -0.106918
2205 -0.025641
2206 -0.0517799
2207 -0.122396
2208 -2.40918e-13
2209 0.0757576
2210 -8.55982e-14
2211 -0.105634
2212 0.0714286
2213 0.0971429
2214 0.0238095
2215 -0.0790274
2216 -6.0163e-13
2217 0.0504587
2218 1.25614e-06
2219 -0.0882353
2220 -0.115385
2221 -0.0306513
2222 -0.0529412
2223 -0.121718
2224 -0.157895
2225 0.0128205
2226 -0.0254237
2227 -0.113924
2228 -0.0252101
2229 0.055
2230 0.00711744
2231 -0.0828729
2232 -0.0555556
2233 0.0245902
2234 -0.00920169
2235 -0.0882353
2236 -0.146341
2237 -0.0451389
2238 -0.0566038
2239 -0.118943
2240 -0.25
2241 0.0792079
2242 0.0168539
2243 -0.0823529
2244 0.0588235
2245 0.123288
2246 0.0535714
2247 -0.0463572
2248 -5.85754e-13
2249 0.078534
2250 0.0333333
2251 -0.0515759
2252 -0.115385
2253 -0.00423729
2254 -0.0189866
2255 -0.0833333
2256 1.12532e-14
2257 0.111111
2258 0.0338164
2259 -0.0729167
2260 0.111111
2261 0.139535
2262 0.0629921
2263 -0.0416663
2264 0.037037
2265 0.0917431
2266 0.0398671
2267 -0.0494792
2268 -0.0833333
2269 0.00757576
2270 -0.0143673
2271 -0.0833333
2272 -0.0454545
2273 0.0860927
2274 0.0254237
2275 -0.0747664
2276 0.0714286
2277 0.121212
2278 0.056338
2279 -0.043243
2280 0.0189873
2281 0.0816327
2282 0.0361446
2283 -0.0501193
2284 -0.0882353
2285 0.00342466
2286 -0.0157891
2287 -0.0833333
2288 -0.172414
2289 0.0284091
2290 2.79221e-13
2291 -0.0847458
2292 -0.0149254
2293 0.0803571
2294 0.0382166
2295 -0.0495048
2296 -0.0331492
2297 0.0551471
2298 0.0247934
2299 -0.0528634
2300 -0.118421
2301 -0.0125
2302 -0.0218444
2303 -0.0833333
2304 0
2305 0.0882353
2306 -0.0223881
2307 -0.13
2308 0.116279
2309 0.0909091
2310 -3.26406e-14
2311 -0.102459
2312 -0.0238095
2313 0.0263158
2314 -0.0272704
2315 -0.111111
2316 -0.16
2317 -0.0618557
2318 -0.0798479
2319 -0.141566
2320 0.166667
2321 0.0957447
2322 -0.0121951
2323 -0.123931
2324 0.121212
2325 0.0948905
2326 0.00480769
2327 -0.100358
2328 2.03171e-13
2329 0.0333333
2330 -0.0238081
2331 -0.111111
2332 -0.133333
2333 -0.0538117
2334 -0.0777027
2335 -0.143631
2336 -0.0217391
2337 0.05
2338 -0.0257732
2339 -0.126866
2340 0.0449438
2341 0.0670732
2342 -0.0041841
2343 -0.101911
2344 -0.030303
2345 0.0192308
2346 -0.0281682
2347 -0.111111
2348 -0.142857
2349 -0.0595238
2350 -0.0790274
2351 -0.142857
2352 -0.205882
2353 -0.0205479
2354 -0.0535714
2355 -0.135762
2356 -0.0625
2357 0.0209424
2358 -0.0222222
2359 -0.106017
2360 -0.0897436
2361 -0.00847458
2362 -0.0379742
2363 -0.111111
2364 -0.175
2365 -0.0747331
2366 -0.0828729
2367 -0.139955
2368 0.272727
2369 0.0930233
2370 -0.0248447
2371 -0.139831
2372 0.125
2373 0.0909091
2374 -0.00480769
2375 -0.112676
2376 -0.019802
2377 0.0224719
2378 -0.0352941
2379 -0.123494
2380 -0.164384
2381 -0.0714286
2382 -0.0927151
2383 -0.157895
2384 0.176471
2385 0.0973451
2386 -0.015625
2387 -0.132841
2388 0.125
2389 0.09375
2390 1.90348e-13
2391 -0.109375
2392 -2.51354e-13
2393 0.0289855
2394 -0.03125
2395 -0.121951
2396 -0.139535
2397 -0.0629921
2398 -0.0892856
2399 -0.157895
2400 4.46643e-13
2401 0.05
2402 -0.0313901
2403 -0.137255
2404 0.0480769
2405 0.0638298
2406 -0.0110294
2407 -0.11236
2408 -0.0331126
2409 0.0127119
2410 -0.0373832
2411 -0.123153
2412 -0.151515
2413 -0.0704225
2414 -0.0918918
2415 -0.157895
2416 -0.1875
2417 -0.0239521
2418 -0.0629921
2419 -0.149557
2420 -0.0625
2421 0.0138889
2422 -0.0328947
2423 -0.119898
2424 -0.0965909
2425 -0.0188679
2426 -0.0508475
2427 -0.126411
2428 -0.1875
2429 -0.089172
2430 -0.0990099
2431 -0.157895
2432 4.81726e-13
2433 0.0769231
2434 -0.0212766
2435 -0.132353
2436 0.0869565
2437 0.0909091
2438 0.0041841
2439 -0.101852
2440 -0.0254237
2441 0.0294118
2442 -0.0241379
2443 -0.111702
2444 -0.161677
2445 -0.0629921
2446 -0.0821114
2447 -0.147196
2448 0.0909091
2449 0.0909091
2450 -0.00909091
2451 -0.123377
2452 0.106383
2453 0.0983607
2454 0.0110294
2455 -0.0969487
2456 -1.15685e-13
2457 0.0384615
2458 -0.0185185
2459 -0.108696
2460 -0.134021
2461 -0.0526316
2462 -0.0771277
2463 -0.14561
2464 -0.0294118
2465 0.05
2466 -0.0238095
2467 -0.127907
2468 0.0420168
2469 0.0707547
2470 -1.69642e-13
2471 -0.1005
2472 -0.0294118
2473 0.0227273
2474 -0.0251397
2475 -0.110619
2476 -0.144796
2477 -0.0601266
2478 -0.0802881
2479 -0.146245
2480 -0.195652
2481 -0.0212766
2482 -0.056338
2483 -0.142105
2484 -0.0625
2485 0.0207469
2486 -0.0236686
2487 -0.110343
2488 -0.0918367
2489 -0.0102041
2490 -0.0408163
2491 -0.116327
2492 -0.181452
2493 -0.0806916
2494 -0.0896835
2495 -0.148624
2496 -0.275862
2497 0.0491803
2498 -0.0139535
2499 -0.113636
2500 0.0243902
2501 0.0909091
2502 0.0222222
2503 -0.0769231
2504 -0.037037
2505 0.0434783
2506 4.85167e-14
2507 -0.0833305
2508 -0.154255
2509 -0.0422535
2510 -0.0552632
2511 -0.117647
2512 -0.037037
2513 0.0794702
2514 0.00403226
2515 -0.101449
2516 0.0740741
2517 0.106796
2518 0.0328947
2519 -0.0696517
2520 1.9762e-13
2521 0.0574713
2522 0.00833333
2523 -0.0784293
2524 -0.12037
2525 -0.028481
2526 -0.0480769
2527 -0.114341
2528 -0.0886076
2529 0.05
2530 -0.00711744
2531 -0.104712
2532 0.0298507
2533 0.0847458
2534 0.0236686
2535 -0.0727273
2536 -0.021164
2537 0.0445205
2538 0.00253165
2539 -0.0803198
2540 -0.127049
2541 -0.0344828
2542 -0.050885
2543 -0.115108
2544 -0.221154
2545 -0.0143541
2546 -0.0382166
2547 -0.119332
2548 -0.0625
2549 0.037594
2550 -4.15001e-13
2551 -0.083682
2552 -0.0787037
2553 0.0123839
2554 -0.0139535
2555 -0.0875223
2556 -0.161765
2557 -0.0552632
2558 -0.0614754
2559 -0.119128
2560 -6.25056e-13
2561 0.104651
2562 -6.19282e-13
2563 -0.108
2564 0.12963
2565 0.116788
2566 0.0272727
2567 -0.0759076
2568 -2.40363e-13
2569 0.0531915
2570 -9.11493e-14
2571 -0.0842696
2572 -0.136364
2573 -0.0376569
2574 -0.0555556
2575 -0.117359
2576 0.166667
2577 0.12069
2578 0.0148515
2579 -0.0972222
2580 0.148148
2581 0.125
2582 0.0352941
2583 -0.0701754
2584 0.030303
2585 0.0636364
2586 0.00649351
2587 -0.080808
2588 -0.103825
2589 -0.0257353
2590 -0.0498615
2591 -0.115556
2592 3.67718e-15
2593 0.0753425
2594 4.19664e-14
2595 -0.101227
2596 0.0740741
2597 0.0954774
2598 0.0241379
2599 -0.0734862
2600 1.4122e-13
2601 0.047619
2602 7.54952e-15
2603 -0.0825688
2604 -0.113208
2605 -0.0327869
2606 -0.0527638
2607 -0.11609
2608 -0.182927
2609 1.27676e-14
2610 -0.0333333
2611 -0.115385
2612 -0.037037
2613 0.0434783
2614 -1.82077e-14
2615 -0.0833305
2616 -0.0638298
2617 0.0140845
2618 -0.0157895
2619 -0.0882353
2620 -0.149378
2621 -0.0532544
2622 -0.0620651
2623 -0.118421
2624 0.214286
2625 0.114286
2626 -3.62932e-13
2627 -0.114983
2628 0.147059
2629 0.11875
2630 0.0238095
2631 -0.0843023
2632 0.00819672
2633 0.0511628
2634 -0.00649351
2635 -0.0947608
2636 -0.136364
2637 -0.0444444
2638 -0.0659341
2639 -0.131004
2640 0.195122
2641 0.125
2642 0.012987
2643 -0.104294
2644 0.15625
2645 0.125
2646 0.03125
2647 -0.078125
2648 0.0331126
2649 0.0604839
2650 1.05915e-13
2651 -0.0904961
2652 -0.106796
2653 -0.0328947
2654 -0.0597015
2655 -0.128
2656 0.0294118
2657 0.0778443
2658 -0.0037594
2659 -0.109589
2660 0.0806452
2661 0.09375
2662 0.0185185
2663 -0.0825472
2664 4.74065e-14
2665 0.0427046
2666 -0.0078534
2667 -0.0931666
2668 -0.118644
2669 -0.0414201
2670 -0.0636364
2671 -0.129151
2672 -0.157895
2673 4.37428e-14
2674 -0.0398671
2675 -0.126238
2676 -0.0328947
2677 0.0390625
2678 -0.00833333
2679 -0.0948276
2680 -0.0669856
2681 0.00636943
2682 -0.026253
2683 -0.101144
2684 -0.157895
2685 -0.0645161
2686 -0.0753138
2687 -0.133562
2688 8.74856e-14
2689 0.0967742
2690 -4.25548e-13
2691 -0.111111
2692 0.109756
2693 0.114754
2694 0.028169
2695 -0.0779221
2696 -4.30656e-13
2697 0.053719
2698 5.85088e-14
2699 -0.0874439
2700 -0.136364
2701 -0.0398671
2702 -0.0594059
2703 -0.12426
2704 0.115385
2705 0.115385
2706 0.0153846
2707 -0.0989011
2708 0.135135
2709 0.125
2710 0.0373832
2711 -0.0704225
2712 0.0294118
2713 0.0652174
2714 0.0078534
2715 -0.0819672
2716 -0.104803
2717 -0.0267857
2718 -0.0519187
2719 -0.12
2720 1.40513e-15
2721 0.0744681
2722 -5.45342e-13
2723 -0.10396
2724 0.0714286
2725 0.0963855
2726 0.0251397
2727 -0.0749465
2728 1.78302e-12
2729 0.0483871
2730 2.41918e-13
2731 -0.0849057
2732 -0.115385
2733 -0.0350404
2734 -0.0560166
2735 -0.121416
2736 -0.166667
2737 1.47438e-13
2738 -0.0361446
2739 -0.121622
2740 -0.035503
2741 0.0425532
2742 -0.00253165
2743 -0.0885827
2744 -0.0652174
2745 0.0116279
2746 -0.0196507
2747 -0.0944056
2748 -0.154639
2749 -0.0591133
2750 -0.0690979
2751 -0.127358
2752 -0.264706
2753 0.0629371
2754 -2.69784e-13
2755 -0.099723
2756 0.0416667
2757 0.106796
2758 0.0379747
2759 -0.0610329
2760 -0.0189873
2761 0.0594796
2762 0.0157895
2763 -0.0672098
2764 -0.136364
2765 -0.0271084
2766 -0.0405405
2767 -0.102518
2768 -0.015873
2769 0.0965909
2770 0.0207612
2771 -0.0845771
2772 0.0952381
2773 0.125
2774 0.0508475
2775 -0.0512821
2776 0.021164
2777 0.0756579
2778 0.026253
2779 -0.0599251
2780 -0.0992064
2781 -0.0108696
2782 -0.0309917
2783 -0.0966667
2784 -0.0652174
2785 0.0669856
2786 0.00920245
2787 -0.0880361
2788 0.0512821
2789 0.10219
2790 0.0408163
2791 -0.054902
2792 1.26121e-12
2793 0.0619469
2794 0.0196507
2795 -0.0623917
2796 -0.105634
2797 -0.0173267
2798 -0.0343511
2799 -0.0978261
2800 -0.198347
2801 -9.85878e-14
2802 -0.0247934
2803 -0.105372
2804 -0.0430108
2805 0.0519481
2806 0.0139535
2807 -0.0688406
2808 -0.059761
2809 0.026738
2810 -3.34621e-13
2811 -0.0725806
2812 -0.142405
2813 -0.0409091
2814 -0.0478723
2815 -0.104651
2816 -0.5
2817 0.134615
2818 0.0445545
2819 -0.06
2820 0.153846
2821 0.164634
2822 0.0798479
2823 -0.0220994
2824 0.0483871
2825 0.107143
2826 0.0555556
2827 -0.0283019
2828 -0.0819672
2829 0.0176056
2830 7.32747e-15
2831 -0.0617266
2832 0.166667
2833 0.166667
2834 0.0666667
2835 -0.0438596
2836 0.197917
2837 0.180905
2838 0.0927152
2839 -0.0123457
2840 0.0897436
2841 0.123077
2842 0.0659341
2843 -0.0213675
2844 -0.0416667
2845 0.0342679
2846 0.00938967
2847 -0.0564958
2848 0.0454545
2849 0.127907
2850 0.0539568
2851 -0.046875
2852 0.133858
2853 0.153846
2854 0.0821114
2855 -0.015625
2856 0.0638298
2857 0.108108
2858 0.0594059
2859 -0.0234375
2860 -0.0481928
2861 0.027933
2862 0.00642398
2863 -0.0572907
2864 -0.125
2865 0.0533981
2866 0.0189873
2867 -0.0633803
2868 0.0253165
2869 0.100372
2870 0.0552632
2871 -0.0285132
2872 1.38867e-12
2873 0.0722892
2874 0.0405405
2875 -0.0323741
2876 -0.0851064
2877 0.00506329
2878 -0.00590551
2879 -0.0628013
2880 0.117647
2881 0.153226
2882 0.047619
2883 -0.0650888
2884 0.1875
2885 0.170213
2886 0.0777027
2887 -0.029703
2888 0.0629371
2889 0.107143
2890 0.0498615
2891 -0.0382979
2892 -0.0776699
2893 0.0126582
2894 -0.00938967
2895 -0.0746269
2896 0.229167
2897 0.176101
2898 0.0666667
2899 -0.0498688
2900 0.214286
2901 0.183036
2902 0.0892857
2903 -0.0200893
2904 0.0965909
2905 0.121107
2906 0.0597015
2907 -0.031068
2908 -0.0416667
2909 0.0282486
2910 2.25375e-14
2911 -0.0687285
2912 0.0886076
2913 0.134021
2914 0.0517799
2915 -0.0542453
2916 0.145833
2917 0.153846
2918 0.0771277
2919 -0.0243902
2920 0.0669856
2921 0.104294
2922 0.0519187
2923 -0.0339286
2924 -0.0510949
2925 0.0204082
2926 -0.00392157
2927 -0.0700637
2928 -0.0909091
2929 0.0567686
2930 0.0143678
2931 -0.0728051
2932 0.0340909
2933 0.097973
2934 0.0480769
2935 -0.0391791
2936 -2.11209e-12
2937 0.0661157
2938 0.0309917
2939 -0.0446281
2940 -0.0909091
2941 -0.00465116
2942 -0.0181159
2943 -0.0771513
2944 -2.97019e-13
2945 0.138889
2946 0.0461538
2947 -0.0638298
2948 0.157895
2949 0.165094
2950 0.0790274
2951 -0.0269058
2952 0.0555556
2953 0.107143
2954 0.0527638
2955 -0.0348837
2956 -0.0786026
2957 0.0143678
2958 -0.00642398
2959 -0.0716724
2960 0.166667
2961 0.166667
2962 0.0666667
2963 -0.047619
2964 0.195312
2965 0.180723
2966 0.0918919
2967 -0.0162933
2968 0.0918367
2969 0.122642
2970 0.0636364
2971 -0.0266904
2972 -0.0416667
2973 0.0310078
2974 0.00392157
2975 -0.0647709
2976 0.0652174
2977 0.12963
2978 0.0529412
2979 -0.0517241
2980 0.136646
2981 0.153846
2982 0.080292
2983 -0.0205224
2984 0.0652174
2985 0.106742
2986 0.0560166
2987 -0.0296053
2988 -0.0501672
2989 0.0234742
2990 1.2379e-13
2991 -0.0661765
2992 -0.0967742
2993 0.0555556
2994 0.0157895
2995 -0.0708661
2996 0.0309278
2997 0.0990712
2998 0.050885
2999 -0.0361446
3000 1.04561e-12
3001 0.0685279
3002 0.0343511
3003 -0.0412844
3004 -0.0898204
3005 -0.00215054
3006 -0.0151007
3007 -0.0742779
3008 -0.230769
3009 0.103659
3010 0.0415225
3011 -0.057971
3012 0.0909091
3013 0.152542
3014 0.0828729
3015 -0.0163934
3016 0.0331492
3017 0.107143
3018 0.062069
3019 -0.0213523
3020 -0.0833333
3021 0.0210526
3022 0.00590551
3023 -0.0566038
3024 0.0416667
3025 0.144279
3026 0.0666667
3027 -0.0392157
3028 0.152778
3029 0.175182
3030 0.0990099
3031 -0.00374532
3032 0.0787037
3033 0.126801
3034 0.0753138
3035 -0.0114943
3036 -0.0416667
3037 0.0404762
3038 0.0181159
3039 -0.0482456
3040 -1.99174e-13
3041 0.117647
3042 0.0566038
3043 -0.0416667
3044 0.11236
3045 0.153846
3046 0.0896861
3047 -0.00689655
3048 0.059761
3049 0.11399
3050 0.0690979
3051 -0.0137195
3052 -0.0462963
3053 0.0347826
3054 0.0151007
3055 -0.0491803
3056 -0.130435
3057 0.0509091
3058 0.0218447
3059 -0.0601093
3060 0.0188679
3061 0.102857
3062 0.0614754
3063 -0.0223642
3064 -2.65565e-13
3065 0.0776471
3066 0.0478723
3067 -0.0256046
3068 -0.0833333
3069 0.01
3070 2.21712e-13
3071 -0.0576923
3072 0
3073 0.2
3074 0.1
3075 9.68114e-14
3076 0.25
3077 0.217742
3078 0.13
3079 0.0326111
3080 0.125
3081 0.16185
3082 0.108
3083 0.0275229
3084 3.59712e-14
3085 0.0810811
3086 0.0600028
3087 0
3088 0.333333
3089 0.226415
3090 0.118919
3091 0.0113636
3092 0.276316
3093 0.230769
3094 0.139831
3095 0.0379762
3096 0.16
3097 0.174757
3098 0.114983
3099 0.0298913
3100 0.0344828
3101 0.09375
3102 0.0650906
3103 0
3104 0.166667
3105 0.189781
3106 0.109091
3107 0.00990099
3108 0.211538
3109 0.207447
3110 0.132353
3111 0.0365178
3112 0.136364
3113 0.16318
3114 0.111111
3115 0.0293399
3116 0.0294118
3117 0.0896552
3118 0.063831
3119 1.81503e-13
3120 -6.69798e-13
3121 0.125
3122 0.0823529
3123 -1.29145e-14
3124 0.113636
3125 0.163636
3126 0.113636
3127 0.0303036
3128 0.0819672
3129 0.136029
3130 0.099723
3131 0.0266667
3132 1.96732e-13
3133 0.0740741
3134 0.0579718
3135 1.70569e-13
3136 0.5
3137 0.21875
3138 0.1
3139 -0.0113636
3140 0.28125
3141 0.221477
3142 0.123932
3143 0.0188088
3144 0.137931
3145 0.158416
3146 0.0972222
3147 0.0106957
3148 -3.606e-13
3149 0.0705882
3150 0.0438596
3151 -0.020979
3152 0.375
3153 0.234375
3154 0.115741
3155 7.19425e-14
3156 0.290323
3157 0.230769
3158 0.132841
3159 0.025
3160 0.164384
3161 0.169492
3162 0.104294
3163 0.0144234
3164 0.0301508
3165 0.0827586
3166 0.0498688
3167 -0.0190678
3168 0.205882
3169 0.19375
3170 0.103175
3171 -0.00290698
3172 0.221311
3173 0.204651
3174 0.123377
3175 0.0224439
3176 0.136364
3177 0.155556
3178 0.0989011
3179 0.0131007
3180 0.0217391
3181 0.0769231
3182 0.047619
3183 -0.0194175
3184 0.03125
3185 0.125
3186 0.0729167
3187 -0.015625
3188 0.119205
3189 0.157258
3190 0.101449
3191 0.0135747
3192 0.0776699
3193 0.125
3194 0.0845771
3195 0.00800014
3196 -0.0114943
3197 0.0583333
3198 0.0392157
3199 -0.0215054
3200 0.25
3201 0.205128
3202 0.1
3203 -0.00990099
3204 0.25
3205 0.218391
3206 0.126866
3207 0.0220994
3208 0.132353
3209 0.160173
3210 0.101227
3211 0.0142518
3212 5.15477e-13
3213 0.0729167
3214 0.046875
3215 -0.0187499
3216 0.301887
3217 0.226667
3218 0.117409
3219 0.00290698
3220 0.272727
3221 0.230769
3222 0.137255
3223 0.029703
3224 0.161677
3225 0.172932
3226 0.109589
3227 0.0193966
3228 0.03125
3229 0.0864198
3230 0.0542453
3231 -0.0152671
3232 0.182927
3233 0.191257
3234 0.105634
3235 2.93654e-13
3236 0.214286
3237 0.206612
3238 0.127907
3239 0.0269058
3240 0.136364
3241 0.159468
3242 0.10396
3243 0.0177567
3244 0.0234375
3245 0.0805556
3246 0.0517241
3247 -0.015845
3248 0.027027
3249 0.125
3250 0.0747664
3251 -0.0140845
3252 0.117647
3253 0.15942
3254 0.104712
3255 0.0163934
3256 0.0786026
3257 0.127976
3258 0.0880361
3259 0.0109126
3260 -0.0104167
3261 0.0606061
3262 0.0416667
3263 -0.0196078
3264 -1.11022e-13
3265 0.173913
3266 0.1
3267 -2.77556e-14
3268 0.1875
3269 0.211055
3270 0.135762
3271 0.037037
3272 0.115385
3273 0.165385
3274 0.115385
3275 0.0320513
3276 2.73226e-13
3277 0.0841122
3278 0.0633803
3279 3.41837e-06
3280 0.181818
3281 0.209302
3282 0.122302
3283 0.015625
3284 0.23622
3285 0.230769
3286 0.14956
3287 0.046875
3288 0.154255
3289 0.182432
3290 0.126238
3291 0.0390625
3292 0.0361446
3293 0.100559
3294 0.0728051
3295 0.00521096
3296 0.125
3297 0.184466
3298 0.113924
3299 0.0140845
3300 0.196203
3301 0.211896
3302 0.142105
3303 0.0448065
3304 0.136364
3305 0.171687
3306 0.121622
3307 0.0377698
3308 0.0319149
3309 0.0962025
3310 0.0708661
3311 0.00483286
3312 -5.98033e-12
3313 0.125
3314 0.0847458
3315 4.69624e-14
3316 0.111111
3317 0.167763
3318 0.119332
3319 0.0337079
3320 0.0833333
3321 0.141304
3322 0.105372
3323 0.03
3324 1.34115e-13
3325 0.0763889
3326 0.0601093
3327 1.39571e-06
3328 1
3329 0.191489
3330 0.0756757
3331 -0.0326087
3332 0.25
3333 0.197368
3334 0.102459
3335 -5.76761e-14
3336 0.102564
3337 0.133333
3338 0.0759076
3339 -0.00757576
3340 -0.0344828
3341 0.0447761
3342 0.0220994
3343 -0.0394736
3344 0.352941
3345 0.209302
3346 0.09375
3347 -0.0188088
3348 0.26087
3349 0.207447
3350 0.112676
3351 0.00789474
3352 0.133333
3353 0.145749
3354 0.0843023
3355 -0.00226757
3356 -1.56541e-13
3357 0.0588235
3358 0.029703
3359 -0.0358565
3360 0.153846
3361 0.164634
3362 0.0798479
3363 -0.0220994
3364 0.185484
3365 0.178571
3366 0.101852
3367 0.00471698
3368 0.103825
3369 0.130282
3370 0.0779221
3371 -0.00411092
3372 -0.00826446
3373 0.0523256
3374 0.0269058
3375 -0.0364963
3376 -0.03125
3377 0.0904523
3378 0.0463576
3379 -0.037037
3380 0.0769231
3381 0.126923
3382 0.0769231
3383 -0.00641026
3384 0.0416667
3385 0.0965732
3386 0.0610329
3387 -0.0112966
3388 -0.0434783
3389 0.0314136
3390 0.0163934
3391 -0.040404
3392 0.5625
3393 0.206897
3394 0.0787037
3395 -0.0379747
3396 0.272727
3397 0.202247
3398 0.100358
3399 -0.00789474
3400 0.115942
3401 0.133333
3402 0.0701754
3403 -0.018018
3404 -0.0301508
3405 0.0397351
3406 0.0123457
3407 -0.0531481
3408 0.375
3409 0.217105
3410 0.09375
3411 -0.025
3412 0.272727
3413 0.209302
3414 0.109375
3415 1.06803e-13
3416 0.139535
3417 0.143885
3418 0.078125
3419 -0.0122449
3420 9.83658e-14
3421 0.0527859
3422 0.0200893
3423 -0.0486475
3424 0.1875
3425 0.170213
3426 0.0777027
3427 -0.029703
3428 0.195804
3429 0.178571
3430 0.0969529
3431 -0.00425532
3432 0.106796
3433 0.126582
3434 0.0704225
3435 -0.0149254
3436 -0.0111524
3437 0.0447368
3438 0.0162933
3439 -0.0498331
3440 5.92859e-13
3441 0.09375
3442 0.0416667
3443 -0.046875
3444 0.0852273
3445 0.124567
3446 0.0696517
3447 -0.0174757
3448 0.0416667
3449 0.0903955
3450 0.0512821
3451 -0.024055
3452 -0.0493421
3453 0.0214797
3454 0.00374532
3455 -0.0554694
3456 0.275862
3457 0.188406
3458 0.0769231
3459 -0.0365169
3460 0.234043
3461 0.196078
3462 0.101911
3463 -0.00471698
3464 0.106918
3465 0.133333
3466 0.0734908
3467 -0.0142276
3468 -0.03125
3469 0.0416667
3470 0.015625
3471 -0.05
3472 0.290323
3473 0.205714
3474 0.09375
3475 -0.0224439
3476 0.25
3477 0.206612
3478 0.11236
3479 0.00425532
3480 0.134021
3481 0.145631
3482 0.0825472
3483 -0.00742115
3484 -8.27782e-13
3485 0.0558511
3486 0.0243902
3487 -0.0444079
3488 0.157895
3489 0.165094
3490 0.0790274
3491 -0.0269058
3492 0.185185
3493 0.178571
3494 0.100503
3495 -9.92539e-14
3496 0.104803
3497 0.12931
3498 0.0749465
3499 -0.0102389
3500 -0.0101351
3501 0.0480769
3502 0.0205224
3503 -0.0457317
3504 -0.0078125
3505 0.0923695
3506 0.0432432
3507 -0.0448065
3508 0.0816327
3509 0.125786
3510 0.0727273
3511 -0.0142349
3512 0.0416667
3513 0.0930233
3514 0.054902
3515 -0.0205371
3516 -0.0481928
3517 0.0241228
3518 0.00689655
3519 -0.0525568
3520 1.96732e-13
3521 0.15
3522 0.0719424
3523 -0.030303
3524 0.162162
3525 0.182609
3526 0.106017
3527 0.00641026
3528 0.0833333
3529 0.133333
3530 0.0833333
3531 1.9118e-13
3532 -0.0361446
3533 0.0486486
3534 0.0285132
3535 -0.0343137
3536 0.157895
3537 0.181818
3538 0.09375
3539 -0.0135747
3540 0.205479
3541 0.200743
3542 0.119898
3543 0.0174757
3544 0.12037
3545 0.15
3546 0.0948276
3547 0.0085034
3548 -1.82521e-13
3549 0.0656934
3550 0.0391791
3551 -0.0272315
3552 0.0909091
3553 0.152542
3554 0.0828729
3555 -0.0163934
3556 0.160221
3557 0.178571
3558 0.110345
3559 0.0142349
3560 0.0992064
3561 0.136842
3562 0.0885827
3563 0.00628931
3564 -0.00619195
3565 0.0597345
3566 0.0361446
3567 -0.028169
3568 -0.0416667
3569 0.0875912
3570 0.049505
3571 -0.0337079
3572 0.0694444
3573 0.129683
3574 0.083682
3575 8.71525e-14
3576 0.0416667
3577 0.102381
3578 0.0688406
3579 -0.00438596
3580 -0.0416667
3581 0.0365112
3582 0.0223642
3583 -0.0355731
3584 0.5
3585 0.19469
3586 0.0818182
3587 -0.0275229
3588 0.25
3589 0.205556
3590 0.111111
3591 0.00757576
3592 0.108696
3593 0.1417
3594 0.0842697
3595 9.43134e-14
3596 -0.0294118
3597 0.0509554
3598 0.0283019
3599 -0.0337079
3600 0.341463
3601 0.217105
3602 0.102662
3603 -0.0106952
3604 0.268519
3605 0.218182
3606 0.123494
3607 0.018018
3608 0.142857
3609 0.15625
3610 0.0947631
3611 0.0077821
3612 0.00826446
3613 0.0674157
3614 0.0382979
3615 -0.0273973
3616 0.157895
3617 0.172775
3618 0.0882353
3619 -0.0142518
3620 0.194444
3621 0.188462
3622 0.111702
3623 0.0142276
3624 0.113208
3625 0.139818
3626 0.0874439
3627 0.0053286
3628 -6.24834e-13
3629 0.0603015
3630 0.0348837
3631 -0.0283912
3632 -0.027027
3633 0.0956522
3634 0.0515759
3635 -0.0320513
3636 0.0833333
3637 0.133333
3638 0.0833333
3639 6.66134e-14
3640 0.0481928
3641 0.102703
3642 0.0672098
3643 -0.00490196
3644 -0.0377358
3645 0.0363636
3646 0.0213523
3647 -0.0350877
3648 0.5
3649 0.213235
3650 0.0873016
3651 -0.0298913
3652 0.277778
3653 0.21256
3654 0.111111
3655 0.00226757
3656 0.125
3657 0.143885
3658 0.0808081
3659 -0.0077821
3660 -0.0217391
3661 0.0487106
3662 0.0213675
3663 -0.044293
3664 0.375
3665 0.227273
3666 0.10473
3667 -0.0144231
3668 0.283465
3669 0.221774
3670 0.121951
3671 0.0122449
3672 0.151515
3673 0.15625
3674 0.0904977
3675 -2.11831e-13
3676 0.0111524
3677 0.0637755
3678 0.031068
3679 -0.0376176
3680 0.195652
3681 0.180556
3682 0.0882353
3683 -0.0193966
3684 0.207317
3685 0.190311
3686 0.108696
3687 0.00742115
3688 0.118644
3689 0.138122
3690 0.0819672
3691 -0.00325733
3692 -1.81521e-13
3693 0.0551724
3694 0.0266904
3695 -0.0391872
3696 0.0078125
3697 0.101562
3698 0.0494792
3699 -0.0390625
3700 0.0945274
3701 0.133333
3702 0.0784314
3703 -0.0085034
3704 0.0510949
3705 0.0990099
3706 0.0599251
3707 -0.0150602
3708 -0.0403458
3709 0.0292887
3710 0.0114943
3711 -0.0472973
3712 0.264706
3713 0.194969
3714 0.084507
3715 -0.0293399
3716 0.240741
3717 0.205128
3718 0.111111
3719 0.00411523
3720 0.115385
3721 0.142395
3722 0.0825688
3723 -0.0053286
3724 -0.0234375
3725 0.0494792
3726 0.0234375
3727 -0.0421875
3728 0.295775
3729 0.215
3730 0.103343
3731 -0.0131004
3732 0.260274
3733 0.217391
3734 0.123153
3735 0.0149254
3736 0.144796
3737 0.15625
3738 0.0931677
3739 0.00325733
3740 0.0101351
3741 0.0654206
3742 0.0339286
3743 -0.0346821
3744 0.166667
3745 0.174274
3746 0.0882353
3747 -0.0177515
3748 0.195652
3749 0.188679
3750 0.110619
3751 0.0102389
3752 0.115385
3753 0.139241
3754 0.0849057
3755 -1.32561e-13
3756 2.53686e-13
3757 0.0572034
3758 0.0296053
3759 -0.0362903
3760 1.15685e-12
3761 0.0992908
3762 0.0501193
3763 -0.0377698
3764 0.0900901
3765 0.133333
3766 0.0803213
3767 -0.00628931
3768 0.0501672
3769 0.100457
3770 0.0623917
3771 -0.0125698
3772 -0.0398936
3773 0.0310078
3774 0.0137195
3775 -0.0452261
3776 2.21823e-13
3777 0.153846
3778 0.0759494
3779 -0.0266667
3780 0.166667
3781 0.187739
3782 0.111111
3783 0.0112994
3784 0.0882353
3785 0.138235
3786 0.0882353
3787 0.00490196
3788 -0.0319149
3789 0.052506
3790 0.0323741
3791 -0.030303
3792 0.162791
3793 0.1875
3794 0.0994475
3795 -0.008
3796 0.212121
3797 0.207237
3798 0.126411
3799 0.024055
3800 0.127049
3801 0.15625
3802 0.101145
3803 0.0150602
3804 0.00619195
3805 0.0711207
3806 0.0446281
3807 -0.0214477
3808 0.0967742
3809 0.157895
3810 0.0882353
3811 -0.0109091
3812 0.166667
3813 0.184438
3814 0.116327
3815 0.0205371
3816 0.105634
3817 0.142523
3818 0.0944056
3819 0.0125698
3820 -1.25788e-12
3821 0.064833
3822 0.0412844
3823 -0.0225282
3824 -0.037037
3825 0.0909091
3826 0.0528634
3827 -0.03
3828 0.0740741
3829 0.133333
3830 0.0875233
3831 0.00438596
3832 0.0462963
3833 0.105932
3834 0.0725806
3835 1.59539e-13
3836 -0.037037
3837 0.0397112
3838 0.0256046
3839 -0.0316901
3840 8.40661e-13
3841 0.204545
3842 0.105882
3843 -1.91736e-13
3844 0.25
3845 0.230769
3846 0.141566
3847 0.0394737
3848 0.132075
3849 0.172535
3850 0.117359
3851 0.0337079
3852 -7.00662e-13
3853 0.0833333
3854 0.0617284
3855 1.4988e-13
3856 0.3125
3857 0.24
3858 0.13245
3859 0.020979
3860 0.290323
3861 0.25
3862 0.157895
3863 0.0531496
3864 0.175
3865 0.191489
3866 0.131004
3867 0.044293
3868 0.0434783
3869 0.103448
3870 0.0746269
3871 0.00900901
3872 0.172414
3873 0.201835
3874 0.120344
3875 0.01875
3876 0.22561
3877 0.222973
3878 0.147196
3879 0.05
3880 0.149378
3881 0.176471
3882 0.12426
3883 0.0421875
3884 0.0377358
3885 0.0973451
3886 0.0716724
3887 0.00833333
3888 8.36258e-14
3889 0.126437
3890 0.0833333
3891 -4.4964e-14
3892 0.117647
3893 0.167647
3894 0.117647
3895 0.0343137
3896 0.0851064
3897 0.138425
3898 0.102518
3899 0.030303
3900 1.71863e-13
3901 0.0722892
3902 0.0566038
3903 9.21485e-15
3904 0.375
3905 0.230769
3906 0.114583
3907 2.5735e-13
3908 0.291262
3909 0.241525
3910 0.143631
3911 0.0358566
3912 0.153846
3913 0.177215
3914 0.115556
3915 0.0273973
3916 0.0114943
3917 0.0833333
3918 0.0564972
3919 -0.00900901
3920 0.375
3921 0.255
3922 0.136905
3923 0.0190678
3924 0.3125
3925 0.256228
3926 0.157895
3927 0.0486486
3928 0.1875
3929 0.19337
3930 0.128
3931 0.0376176
3932 0.0493421
3933 0.10158
3934 0.0687285
3935 6.78346e-14
3936 0.221154
3937 0.213115
3938 0.122396
3939 0.0152672
3940 0.243243
3941 0.226994
3942 0.14561
3943 0.0444079
3944 0.157895
3945 0.176471
3946 0.12
3947 0.0346821
3948 0.0403458
3949 0.0938776
3950 0.0647709
3951 -0.00128866
3952 0.0416667
3953 0.135417
3954 0.0833333
3955 -0.00520833
3956 0.132743
3957 0.169811
3958 0.114341
3959 0.0272315
3960 0.0909091
3961 0.136564
3962 0.0966667
3963 0.0214477
3964 2.12053e-13
3965 0.0670391
3966 0.0482456
3967 -0.0108303
3968 0.230769
3969 0.216667
3970 0.11215
3971 -5.34905e-13
3972 0.262295
3973 0.234848
3974 0.142857
3975 0.0364963
3976 0.146341
3977 0.175287
3978 0.11609
3979 0.0283912
3980 0.0104167
3981 0.0833333
3982 0.0572917
3983 -0.00833333
3984 0.3125
3985 0.244444
3986 0.135135
3987 0.0194175
3988 0.292683
3989 0.251613
3990 0.157895
3991 0.0498339
3992 0.181452
3993 0.192405
3994 0.129151
3995 0.0391872
3996 0.0481928
3997 0.102083
3998 0.0700637
3999 0.00128866
4000 0.198347
4001 0.207407
4002 0.121718
4003 0.0158451
4004 0.23301
4005 0.224719
4006 0.146245
4007 0.0457317
4008 0.154639
4009 0.176471
4010 0.121417
4011 0.0362903
4012 0.0398936
4013 0.094697
4014 0.0661765
4015 2.498e-14
4016 0.037037
4017 0.133333
4018 0.0833333
4019 -0.00483092
4020 0.129032
4021 0.169154
4022 0.115108
4023 0.028169
4024 0.0898204
4025 0.137014
4026 0.0978261
4027 0.0225282
4028 6.87672e-13
4029 0.0677083
4030 0.0491803
4031 -0.0101351
4032 -9.28146e-14
4033 0.176471
4034 0.101695
4035 1.39999e-13
4036 0.191489
4037 0.215753
4038 0.139955
4039 0.040404
4040 0.118421
4041 0.168421
4042 0.118421
4043 0.0350877
4044 -7.95586e-13
4045 0.0833333
4046 0.0628019
4047 -1.31006e-14
4048 0.1875
4049 0.216
4050 0.128713
4051 0.0215054
4052 0.244565
4053 0.238938
4054 0.157895
4055 0.05547
4056 0.161765
4057 0.189252
4058 0.133562
4059 0.0472973
4060 0.0416667
4061 0.104449
4062 0.0771513
4063 0.0108303
4064 0.130435
4065 0.189189
4066 0.118943
4067 0.0196078
4068 0.202643
4069 0.217617
4070 0.148624
4071 0.0525568
4072 0.142405
4073 0.176471
4074 0.127358
4075 0.0452261
4076 0.037037
4077 0.0989399
4078 0.0742779
4079 0.0101351
4080 -1.79971e-13
4081 0.122807
4082 0.0833333
4083 -3.02869e-13
4084 0.111111
4085 0.166282
4086 0.119128
4087 0.0355731
4088 0.0833333
4089 0.139313
4090 0.104651
4091 0.0316901
4092 -4.45644e-13
4093 0.0731707
4094 0.0576923
4095 1.25566e-13
