0 0
1 0
2 0
3 0
4 0
5 0
6 0
7 0
8 0
9 0
10 0
11 0
12 0
13 0
14 0
15 0
16 0
17 0
18 0
19 0
20 0
21 0
22 5
23 5
24 0
25 5
26 5
27 5
28 0
29 5
30 5
31 5
32 0
33 0
34 0
35 0
36 0
37 3
38 3
39 3
40 0
41 3
42 3
43 3
44 0
45 3
46 3
47 3
48 0
49 0
50 0
51 0
52 0
53 3
54 3
55 3
56 0
57 3
58 3
59 3
60 0
61 3
62 3
63 3
64 0
65 0
66 0
67 0
68 0
69 0
70 7
71 7
72 0
73 7
74 7
75 7
76 0
77 7
78 7
79 7
80 0
81 0
82 7
83 7
84 0
85 7
86 7
87 7
88 3
89 7
90 7
91 7
92 2
93 7
94 7
95 7
96 0
97 7
98 7
99 7
100 3
101 3
102 3
103 3
104 3
105 3
106 3
107 3
108 6
109 3
110 3
111 3
112 0
113 7
114 7
115 7
116 3
117 3
118 3
119 3
120 3
121 3
122 3
123 3
124 6
125 3
126 3
127 3
128 0
129 0
130 0
131 0
132 0
133 3
134 3
135 3
136 0
137 3
138 3
139 3
140 0
141 3
142 3
143 3
144 0
145 5
146 5
147 5
148 3
149 3
150 3
151 3
152 3
153 3
154 3
155 3
156 2
157 3
158 3
159 3
160 0
161 3
162 3
163 3
164 3
165 3
166 3
167 3
168 3
169 3
170 3
171 3
172 3
173 3
174 3
175 3
176 0
177 3
178 3
179 3
180 3
181 3
182 3
183 3
184 3
185 3
186 3
187 3
188 3
189 3
190 3
191 3
192 0
193 0
194 0
195 0
196 0
197 3
198 3
199 3
200 0
201 3
202 3
203 3
204 0
205 3
206 3
207 3
208 0
209 5
210 5
211 5
212 3
213 3
214 3
215 3
216 3
217 3
218 3
219 3
220 2
221 3
222 3
223 3
224 0
225 3
226 3
227 3
228 3
229 3
230 3
231 3
232 3
233 3
234 3
235 3
236 3
237 3
238 3
239 3
240 0
241 3
242 3
243 3
244 3
245 3
246 3
247 3
248 3
249 3
250 3
251 3
252 3
253 3
254 3
255 3
256 0
257 0
258 0
259 0
260 0
261 0
262 7
263 7
264 0
265 7
266 9
267 9
268 0
269 7
270 9
271 9
272 0
273 0
274 7
275 7
276 0
277 7
278 7
279 7
280 7
281 7
282 9
283 9
284 7
285 7
286 9
287 9
288 0
289 7
290 9
291 9
292 7
293 3
294 3
295 3
296 9
297 3
298 9
299 9
300 8
301 3
302 9
303 9
304 0
305 7
306 9
307 9
308 7
309 3
310 3
311 3
312 9
313 3
314 9
315 9
316 8
317 3
318 9
319 9
320 0
321 0
322 7
323 7
324 0
325 7
326 7
327 7
328 7
329 7
330 9
331 9
332 8
333 8
334 8
335 8
336 0
337 7
338 7
339 7
340 7
341 7
342 7
343 7
344 7
345 7
346 9
347 9
348 8
349 8
350 8
351 8
352 8
353 8
354 8
355 8
356 8
357 3
358 3
359 3
360 8
361 3
362 9
363 9
364 8
365 8
366 8
367 8
368 8
369 8
370 8
371 8
372 8
373 3
374 3
375 3
376 8
377 3
378 9
379 9
380 8
381 8
382 8
383 8
384 0
385 7
386 9
387 9
388 7
389 3
390 3
391 3
392 9
393 3
394 9
395 9
396 8
397 3
398 9
399 9
400 7
401 7
402 9
403 9
404 7
405 3
406 3
407 3
408 9
409 3
410 9
411 9
412 8
413 3
414 9
415 9
416 8
417 3
418 9
419 9
420 3
421 3
422 3
423 3
424 9
425 3
426 9
427 9
428 8
429 3
430 9
431 9
432 8
433 3
434 9
435 9
436 3
437 3
438 3
439 3
440 9
441 3
442 9
443 9
444 8
445 3
446 9
447 9
448 0
449 7
450 9
451 9
452 7
453 3
454 3
455 3
456 9
457 3
458 9
459 9
460 8
461 3
462 9
463 9
464 7
465 7
466 9
467 9
468 7
469 3
470 3
471 3
472 9
473 3
474 9
475 9
476 8
477 3
478 9
479 9
480 8
481 3
482 9
483 9
484 3
485 3
486 3
487 3
488 9
489 3
490 9
491 9
492 8
493 3
494 9
495 9
496 8
497 3
498 9
499 9
500 3
501 3
502 3
503 3
504 9
505 3
506 9
507 9
508 8
509 3
510 9
511 9
512 0
513 0
514 0
515 0
516 0
517 5
518 5
519 5
520 0
521 7
522 7
523 7
524 0
525 7
526 7
527 7
528 0
529 5
530 5
531 5
532 3
533 5
534 5
535 5
536 3
537 7
538 7
539 7
540 3
541 7
542 7
543 7
544 0
545 7
546 7
547 7
548 3
549 3
550 3
551 3
552 7
553 7
554 7
555 7
556 7
557 7
558 7
559 7
560 0
561 7
562 7
563 7
564 3
565 3
566 3
567 3
568 7
569 7
570 7
571 7
572 7
573 7
574 7
575 7
576 0
577 7
578 7
579 7
580 3
581 7
582 7
583 7
584 3
585 7
586 7
587 7
588 8
589 7
590 7
591 7
592 3
593 7
594 7
595 7
596 3
597 7
598 7
599 7
600 3
601 7
602 7
603 7
604 8
605 7
606 7
607 7
608 8
609 7
610 7
611 7
612 8
613 3
614 3
615 3
616 7
617 7
618 7
619 7
620 8
621 7
622 7
623 7
624 8
625 7
626 7
627 7
628 8
629 3
630 3
631 3
632 7
633 7
634 7
635 7
636 8
637 7
638 7
639 7
640 0
641 7
642 7
643 7
644 3
645 3
646 3
647 3
648 7
649 7
650 7
651 7
652 7
653 7
654 7
655 7
656 3
657 7
658 7
659 7
660 3
661 3
662 3
663 3
664 7
665 7
666 7
667 7
668 7
669 7
670 7
671 7
672 7
673 7
674 7
675 7
676 3
677 3
678 3
679 3
680 7
681 7
682 7
683 7
684 7
685 7
686 7
687 7
688 7
689 7
690 7
691 7
692 3
693 3
694 3
695 3
696 7
697 7
698 7
699 7
700 7
701 7
702 7
703 7
704 0
705 7
706 7
707 7
708 3
709 3
710 3
711 3
712 7
713 7
714 7
715 7
716 7
717 7
718 7
719 7
720 3
721 7
722 7
723 7
724 3
725 3
726 3
727 3
728 7
729 7
730 7
731 7
732 7
733 7
734 7
735 7
736 7
737 7
738 7
739 7
740 3
741 3
742 3
743 3
744 7
745 7
746 7
747 7
748 7
749 7
750 7
751 7
752 7
753 7
754 7
755 7
756 3
757 3
758 3
759 3
760 7
761 7
762 7
763 7
764 7
765 7
766 7
767 7
768 0
769 0
770 0
771 0
772 0
773 3
774 3
775 3
776 0
777 3
778 3
779 3
780 0
781 3
782 3
783 3
784 0
785 5
786 5
787 5
788 3
789 3
790 3
791 3
792 3
793 3
794 3
795 3
796 3
797 3
798 3
799 3
800 0
801 3
802 3
803 3
804 3
805 3
806 3
807 3
808 3
809 3
810 3
811 3
812 3
813 3
814 3
815 3
816 0
817 3
818 3
819 3
820 3
821 3
822 3
823 3
824 3
825 3
826 3
827 3
828 3
829 3
830 3
831 3
832 0
833 7
834 7
835 7
836 3
837 3
838 3
839 3
840 3
841 3
842 3
843 3
844 8
845 3
846 3
847 3
848 3
849 7
850 7
851 7
852 3
853 3
854 3
855 3
856 3
857 3
858 3
859 3
860 8
861 3
862 3
863 3
864 8
865 3
866 3
867 3
868 3
869 3
870 3
871 3
872 3
873 3
874 3
875 3
876 8
877 3
878 3
879 3
880 8
881 3
882 3
883 3
884 3
885 3
886 3
887 3
888 3
889 3
890 3
891 3
892 8
893 3
894 3
895 3
896 0
897 3
898 3
899 3
900 3
901 3
902 3
903 3
904 3
905 3
906 3
907 3
908 3
909 3
910 3
911 3
912 3
913 3
914 3
915 3
916 3
917 3
918 3
919 3
920 3
921 3
922 3
923 3
924 3
925 3
926 3
927 3
928 3
929 3
930 3
931 3
932 3
933 3
934 3
935 3
936 3
937 3
938 3
939 3
940 3
941 3
942 3
943 3
944 3
945 3
946 3
947 3
948 3
949 3
950 3
951 3
952 3
953 3
954 3
955 3
956 3
957 3
958 3
959 3
960 0
961 3
962 3
963 3
964 3
965 3
966 3
967 3
968 3
969 3
970 3
971 3
972 3
973 3
974 3
975 3
976 3
977 3
978 3
979 3
980 3
981 3
982 3
983 3
984 3
985 3
986 3
987 3
988 3
989 3
990 3
991 3
992 3
993 3
994 3
995 3
996 3
997 3
998 3
999 3
1000 3
1001 3
1002 3
1003 3
1004 3
1005 3
1006 3
1007 3
1008 3
1009 3
1010 3
1011 3
1012 3
1013 3
1014 3
1015 3
1016 3
1017 3
1018 3
1019 3
1020 3
1021 3
1022 3
1023 3
1024 0
1025 0
1026 0
1027 0
1028 0
1029 0
1030 5
1031 5
1032 0
1033 7
1034 7
1035 7
1036 0
1037 7
1038 7
1039 7
1040 0
1041 0
1042 5
1043 5
1044 0
1045 5
1046 5
1047 5
1048 5
1049 7
1050 7
1051 7
1052 5
1053 7
1054 7
1055 7
1056 0
1057 7
1058 7
1059 7
1060 5
1061 3
1062 3
1063 3
1064 7
1065 7
1066 7
1067 7
1068 7
1069 7
1070 7
1071 7
1072 0
1073 7
1074 7
1075 7
1076 5
1077 3
1078 3
1079 3
1080 7
1081 7
1082 7
1083 7
1084 7
1085 7
1086 7
1087 7
1088 0
1089 0
1090 7
1091 7
1092 0
1093 7
1094 7
1095 7
1096 7
1097 7
1098 7
1099 7
1100 7
1101 7
1102 7
1103 7
1104 0
1105 7
1106 7
1107 7
1108 7
1109 7
1110 7
1111 7
1112 7
1113 7
1114 7
1115 7
1116 7
1117 7
1118 7
1119 7
1120 7
1121 7
1122 7
1123 7
1124 7
1125 3
1126 3
1127 3
1128 7
1129 7
1130 7
1131 7
1132 6
1133 7
1134 7
1135 7
1136 7
1137 7
1138 7
1139 7
1140 7
1141 3
1142 3
1143 3
1144 7
1145 7
1146 7
1147 7
1148 6
1149 7
1150 7
1151 7
1152 0
1153 7
1154 7
1155 7
1156 5
1157 3
1158 3
1159 3
1160 7
1161 7
1162 7
1163 7
1164 7
1165 7
1166 7
1167 7
1168 5
1169 7
1170 7
1171 7
1172 5
1173 3
1174 3
1175 3
1176 7
1177 7
1178 7
1179 7
1180 7
1181 7
1182 7
1183 7
1184 7
1185 7
1186 7
1187 7
1188 3
1189 3
1190 3
1191 3
1192 7
1193 7
1194 7
1195 7
1196 7
1197 7
1198 7
1199 7
1200 7
1201 7
1202 7
1203 7
1204 3
1205 3
1206 3
1207 3
1208 7
1209 7
1210 7
1211 7
1212 7
1213 7
1214 7
1215 7
1216 0
1217 7
1218 7
1219 7
1220 5
1221 3
1222 3
1223 3
1224 7
1225 7
1226 7
1227 7
1228 7
1229 7
1230 7
1231 7
1232 5
1233 7
1234 7
1235 7
1236 5
1237 3
1238 3
1239 3
1240 7
1241 7
1242 7
1243 7
1244 7
1245 7
1246 7
1247 7
1248 7
1249 7
1250 7
1251 7
1252 3
1253 3
1254 3
1255 3
1256 7
1257 7
1258 7
1259 7
1260 7
1261 7
1262 7
1263 7
1264 7
1265 7
1266 7
1267 7
1268 3
1269 3
1270 3
1271 3
1272 7
1273 7
1274 7
1275 7
1276 7
1277 7
1278 7
1279 7
1280 0
1281 0
1282 9
1283 9
1284 0
1285 7
1286 9
1287 9
1288 9
1289 7
1290 9
1291 9
1292 9
1293 7
1294 9
1295 9
1296 0
1297 7
1298 9
1299 9
1300 7
1301 7
1302 9
1303 9
1304 9
1305 7
1306 9
1307 9
1308 9
1309 7
1310 9
1311 9
1312 9
1313 7
1314 9
1315 9
1316 9
1317 3
1318 9
1319 9
1320 9
1321 7
1322 9
1323 9
1324 9
1325 7
1326 9
1327 9
1328 9
1329 7
1330 9
1331 9
1332 9
1333 3
1334 9
1335 9
1336 9
1337 7
1338 9
1339 9
1340 9
1341 7
1342 9
1343 9
1344 0
1345 7
1346 9
1347 9
1348 7
1349 7
1350 9
1351 9
1352 9
1353 7
1354 9
1355 9
1356 8
1357 7
1358 9
1359 9
1360 7
1361 7
1362 9
1363 9
1364 7
1365 7
1366 9
1367 9
1368 9
1369 7
1370 9
1371 9
1372 8
1373 7
1374 9
1375 9
1376 8
1377 7
1378 9
1379 9
1380 8
1381 3
1382 9
1383 9
1384 9
1385 7
1386 9
1387 9
1388 8
1389 7
1390 9
1391 9
1392 8
1393 7
1394 9
1395 9
1396 8
1397 3
1398 9
1399 9
1400 9
1401 7
1402 9
1403 9
1404 8
1405 7
1406 9
1407 9
1408 9
1409 7
1410 9
1411 9
1412 9
1413 3
1414 9
1415 9
1416 9
1417 7
1418 9
1419 9
1420 9
1421 7
1422 9
1423 9
1424 9
1425 7
1426 9
1427 9
1428 9
1429 3
1430 9
1431 9
1432 9
1433 7
1434 9
1435 9
1436 9
1437 7
1438 9
1439 9
1440 9
1441 7
1442 9
1443 9
1444 9
1445 3
1446 9
1447 9
1448 9
1449 7
1450 9
1451 9
1452 9
1453 7
1454 9
1455 9
1456 9
1457 7
1458 9
1459 9
1460 9
1461 3
1462 9
1463 9
1464 9
1465 7
1466 9
1467 9
1468 9
1469 7
1470 9
1471 9
1472 9
1473 7
1474 9
1475 9
1476 9
1477 3
1478 9
1479 9
1480 9
1481 7
1482 9
1483 9
1484 9
1485 7
1486 9
1487 9
1488 9
1489 7
1490 9
1491 9
1492 9
1493 3
1494 9
1495 9
1496 9
1497 7
1498 9
1499 9
1500 9
1501 7
1502 9
1503 9
1504 9
1505 7
1506 9
1507 9
1508 9
1509 3
1510 9
1511 9
1512 9
1513 7
1514 9
1515 9
1516 9
1517 7
1518 9
1519 9
1520 9
1521 7
1522 9
1523 9
1524 9
1525 3
1526 9
1527 9
1528 9
1529 7
1530 9
1531 9
1532 9
1533 7
1534 9
1535 9
1536 0
1537 7
1538 7
1539 7
1540 5
1541 7
1542 7
1543 7
1544 7
1545 7
1546 7
1547 7
1548 7
1549 7
1550 7
1551 7
1552 5
1553 7
1554 7
1555 7
1556 5
1557 7
1558 7
1559 7
1560 7
1561 7
1562 7
1563 7
1564 7
1565 7
1566 7
1567 7
1568 7
1569 7
1570 7
1571 7
1572 7
1573 7
1574 7
1575 7
1576 7
1577 7
1578 7
1579 7
1580 7
1581 7
1582 7
1583 7
1584 7
1585 7
1586 7
1587 7
1588 7
1589 7
1590 7
1591 7
1592 7
1593 7
1594 7
1595 7
1596 7
1597 7
1598 7
1599 7
1600 7
1601 7
1602 7
1603 7
1604 7
1605 7
1606 7
1607 7
1608 7
1609 7
1610 7
1611 7
1612 7
1613 7
1614 7
1615 7
1616 7
1617 7
1618 7
1619 7
1620 7
1621 7
1622 7
1623 7
1624 7
1625 7
1626 7
1627 7
1628 7
1629 7
1630 7
1631 7
1632 7
1633 7
1634 7
1635 7
1636 7
1637 7
1638 7
1639 7
1640 7
1641 7
1642 7
1643 7
1644 7
1645 7
1646 7
1647 7
1648 7
1649 7
1650 7
1651 7
1652 7
1653 7
1654 7
1655 7
1656 7
1657 7
1658 7
1659 7
1660 7
1661 7
1662 7
1663 7
1664 7
1665 7
1666 7
1667 7
1668 7
1669 7
1670 7
1671 7
1672 7
1673 7
1674 7
1675 7
1676 7
1677 7
1678 7
1679 7
1680 7
1681 7
1682 7
1683 7
1684 7
1685 7
1686 7
1687 7
1688 7
1689 7
1690 7
1691 7
1692 7
1693 7
1694 7
1695 7
1696 7
1697 7
1698 7
1699 7
1700 7
1701 7
1702 7
1703 7
1704 7
1705 7
1706 7
1707 7
1708 7
1709 7
1710 7
1711 7
1712 7
1713 7
1714 7
1715 7
1716 7
1717 7
1718 7
1719 7
1720 7
1721 7
1722 7
1723 7
1724 7
1725 7
1726 7
1727 7
1728 7
1729 7
1730 7
1731 7
1732 7
1733 7
1734 7
1735 7
1736 7
1737 7
1738 7
1739 7
1740 7
1741 7
1742 7
1743 7
1744 7
1745 7
1746 7
1747 7
1748 7
1749 7
1750 7
1751 7
1752 7
1753 7
1754 7
1755 7
1756 7
1757 7
1758 7
1759 7
1760 7
1761 7
1762 7
1763 7
1764 7
1765 7
1766 7
1767 7
1768 7
1769 7
1770 7
1771 7
1772 7
1773 7
1774 7
1775 7
1776 7
1777 7
1778 7
1779 7
1780 7
1781 7
1782 7
1783 7
1784 7
1785 7
1786 7
1787 7
1788 7
1789 7
1790 7
1791 7
1792 0
1793 7
1794 7
1795 7
1796 5
1797 3
1798 3
1799 3
1800 7
1801 7
1802 7
1803 7
1804 7
1805 7
1806 7
1807 7
1808 5
1809 7
1810 7
1811 7
1812 5
1813 3
1814 3
1815 3
1816 7
1817 7
1818 7
1819 7
1820 7
1821 7
1822 7
1823 7
1824 7
1825 7
1826 7
1827 7
1828 3
1829 3
1830 3
1831 3
1832 7
1833 7
1834 7
1835 7
1836 7
1837 7
1838 7
1839 7
1840 7
1841 7
1842 7
1843 7
1844 3
1845 3
1846 3
1847 3
1848 7
1849 7
1850 7
1851 7
1852 7
1853 7
1854 7
1855 7
1856 7
1857 7
1858 7
1859 7
1860 7
1861 3
1862 3
1863 3
1864 7
1865 7
1866 7
1867 7
1868 7
1869 7
1870 7
1871 7
1872 7
1873 7
1874 7
1875 7
1876 7
1877 3
1878 3
1879 3
1880 7
1881 7
1882 7
1883 7
1884 7
1885 7
1886 7
1887 7
1888 7
1889 7
1890 7
1891 7
1892 3
1893 3
1894 3
1895 3
1896 7
1897 7
1898 7
1899 7
1900 7
1901 7
1902 7
1903 7
1904 7
1905 7
1906 7
1907 7
1908 3
1909 3
1910 3
1911 3
1912 7
1913 7
1914 7
1915 7
1916 7
1917 7
1918 7
1919 7
1920 7
1921 7
1922 7
1923 7
1924 3
1925 3
1926 3
1927 3
1928 7
1929 7
1930 7
1931 7
1932 7
1933 7
1934 7
1935 7
1936 7
1937 7
1938 7
1939 7
1940 3
1941 3
1942 3
1943 3
1944 7
1945 7
1946 7
1947 7
1948 7
1949 7
1950 7
1951 7
1952 7
1953 7
1954 7
1955 7
1956 3
1957 3
1958 3
1959 3
1960 7
1961 7
1962 7
1963 7
1964 7
1965 7
1966 7
1967 7
1968 7
1969 7
1970 7
1971 7
1972 3
1973 3
1974 3
1975 3
1976 7
1977 7
1978 7
1979 7
1980 7
1981 7
1982 7
1983 7
1984 7
1985 7
1986 7
1987 7
1988 3
1989 3
1990 3
1991 3
1992 7
1993 7
1994 7
1995 7
1996 7
1997 7
1998 7
1999 7
2000 7
2001 7
2002 7
2003 7
2004 3
2005 3
2006 3
2007 3
2008 7
2009 7
2010 7
2011 7
2012 7
2013 7
2014 7
2015 7
2016 7
2017 7
2018 7
2019 7
2020 3
2021 3
2022 3
2023 3
2024 7
2025 7
2026 7
2027 7
2028 7
2029 7
2030 7
2031 7
2032 7
2033 7
2034 7
2035 7
2036 3
2037 3
2038 3
2039 3
2040 7
2041 7
2042 7
2043 7
2044 7
2045 7
2046 7
2047 7
2048 0
2049 0
2050 0
2051 0
2052 0
2053 5
2054 5
2055 5
2056 0
2057 5
2058 5
2059 5
2060 0
2061 5
2062 5
2063 5
2064 0
2065 5
2066 5
2067 5
2068 3
2069 5
2070 5
2071 5
2072 3
2073 5
2074 5
2075 5
2076 3
2077 5
2078 5
2079 5
2080 0
2081 5
2082 5
2083 5
2084 5
2085 5
2086 5
2087 5
2088 5
2089 5
2090 5
2091 5
2092 5
2093 5
2094 5
2095 5
2096 0
2097 5
2098 5
2099 5
2100 5
2101 5
2102 5
2103 5
2104 5
2105 5
2106 5
2107 5
2108 5
2109 5
2110 5
2111 5
2112 0
2113 7
2114 7
2115 7
2116 3
2117 5
2118 5
2119 5
2120 3
2121 5
2122 5
2123 5
2124 3
2125 5
2126 5
2127 5
2128 3
2129 7
2130 7
2131 7
2132 3
2133 5
2134 5
2135 5
2136 3
2137 5
2138 5
2139 5
2140 3
2141 5
2142 5
2143 5
2144 3
2145 5
2146 5
2147 5
2148 5
2149 5
2150 5
2151 5
2152 5
2153 5
2154 5
2155 5
2156 5
2157 5
2158 5
2159 5
2160 3
2161 5
2162 5
2163 5
2164 5
2165 5
2166 5
2167 5
2168 5
2169 5
2170 5
2171 5
2172 5
2173 5
2174 5
2175 5
2176 0
2177 7
2178 7
2179 7
2180 3
2181 3
2182 3
2183 3
2184 7
2185 7
2186 7
2187 7
2188 7
2189 7
2190 7
2191 7
2192 3
2193 7
2194 7
2195 7
2196 3
2197 3
2198 3
2199 3
2200 7
2201 7
2202 7
2203 7
2204 7
2205 7
2206 7
2207 7
2208 7
2209 7
2210 7
2211 7
2212 3
2213 3
2214 3
2215 3
2216 7
2217 7
2218 7
2219 7
2220 7
2221 7
2222 7
2223 7
2224 7
2225 7
2226 7
2227 7
2228 3
2229 3
2230 3
2231 3
2232 7
2233 7
2234 7
2235 7
2236 7
2237 7
2238 7
2239 7
2240 0
2241 5
2242 5
2243 5
2244 5
2245 5
2246 5
2247 5
2248 5
2249 5
2250 5
2251 5
2252 5
2253 5
2254 5
2255 5
2256 3
2257 5
2258 5
2259 5
2260 5
2261 5
2262 5
2263 5
2264 5
2265 5
2266 5
2267 5
2268 5
2269 5
2270 5
2271 5
2272 5
2273 5
2274 5
2275 5
2276 5
2277 5
2278 5
2279 5
2280 5
2281 5
2282 5
2283 5
2284 5
2285 5
2286 5
2287 5
2288 5
2289 5
2290 5
2291 5
2292 5
2293 5
2294 5
2295 5
2296 5
2297 5
2298 5
2299 5
2300 5
2301 5
2302 5
2303 5
2304 0
2305 7
2306 9
2307 9
2308 7
2309 5
2310 5
2311 5
2312 9
2313 5
2314 9
2315 9
2316 9
2317 5
2318 9
2319 9
2320 7
2321 7
2322 9
2323 9
2324 7
2325 5
2326 5
2327 5
2328 9
2329 5
2330 9
2331 9
2332 9
2333 5
2334 9
2335 9
2336 9
2337 5
2338 9
2339 9
2340 5
2341 5
2342 5
2343 5
2344 9
2345 5
2346 9
2347 9
2348 9
2349 5
2350 9
2351 9
2352 9
2353 5
2354 9
2355 9
2356 5
2357 5
2358 5
2359 5
2360 9
2361 5
2362 9
2363 9
2364 9
2365 5
2366 9
2367 9
2368 7
2369 7
2370 9
2371 9
2372 7
2373 5
2374 5
2375 5
2376 9
2377 5
2378 9
2379 9
2380 8
2381 5
2382 9
2383 9
2384 7
2385 7
2386 9
2387 9
2388 7
2389 5
2390 5
2391 5
2392 9
2393 5
2394 9
2395 9
2396 8
2397 5
2398 9
2399 9
2400 8
2401 5
2402 9
2403 9
2404 5
2405 5
2406 5
2407 5
2408 9
2409 5
2410 9
2411 9
2412 8
2413 5
2414 9
2415 9
2416 8
2417 5
2418 9
2419 9
2420 5
2421 5
2422 5
2423 5
2424 9
2425 5
2426 9
2427 9
2428 8
2429 5
2430 9
2431 9
2432 9
2433 7
2434 9
2435 9
2436 9
2437 3
2438 9
2439 9
2440 9
2441 7
2442 9
2443 9
2444 9
2445 7
2446 9
2447 9
2448 9
2449 7
2450 9
2451 9
2452 9
2453 3
2454 9
2455 9
2456 9
2457 7
2458 9
2459 9
2460 9
2461 7
2462 9
2463 9
2464 9
2465 7
2466 9
2467 9
2468 9
2469 3
2470 9
2471 9
2472 9
2473 7
2474 9
2475 9
2476 9
2477 7
2478 9
2479 9
2480 9
2481 7
2482 9
2483 9
2484 9
2485 3
2486 9
2487 9
2488 9
2489 7
2490 9
2491 9
2492 9
2493 7
2494 9
2495 9
2496 9
2497 5
2498 9
2499 9
2500 5
2501 5
2502 5
2503 5
2504 9
2505 5
2506 9
2507 9
2508 9
2509 5
2510 9
2511 9
2512 9
2513 5
2514 9
2515 9
2516 5
2517 5
2518 5
2519 5
2520 9
2521 5
2522 9
2523 9
2524 9
2525 5
2526 9
2527 9
2528 9
2529 5
2530 9
2531 9
2532 5
2533 5
2534 5
2535 5
2536 9
2537 5
2538 9
2539 9
2540 9
2541 5
2542 9
2543 9
2544 9
2545 5
2546 9
2547 9
2548 5
2549 5
2550 5
2551 5
2552 9
2553 5
2554 9
2555 9
2556 9
2557 5
2558 9
2559 9
2560 0
2561 7
2562 7
2563 7
2564 3
2565 5
2566 5
2567 5
2568 7
2569 7
2570 7
2571 7
2572 7
2573 7
2574 7
2575 7
2576 3
2577 7
2578 7
2579 7
2580 3
2581 5
2582 5
2583 5
2584 7
2585 7
2586 7
2587 7
2588 7
2589 7
2590 7
2591 7
2592 7
2593 7
2594 7
2595 7
2596 5
2597 5
2598 5
2599 5
2600 7
2601 7
2602 7
2603 7
2604 7
2605 7
2606 7
2607 7
2608 7
2609 7
2610 7
2611 7
2612 5
2613 5
2614 5
2615 5
2616 7
2617 7
2618 7
2619 7
2620 7
2621 7
2622 7
2623 7
2624 3
2625 7
2626 7
2627 7
2628 3
2629 5
2630 5
2631 5
2632 7
2633 7
2634 7
2635 7
2636 7
2637 7
2638 7
2639 7
2640 3
2641 7
2642 7
2643 7
2644 3
2645 5
2646 5
2647 5
2648 7
2649 7
2650 7
2651 7
2652 7
2653 7
2654 7
2655 7
2656 7
2657 7
2658 7
2659 7
2660 5
2661 5
2662 5
2663 5
2664 7
2665 7
2666 7
2667 7
2668 7
2669 7
2670 7
2671 7
2672 7
2673 7
2674 7
2675 7
2676 5
2677 5
2678 5
2679 5
2680 7
2681 7
2682 7
2683 7
2684 7
2685 7
2686 7
2687 7
2688 7
2689 7
2690 7
2691 7
2692 7
2693 7
2694 7
2695 7
2696 7
2697 7
2698 7
2699 7
2700 7
2701 7
2702 7
2703 7
2704 7
2705 7
2706 7
2707 7
2708 7
2709 7
2710 7
2711 7
2712 7
2713 7
2714 7
2715 7
2716 7
2717 7
2718 7
2719 7
2720 7
2721 7
2722 7
2723 7
2724 7
2725 7
2726 7
2727 7
2728 7
2729 7
2730 7
2731 7
2732 7
2733 7
2734 7
2735 7
2736 7
2737 7
2738 7
2739 7
2740 7
2741 7
2742 7
2743 7
2744 7
2745 7
2746 7
2747 7
2748 7
2749 7
2750 7
2751 7
2752 7
2753 7
2754 7
2755 7
2756 5
2757 5
2758 5
2759 5
2760 7
2761 7
2762 7
2763 7
2764 7
2765 7
2766 7
2767 7
2768 7
2769 7
2770 7
2771 7
2772 5
2773 5
2774 5
2775 5
2776 7
2777 7
2778 7
2779 7
2780 7
2781 7
2782 7
2783 7
2784 7
2785 7
2786 7
2787 7
2788 5
2789 5
2790 5
2791 5
2792 7
2793 7
2794 7
2795 7
2796 7
2797 7
2798 7
2799 7
2800 7
2801 7
2802 7
2803 7
2804 5
2805 5
2806 5
2807 5
2808 7
2809 7
2810 7
2811 7
2812 7
2813 7
2814 7
2815 7
2816 0
2817 5
2818 5
2819 5
2820 5
2821 5
2822 5
2823 5
2824 5
2825 5
2826 5
2827 5
2828 5
2829 5
2830 5
2831 5
2832 3
2833 5
2834 5
2835 5
2836 5
2837 5
2838 5
2839 5
2840 5
2841 5
2842 5
2843 5
2844 5
2845 5
2846 5
2847 5
2848 5
2849 5
2850 5
2851 5
2852 5
2853 5
2854 5
2855 5
2856 5
2857 5
2858 5
2859 5
2860 5
2861 5
2862 5
2863 5
2864 5
2865 5
2866 5
2867 5
2868 5
2869 5
2870 5
2871 5
2872 5
2873 5
2874 5
2875 5
2876 5
2877 5
2878 5
2879 5
2880 3
2881 5
2882 5
2883 5
2884 5
2885 5
2886 5
2887 5
2888 5
2889 5
2890 5
2891 5
2892 5
2893 5
2894 5
2895 5
2896 3
2897 5
2898 5
2899 5
2900 5
2901 5
2902 5
2903 5
2904 5
2905 5
2906 5
2907 5
2908 5
2909 5
2910 5
2911 5
2912 5
2913 5
2914 5
2915 5
2916 5
2917 5
2918 5
2919 5
2920 5
2921 5
2922 5
2923 5
2924 5
2925 5
2926 5
2927 5
2928 5
2929 5
2930 5
2931 5
2932 5
2933 5
2934 5
2935 5
2936 5
2937 5
2938 5
2939 5
2940 5
2941 5
2942 5
2943 5
2944 7
2945 7
2946 7
2947 7
2948 3
2949 3
2950 3
2951 3
2952 7
2953 7
2954 7
2955 7
2956 7
2957 7
2958 7
2959 7
2960 7
2961 7
2962 7
2963 7
2964 3
2965 3
2966 3
2967 3
2968 7
2969 7
2970 7
2971 7
2972 7
2973 7
2974 7
2975 7
2976 7
2977 7
2978 7
2979 7
2980 3
2981 3
2982 3
2983 3
2984 7
2985 7
2986 7
2987 7
2988 7
2989 7
2990 7
2991 7
2992 7
2993 7
2994 7
2995 7
2996 3
2997 3
2998 3
2999 3
3000 7
3001 7
3002 7
3003 7
3004 7
3005 7
3006 7
3007 7
3008 5
3009 5
3010 5
3011 5
3012 5
3013 5
3014 5
3015 5
3016 5
3017 5
3018 5
3019 5
3020 5
3021 5
3022 5
3023 5
3024 5
3025 5
3026 5
3027 5
3028 5
3029 5
3030 5
3031 5
3032 5
3033 5
3034 5
3035 5
3036 5
3037 5
3038 5
3039 5
3040 5
3041 5
3042 5
3043 5
3044 5
3045 5
3046 5
3047 5
3048 5
3049 5
3050 5
3051 5
3052 5
3053 5
3054 5
3055 5
3056 5
3057 5
3058 5
3059 5
3060 5
3061 5
3062 5
3063 5
3064 5
3065 5
3066 5
3067 5
3068 5
3069 5
3070 5
3071 5
3072 0
3073 0
3074 0
3075 0
3076 0
3077 3
3078 3
3079 3
3080 0
3081 3
3082 3
3083 3
3084 0
3085 3
3086 3
3087 3
3088 0
3089 5
3090 5
3091 5
3092 3
3093 3
3094 3
3095 3
3096 3
3097 3
3098 3
3099 3
3100 3
3101 3
3102 3
3103 3
3104 0
3105 3
3106 3
3107 3
3108 3
3109 3
3110 3
3111 3
3112 3
3113 3
3114 3
3115 3
3116 3
3117 3
3118 3
3119 3
3120 0
3121 3
3122 3
3123 3
3124 3
3125 3
3126 3
3127 3
3128 3
3129 3
3130 3
3131 3
3132 3
3133 3
3134 3
3135 3
3136 0
3137 7
3138 7
3139 7
3140 3
3141 3
3142 3
3143 3
3144 3
3145 3
3146 3
3147 3
3148 3
3149 3
3150 3
3151 3
3152 3
3153 7
3154 7
3155 7
3156 3
3157 3
3158 3
3159 3
3160 3
3161 3
3162 3
3163 3
3164 3
3165 3
3166 3
3167 3
3168 3
3169 3
3170 3
3171 3
3172 3
3173 3
3174 3
3175 3
3176 3
3177 3
3178 3
3179 3
3180 3
3181 3
3182 3
3183 3
3184 3
3185 3
3186 3
3187 3
3188 3
3189 3
3190 3
3191 3
3192 3
3193 3
3194 3
3195 3
3196 3
3197 3
3198 3
3199 3
3200 0
3201 3
3202 3
3203 3
3204 3
3205 3
3206 3
3207 3
3208 3
3209 3
3210 3
3211 3
3212 3
3213 3
3214 3
3215 3
3216 3
3217 3
3218 3
3219 3
3220 3
3221 3
3222 3
3223 3
3224 3
3225 3
3226 3
3227 3
3228 3
3229 3
3230 3
3231 3
3232 3
3233 3
3234 3
3235 3
3236 3
3237 3
3238 3
3239 3
3240 3
3241 3
3242 3
3243 3
3244 3
3245 3
3246 3
3247 3
3248 3
3249 3
3250 3
3251 3
3252 3
3253 3
3254 3
3255 3
3256 3
3257 3
3258 3
3259 3
3260 3
3261 3
3262 3
3263 3
3264 0
3265 3
3266 3
3267 3
3268 3
3269 3
3270 3
3271 3
3272 3
3273 3
3274 3
3275 3
3276 3
3277 3
3278 3
3279 3
3280 3
3281 3
3282 3
3283 3
3284 3
3285 3
3286 3
3287 3
3288 3
3289 3
3290 3
3291 3
3292 3
3293 3
3294 3
3295 3
3296 3
3297 3
3298 3
3299 3
3300 3
3301 3
3302 3
3303 3
3304 3
3305 3
3306 3
3307 3
3308 3
3309 3
3310 3
3311 3
3312 3
3313 3
3314 3
3315 3
3316 3
3317 3
3318 3
3319 3
3320 3
3321 3
3322 3
3323 3
3324 3
3325 3
3326 3
3327 3
3328 0
3329 7
3330 9
3331 9
3332 7
3333 3
3334 3
3335 3
3336 9
3337 3
3338 9
3339 9
3340 9
3341 3
3342 9
3343 9
3344 7
3345 7
3346 9
3347 9
3348 7
3349 3
3350 3
3351 3
3352 9
3353 3
3354 9
3355 9
3356 9
3357 3
3358 9
3359 9
3360 9
3361 3
3362 9
3363 9
3364 3
3365 3
3366 3
3367 3
3368 9
3369 3
3370 9
3371 9
3372 9
3373 3
3374 9
3375 9
3376 9
3377 3
3378 9
3379 9
3380 3
3381 3
3382 3
3383 3
3384 9
3385 3
3386 9
3387 9
3388 9
3389 3
3390 9
3391 9
3392 7
3393 7
3394 9
3395 9
3396 7
3397 3
3398 3
3399 3
3400 9
3401 3
3402 9
3403 9
3404 8
3405 3
3406 9
3407 9
3408 7
3409 7
3410 9
3411 9
3412 7
3413 3
3414 3
3415 3
3416 9
3417 3
3418 9
3419 9
3420 8
3421 3
3422 9
3423 9
3424 8
3425 3
3426 9
3427 9
3428 3
3429 3
3430 3
3431 3
3432 9
3433 3
3434 9
3435 9
3436 8
3437 3
3438 9
3439 9
3440 8
3441 3
3442 9
3443 9
3444 3
3445 3
3446 3
3447 3
3448 9
3449 3
3450 9
3451 9
3452 8
3453 3
3454 9
3455 9
3456 9
3457 3
3458 9
3459 9
3460 3
3461 3
3462 3
3463 3
3464 9
3465 3
3466 9
3467 9
3468 9
3469 3
3470 9
3471 9
3472 9
3473 3
3474 9
3475 9
3476 3
3477 3
3478 3
3479 3
3480 9
3481 3
3482 9
3483 9
3484 9
3485 3
3486 9
3487 9
3488 9
3489 3
3490 9
3491 9
3492 3
3493 3
3494 3
3495 3
3496 9
3497 3
3498 9
3499 9
3500 9
3501 3
3502 9
3503 9
3504 9
3505 3
3506 9
3507 9
3508 3
3509 3
3510 3
3511 3
3512 9
3513 3
3514 9
3515 9
3516 9
3517 3
3518 9
3519 9
3520 9
3521 3
3522 9
3523 9
3524 3
3525 3
3526 3
3527 3
3528 9
3529 3
3530 9
3531 9
3532 9
3533 3
3534 9
3535 9
3536 9
3537 3
3538 9
3539 9
3540 3
3541 3
3542 3
3543 3
3544 9
3545 3
3546 9
3547 9
3548 9
3549 3
3550 9
3551 9
3552 9
3553 3
3554 9
3555 9
3556 3
3557 3
3558 3
3559 3
3560 9
3561 3
3562 9
3563 9
3564 9
3565 3
3566 9
3567 9
3568 9
3569 3
3570 9
3571 9
3572 3
3573 3
3574 3
3575 3
3576 9
3577 3
3578 9
3579 9
3580 9
3581 3
3582 9
3583 9
3584 0
3585 7
3586 7
3587 7
3588 3
3589 3
3590 3
3591 3
3592 7
3593 7
3594 7
3595 7
3596 7
3597 7
3598 7
3599 7
3600 3
3601 7
3602 7
3603 7
3604 3
3605 3
3606 3
3607 3
3608 7
3609 7
3610 7
3611 7
3612 7
3613 7
3614 7
3615 7
3616 7
3617 7
3618 7
3619 7
3620 3
3621 3
3622 3
3623 3
3624 7
3625 7
3626 7
3627 7
3628 7
3629 7
3630 7
3631 7
3632 7
3633 7
3634 7
3635 7
3636 3
3637 3
3638 3
3639 3
3640 7
3641 7
3642 7
3643 7
3644 7
3645 7
3646 7
3647 7
3648 3
3649 7
3650 7
3651 7
3652 3
3653 3
3654 3
3655 3
3656 7
3657 7
3658 7
3659 7
3660 7
3661 7
3662 7
3663 7
3664 3
3665 7
3666 7
3667 7
3668 3
3669 3
3670 3
3671 3
3672 7
3673 7
3674 7
3675 7
3676 7
3677 7
3678 7
3679 7
3680 7
3681 7
3682 7
3683 7
3684 3
3685 3
3686 3
3687 3
3688 7
3689 7
3690 7
3691 7
3692 7
3693 7
3694 7
3695 7
3696 7
3697 7
3698 7
3699 7
3700 3
3701 3
3702 3
3703 3
3704 7
3705 7
3706 7
3707 7
3708 7
3709 7
3710 7
3711 7
3712 7
3713 7
3714 7
3715 7
3716 3
3717 3
3718 3
3719 3
3720 7
3721 7
3722 7
3723 7
3724 7
3725 7
3726 7
3727 7
3728 7
3729 7
3730 7
3731 7
3732 3
3733 3
3734 3
3735 3
3736 7
3737 7
3738 7
3739 7
3740 7
3741 7
3742 7
3743 7
3744 7
3745 7
3746 7
3747 7
3748 3
3749 3
3750 3
3751 3
3752 7
3753 7
3754 7
3755 7
3756 7
3757 7
3758 7
3759 7
3760 7
3761 7
3762 7
3763 7
3764 3
3765 3
3766 3
3767 3
3768 7
3769 7
3770 7
3771 7
3772 7
3773 7
3774 7
3775 7
3776 7
3777 7
3778 7
3779 7
3780 3
3781 3
3782 3
3783 3
3784 7
3785 7
3786 7
3787 7
3788 7
3789 7
3790 7
3791 7
3792 7
3793 7
3794 7
3795 7
3796 3
3797 3
3798 3
3799 3
3800 7
3801 7
3802 7
3803 7
3804 7
3805 7
3806 7
3807 7
3808 7
3809 7
3810 7
3811 7
3812 3
3813 3
3814 3
3815 3
3816 7
3817 7
3818 7
3819 7
3820 7
3821 7
3822 7
3823 7
3824 7
3825 7
3826 7
3827 7
3828 3
3829 3
3830 3
3831 3
3832 7
3833 7
3834 7
3835 7
3836 7
3837 7
3838 7
3839 7
3840 0
3841 3
3842 3
3843 3
3844 3
3845 3
3846 3
3847 3
3848 3
3849 3
3850 3
3851 3
3852 3
3853 3
3854 3
3855 3
3856 3
3857 3
3858 3
3859 3
3860 3
3861 3
3862 3
3863 3
3864 3
3865 3
3866 3
3867 3
3868 3
3869 3
3870 3
3871 3
3872 3
3873 3
3874 3
3875 3
3876 3
3877 3
3878 3
3879 3
3880 3
3881 3
3882 3
3883 3
3884 3
3885 3
3886 3
3887 3
3888 3
3889 3
3890 3
3891 3
3892 3
3893 3
3894 3
3895 3
3896 3
3897 3
3898 3
3899 3
3900 3
3901 3
3902 3
3903 3
3904 3
3905 3
3906 3
3907 3
3908 3
3909 3
3910 3
3911 3
3912 3
3913 3
3914 3
3915 3
3916 3
3917 3
3918 3
3919 3
3920 3
3921 3
3922 3
3923 3
3924 3
3925 3
3926 3
3927 3
3928 3
3929 3
3930 3
3931 3
3932 3
3933 3
3934 3
3935 3
3936 3
3937 3
3938 3
3939 3
3940 3
3941 3
3942 3
3943 3
3944 3
3945 3
3946 3
3947 3
3948 3
3949 3
3950 3
3951 3
3952 3
3953 3
3954 3
3955 3
3956 3
3957 3
3958 3
3959 3
3960 3
3961 3
3962 3
3963 3
3964 3
3965 3
3966 3
3967 3
3968 3
3969 3
3970 3
3971 3
3972 3
3973 3
3974 3
3975 3
3976 3
3977 3
3978 3
3979 3
3980 3
3981 3
3982 3
3983 3
3984 3
3985 3
3986 3
3987 3
3988 3
3989 3
3990 3
3991 3
3992 3
3993 3
3994 3
3995 3
3996 3
3997 3
3998 3
3999 3
4000 3
4001 3
4002 3
4003 3
4004 3
4005 3
4006 3
4007 3
4008 3
4009 3
4010 3
4011 3
4012 3
4013 3
4014 3
4015 3
4016 3
4017 3
4018 3
4019 3
4020 3
4021 3
4022 3
4023 3
4024 3
4025 3
4026 3
4027 3
4028 3
4029 3
4030 3
4031 3
4032 3
4033 3
4034 3
4035 3
4036 3
4037 3
4038 3
4039 3
4040 3
4041 3
4042 3
4043 3
4044 3
4045 3
4046 3
4047 3
4048 3
4049 3
4050 3
4051 3
4052 3
4053 3
4054 3
4055 3
4056 3
4057 3
4058 3
4059 3
4060 3
4061 3
4062 3
4063 3
4064 3
4065 3
4066 3
4067 3
4068 3
4069 3
4070 3
4071 3
4072 3
4073 3
4074 3
4075 3
4076 3
4077 3
4078 3
4079 3
4080 3
4081 3
4082 3
4083 3
4084 3
4085 3
4086 3
4087 3
4088 3
4089 3
4090 3
4091 3
4092 3
4093 3
4094 3
4095 3
