#CSC Position Offset LUT
#Structure is comparator code (iCC) -> Stub position offset
#iCC bits: 12
#<header> v1.0 12 32 </header>
0 0
1 0
2 0
3 0
4 0
5 0
6 0
7 5.50671e-14
8 0
9 0
10 1.5
11 1
12 0
13 3
14 2.5
15 2
16 0
17 0
18 0
19 2.1938e-13
20 0
21 0
22 0.0909091
23 -1.26121e-13
24 0
25 0.5
26 0.428571
27 0.3
28 -4.79616e-14
29 0.9
30 0.882353
31 0.75
32 0
33 0
34 0.5
35 0.5
36 0
37 0.545455
38 0.5
39 0.448276
40 0.5
41 0.714286
42 0.666667
43 0.588235
44 0.5
45 0.941176
46 0.928571
47 0.846154
48 0
49 1
50 1
51 1
52 1
53 1
54 0.965517
55 0.928571
56 1
57 1.1
58 1.05882
59 1
60 1
61 1.25
62 1.23077
63 1.16667
64 0
65 0
66 0
67 -2.92211e-13
68 0
69 0
70 -0.0833333
71 6.5814e-13
72 0
73 0.157895
74 0.166667
75 0.195122
76 0.5
77 0.5
78 0.5
79 0.5
80 0
81 0
82 -0.111111
83 1.05871e-12
84 0
85 -0.1
86 -0.0588235
87 -7.99361e-14
88 0.181818
89 0.115385
90 0.121951
91 0.142857
92 0.375
93 0.375
94 0.375
95 0.375
96 0
97 0.105263
98 0.166667
99 0.245283
100 0.25
101 0.153846
102 0.181818
103 0.225806
104 0.357143
105 0.30303
106 0.307692
107 0.323944
108 0.5
109 0.5
110 0.5
111 0.5
112 1
113 0.5
114 0.533333
115 0.590909
116 0.6
117 0.5
118 0.518519
119 0.552632
120 0.647059
121 0.6
122 0.603175
123 0.616279
124 0.75
125 0.75
126 0.75
127 0.75
128 0
129 0
130 0.166667
131 0.333333
132 0
133 0.111111
134 0.195652
135 0.307692
136 0.5
137 0.333333
138 0.357143
139 0.421053
140 0.75
141 0.6
142 0.590909
143 0.62069
144 0
145 -2.66305e-09
146 0.130435
147 0.264706
148 0.181818
149 0.0882353
150 0.157895
151 0.25
152 0.4
153 0.272727
154 0.294118
155 0.347826
156 0.62069
157 0.5
158 0.493671
159 0.519231
160 0.5
161 0.2
162 0.285714
163 0.390244
164 0.357143
165 0.243902
166 0.294118
167 0.368421
168 0.5
169 0.384615
170 0.4
171 0.444444
172 0.676471
173 0.571429
174 0.565217
175 0.586777
176 1
177 0.5
178 0.545455
179 0.625
180 0.647059
181 0.5
182 0.531646
183 0.590909
184 0.714286
185 0.6
186 0.608696
187 0.645161
188 0.846154
189 0.75
190 0.742857
191 0.76087
192 0
193 0.333333
194 0.5
195 0.666667
196 0.5
197 0.4
198 0.5
199 0.625
200 0.75
201 0.584906
202 0.621951
203 0.702703
204 1
205 0.818182
206 0.8125
207 0.857143
208 2.75335e-13
209 0.26471
210 0.415385
211 0.5625
212 0.375
213 0.333333
214 0.425
215 0.535714
216 0.62069
217 0.5
218 0.536842
219 0.609375
220 0.857143
221 0.710526
222 0.709091
223 0.75
224 0.5
225 0.390245
226 0.5
227 0.621622
228 0.5
229 0.428571
230 0.5
231 0.59375
232 0.676471
233 0.56338
234 0.592593
235 0.655172
236 0.875
237 0.744186
238 0.741935
239 0.777778
240 1
241 0.625001
242 0.689655
243 0.785714
244 0.75
245 0.625
246 0.673077
247 0.75
248 0.846154
249 0.725
250 0.743802
251 0.796296
252 1
253 0.875
254 0.869565
255 0.9
256 0
257 0
258 0
259 -8.18012e-13
260 0
261 0
262 -0.162791
263 -7.14095e-13
264 0
265 0.0555556
266 0.0740741
267 0.166667
268 0.666667
269 0.413043
270 0.384615
271 0.428571
272 0
273 0
274 -0.181818
275 -2.63789e-13
276 0
277 -0.2
278 -0.125
279 6.11955e-13
280 0.25
281 0.0434783
282 0.0588235
283 0.133333
284 0.529412
285 0.333333
286 0.3125
287 0.349515
288 0
289 2.01114e-09
290 0.0714286
291 0.2
292 0.263158
293 0.0454545
294 0.0869565
295 0.180851
296 0.4
297 0.214286
298 0.219512
299 0.277778
300 0.609756
301 0.441176
302 0.421053
303 0.45082
304 1
305 0.4
306 0.411765
307 0.5
308 0.625
309 0.377358
310 0.390244
311 0.459459
312 0.666667
313 0.484848
314 0.479167
315 0.52381
316 0.8125
317 0.658228
318 0.636364
319 0.659574
320 0
321 0
322 -0.215686
323 -3.8014e-13
324 0
325 -0.25
326 -0.151515
327 5.8531e-13
328 0.296296
329 0.0185185
330 0.037037
331 0.12963
332 0.6
333 0.323529
334 0.291667
335 0.33871
336 0
337 -0.314286
338 -0.171875
339 3.17968e-13
340 3.14415e-13
341 -0.2
342 -0.125
343 -1.96287e-13
344 0.235294
345 0.0153846
346 0.03125
347 0.110236
348 0.5
349 0.275
350 0.25
351 0.291667
352 0.454545
353 -0.0454545
354 0.025974
355 0.154545
356 0.230769
357 -4.91836e-09
358 0.0425532
359 0.140625
360 0.365854
361 0.157895
362 0.162162
363 0.226027
364 0.571429
365 0.369565
366 0.34375
367 0.378049
368 0.9375
369 0.301887
370 0.311111
371 0.401575
372 0.5625
373 0.285714
374 0.296296
375 0.369863
376 0.604167
377 0.390805
378 0.380952
379 0.430303
380 0.75
381 0.557692
382 0.527778
383 0.554348
384 0
385 -0.166667
386 4.82031e-09
387 0.192308
388 0.210526
389 -0.0555556
390 0.0337079
391 0.177419
392 0.444444
393 0.166667
394 0.185185
395 0.277778
396 0.716981
397 0.433333
398 0.401575
399 0.451219
400 0.25
401 -0.130435
402 -1.95721e-10
403 0.163934
404 0.153846
405 -0.0461538
406 0.0288462
407 0.153846
408 0.363636
409 0.142857
410 0.16129
411 0.243902
412 0.612903
413 0.378641
414 0.354167
415 0.4
416 0.571429
417 0.0714286
418 0.142857
419 0.271429
420 0.333333
421 0.105263
422 0.151261
423 0.253086
424 0.461538
425 0.25
426 0.257143
427 0.326087
428 0.661972
429 0.448276
430 0.42236
431 0.461165
432 1
433 0.363636
434 0.375
435 0.468354
436 0.625
437 0.344828
438 0.358209
439 0.436464
440 0.666667
441 0.444444
442 0.435897
443 0.490196
444 0.8125
445 0.604651
446 0.573034
447 0.603524
448 2
449 0.152174
450 0.280899
451 0.454545
452 0.5
453 0.205882
454 0.285714
455 0.423077
456 0.666727
457 0.388889
458 0.407407
459 0.5
460 0.909091
461 0.625
462 0.594937
463 0.647059
464 0.6
465 0.122807
466 0.240385
467 0.397351
468 0.375
469 0.175
470 0.25
471 0.375
472 0.555585
473 0.339806
474 0.361842
475 0.447761
476 0.789474
477 0.555556
478 0.534091
479 0.584071
480 0.764706
481 0.264706
482 0.336134
483 0.464706
484 0.5
485 0.282609
486 0.333333
487 0.438776
488 0.619063
489 0.413793
490 0.426035
491 0.5
492 0.813953
493 0.6
494 0.57732
495 0.620968
496 1.125
497 0.506373
498 0.522388
499 0.619048
500 0.75
501 0.480769
502 0.5
503 0.583333
504 0.791675
505 0.573643
506 0.569892
507 0.62963
508 0.9375
509 0.727273
510 0.698113
511 0.733333
512 0
513 0
514 2.40119e-09
515 0.25
516 0
517 -0.0784314
518 0.047619
519 0.230769
520 0.5
521 0.2
522 0.230769
523 0.347826
524 0.833333
525 0.516854
526 0.483871
527 0.54717
528 0
529 -0.181818
530 2.88792e-09
531 0.206897
532 0.111111
533 -0.0625
534 0.039604
535 0.195652
536 0.391304
537 0.166667
538 0.196721
539 0.3
540 0.692308
541 0.442308
542 0.41958
543 0.478022
544 0.5
545 0.0714286
546 0.166667
547 0.323529
548 0.333333
549 0.116883
550 0.177966
551 0.301887
552 0.5
553 0.285714
554 0.3
555 0.384615
556 0.736842
557 0.512605
558 0.487654
559 0.536585
560 1
561 0.411765
562 0.428571
563 0.538462
564 0.666727
565 0.388889
566 0.407407
567 0.5
568 0.727273
569 0.5
570 0.493671
571 0.558824
572 0.896552
573 0.679105
574 0.646409
575 0.684211
576 0
577 -0.27907
578 -0.047619
579 0.184
580 0.0833333
581 -0.121212
582 -1.01396e-09
583 0.173333
584 0.413043
585 0.134831
586 0.166667
587 0.28
588 0.735294
589 0.428571
590 0.397436
591 0.46
592 -0.0909091
593 -0.214286
594 -0.039604
595 0.157534
596 0.0588235
597 -0.1
598 1.18772e-09
599 0.151163
600 0.333333
601 0.115385
602 0.145695
603 0.247475
604 0.625
605 0.375
606 0.352273
607 0.410714
608 0.4
609 0.0144928
610 0.110169
611 0.263473
612 0.272727
613 0.0638298
614 0.125
615 0.247423
616 0.441176
617 0.226891
618 0.241176
619 0.325792
620 0.673913
621 0.444444
622 0.418367
623 0.467742
624 0.896552
625 0.329268
626 0.348148
627 0.457447
628 0.592593
629 0.314815
630 0.333333
631 0.425926
632 0.658228
633 0.425373
634 0.417989
635 0.483607
636 0.826923
637 0.6
638 0.564815
639 0.602941
640 0.5
641 -0.111111
642 0.0769231
643 0.285714
644 0.233333
645 4.55636e-13
646 0.106061
647 0.26776
648 0.5
649 0.222222
650 0.25
651 0.358491
652 0.792683
653 0.488889
654 0.457447
655 0.518672
656 0.142857
657 -0.0882353
658 0.0655738
659 0.25
660 0.170732
661 4.88498e-14
662 0.0927152
663 0.237864
664 0.411765
665 0.193548
666 0.222222
667 0.322034
668 0.684211
669 0.434211
670 0.411483
671 0.469925
672 0.5
673 0.097561
674 0.185714
675 0.333333
676 0.346154
677 0.135135
678 0.194118
679 0.31441
680 0.5
681 0.285714
682 0.3
683 0.384615
684 0.722222
685 0.491124
686 0.465217
687 0.515464
688 0.941176
689 0.375
690 0.392405
691 0.5
692 0.634921
693 0.357143
694 0.375661
695 0.468252
696 0.695652
697 0.461538
698 0.454545
699 0.521127
700 0.859504
701 0.629031
702 0.593623
703 0.632911
704 1.5
705 0.153846
706 0.290323
707 0.47541
708 0.5
709 0.208333
710 0.294872
711 0.444444
712 0.681818
713 0.393701
714 0.414894
715 0.518072
716 0.9375
717 0.632911
718 0.6
719 0.659574
720 0.529412
721 0.125
722 0.251748
723 0.42233
724 0.375
725 0.178571
726 0.261364
727 0.4
728 0.56962
729 0.347222
730 0.373206
731 0.470801
732 0.818182
733 0.568182
734 0.545455
735 0.603896
736 0.714286
737 0.263158
738 0.339506
739 0.480349
740 0.5
741 0.28125
742 0.336735
743 0.454545
744 0.630435
745 0.416149
746 0.430434
747 0.515049
748 0.83871
749 0.608247
750 0.583333
751 0.634731
752 1.07692
753 0.5
754 0.513812
755 0.619047
756 0.75
757 0.472222
758 0.490741
759 0.583333
760 0.8
761 0.567416
762 0.561752
763 0.629628
764 0.956522
765 0.726415
766 0.692308
767 0.733333
768 0
769 -2.52243e-13
770 0.25
771 0.5
772 0.333333
773 0.131579
774 0.272
775 0.465517
776 0.666667
777 0.384615
778 0.428571
779 0.558824
780 1
781 0.681818
782 0.655738
783 0.730769
784 -2.96652e-13
785 2.14939e-13
786 0.206897
787 0.428571
788 0.225
789 0.107527
790 0.232877
791 0.407035
792 0.529412
793 0.327869
794 0.375
795 0.495652
796 0.84375
797 0.596026
798 0.582524
799 0.655172
800 0.5
801 0.2
802 0.323529
803 0.5
804 0.415094
805 0.245455
806 0.329341
807 0.473214
808 0.609756
809 0.414286
810 0.444444
811 0.546875
812 0.864865
813 0.641176
814 0.624454
815 0.6875
816 1
817 0.5
818 0.538462
819 0.666667
820 0.727273
821 0.480315
822 0.515957
823 0.626504
824 0.8125
825 0.594937
826 0.6
827 0.680851
828 1
829 0.777777
830 0.749998
831 0.8
832 -1
833 -0.1
834 0.153846
835 0.396552
836 0.176471
837 0.0434783
838 0.186667
839 0.375
840 0.538462
841 0.290323
842 0.338798
843 0.466942
844 0.875
845 0.576923
846 0.555556
847 0.630435
848 -0.1875
849 -0.0779221
850 0.130435
851 0.346734
852 0.125
853 0.0363636
854 0.162791
855 0.333333
856 0.4375
857 0.251748
858 0.300971
859 0.420074
860 0.75
861 0.511364
862 0.5
863 0.572368
864 0.344828
865 0.117075
866 0.245283
867 0.419643
868 0.322581
869 0.171875
870 0.257732
871 0.4
872 0.526316
873 0.339506
874 0.371179
875 0.472971
876 0.78125
877 0.561224
878 0.545455
879 0.608434
880 0.857143
881 0.40543
882 0.45
883 0.578313
884 0.631579
885 0.39726
886 0.435185
887 0.545455
888 0.727273
889 0.513812
890 0.51984
891 0.600618
892 0.916667
893 0.694444
894 0.666667
895 0.716667
896 2.71783e-13
897 -4.72511e-13
898 0.217391
899 0.441176
900 0.268293
901 0.111111
902 0.24
903 0.417355
904 0.578947
905 0.333333
906 0.377358
907 0.5
908 0.891892
909 0.6
910 0.578313
911 0.650942
912 -8.94396e-13
913 -7.10543e-14
914 0.1875
915 0.391304
916 0.196429
917 0.0944882
918 0.212121
919 0.375465
920 0.478261
921 0.292683
922 0.338983
923 0.454545
924 0.773438
925 0.537313
926 0.525546
927 0.596541
928 0.411765
929 0.166667
930 0.285714
931 0.453125
932 0.366197
933 0.212329
934 0.294118
935 0.432431
936 0.555556
937 0.369565
938 0.4
939 0.5
940 0.8
941 0.581081
942 0.565217
943 0.627659
944 0.875
945 0.428571
946 0.470588
947 0.595745
948 0.651163
949 0.418182
950 0.454918
951 0.563467
952 0.741935
953 0.529412
954 0.535211
955 0.615385
956 0.925926
957 0.703704
958 0.675925
959 0.725925
960 1
961 0.214286
962 0.377358
963 0.576923
964 0.5
965 0.274144
966 0.38
967 0.543478
968 0.724138
969 0.463415
970 0.497925
971 0.613207
972 1
973 0.705882
974 0.680851
975 0.75
976 0.375
977 0.174757
978 0.32967
979 0.517241
980 0.375
981 0.236084
982 0.339286
983 0.493421
984 0.605769
985 0.410811
986 0.451128
987 0.561959
988 0.875
989 0.637168
990 0.623377
991 0.692308
992 0.615385
993 0.303279
994 0.404878
995 0.5625
996 0.5
997 0.329253
998 0.403226
999 0.536145
1000 0.661157
1001 0.470874
1002 0.498282
1003 0.595744
1004 0.888889
1005 0.669355
1006 0.652695
1007 0.714286
1008 1
1009 0.531915
1010 0.565789
1011 0.685714
1012 0.75
1013 0.510861
1014 0.544118
1015 0.65
1016 0.826087
1017 0.612335
1018 0.617089
1019 0.696296
1020 1
1021 0.777778
1022 0.75
1023 0.8
1024 0
1025 0
1026 0
1027 0.4
1028 0
1029 0
1030 0.147059
1031 0.361702
1032 0
1033 0.322034
1034 0.360465
1035 0.495575
1036 1
1037 0.684211
1038 0.653846
1039 0.727273
1040 0
1041 0
1042 0.0746269
1043 0.3125
1044 0
1045 1.17659e-10
1046 0.116279
1047 0.293103
1048 0.465116
1049 0.256757
1050 0.295238
1051 0.411765
1052 0.8
1053 0.565217
1054 0.548387
1055 0.615385
1056 0
1057 0.156863
1058 0.261905
1059 0.435897
1060 0.388889
1061 0.2
1062 0.269231
1063 0.405797
1064 0.574074
1065 0.382022
1066 0.403226
1067 0.496855
1068 0.833333
1069 0.62963
1070 0.611111
1071 0.666667
1072 1
1073 0.53125
1074 0.554455
1075 0.673913
1076 0.73913
1077 0.5
1078 0.52459
1079 0.625
1080 0.815385
1081 0.615385
1082 0.615385
1083 0.686813
1084 1
1085 0.806452
1086 0.780488
1087 0.823529
1088 0
1089 0
1090 6.25839e-09
1091 0.264151
1092 0
1093 -0.0847458
1094 0.0531915
1095 0.248062
1096 0.454545
1097 0.2
1098 0.241379
1099 0.368421
1100 0.8125
1101 0.524752
1102 0.5
1103 0.571429
1104 0
1105 -0.192308
1106 1.04464e-09
1107 0.21875
1108 0.0571429
1109 -0.0675676
1110 0.0442478
1111 0.210526
1112 0.357143
1113 0.166667
1114 0.205882
1115 0.318182
1116 0.675325
1117 0.449153
1118 0.433962
1119 0.5
1120 0.333333
1121 0.0606061
1122 0.166667
1123 0.333333
1124 0.282609
1125 0.11236
1126 0.181818
1127 0.314286
1128 0.470588
1129 0.285714
1130 0.307692
1131 0.4
1132 0.722222
1133 0.518519
1134 0.5
1135 0.555556
1136 0.823529
1137 0.4
1138 0.428571
1139 0.546512
1140 0.614035
1141 0.384615
1142 0.410596
1143 0.510101
1144 0.7
1145 0.5
1146 0.5
1147 0.571429
1148 0.883495
1149 0.684211
1150 0.656716
1151 0.7
1152 0
1153 -0.0588235
1154 0.138298
1155 0.364964
1156 0.25
1157 0.0526316
1158 0.166667
1159 0.341463
1160 0.535714
1161 0.287129
1162 0.321918
1163 0.439791
1164 0.85
1165 0.571429
1166 0.546512
1167 0.614679
1168 0.105263
1169 -0.0454545
1170 0.115044
1171 0.3125
1172 0.181818
1173 0.0434783
1174 0.142857
1175 0.297872
1176 0.434783
1177 0.245763
1178 0.281437
1179 0.388889
1180 0.723404
1181 0.5
1182 0.484536
1183 0.54918
1184 0.433333
1185 0.148148
1186 0.242424
1187 0.398907
1188 0.357143
1189 0.185185
1190 0.25
1191 0.377358
1192 0.52439
1193 0.340741
1194 0.361702
1195 0.452282
1196 0.759259
1197 0.555556
1198 0.537037
1199 0.592593
1200 0.853659
1201 0.4375
1202 0.463576
1203 0.57767
1204 0.647059
1205 0.419355
1206 0.444444
1207 0.542373
1208 0.726316
1209 0.526316
1210 0.526316
1211 0.597744
1212 0.901639
1213 0.7
1214 0.672269
1215 0.716216
1216 1
1217 0.25
1218 0.37931
1219 0.571429
1220 0.55
1221 0.290323
1222 0.376712
1223 0.532663
1224 0.735294
1225 0.47541
1226 0.5
1227 0.608696
1228 1
1229 0.721854
1230 0.694175
1231 0.758621
1232 0.5
1233 0.2
1234 0.323529
1235 0.5
1236 0.415094
1237 0.245455
1238 0.329341
1239 0.473214
1240 0.609756
1241 0.414286
1242 0.444444
1243 0.546875
1244 0.864865
1245 0.641176
1246 0.624454
1247 0.6875
1248 0.666667
1249 0.333333
1250 0.410256
1251 0.555556
1252 0.530303
1253 0.346457
1254 0.404255
1255 0.526104
1256 0.666667
1257 0.481013
1258 0.5
1259 0.588652
1260 0.880952
1261 0.677248
1262 0.658728
1263 0.714286
1264 1
1265 0.571429
1266 0.590909
1267 0.7
1268 0.772152
1269 0.541667
1270 0.564592
1271 0.660582
1272 0.836364
1273 0.636364
1274 0.636364
1275 0.707792
1276 1
1277 0.798076
1278 0.770907
1279 0.815789
1280 0
1281 0
1282 -0.060241
1283 0.225806
1284 0
1285 -0.147059
1286 -2.26024e-09
1287 0.210526
1288 0.470588
1289 0.159574
1290 0.19708
1291 0.333333
1292 0.842105
1293 0.5
1294 0.463415
1295 0.538462
1296 0
1297 -0.254237
1298 -0.0480769
1299 0.187919
1300 0.05
1301 -0.116279
1302 4.92029e-09
1303 0.179775
1304 0.363636
1305 0.132743
1306 0.16875
1307 0.289855
1308 0.695652
1309 0.428571
1310 0.404255
1311 0.474576
1312 0.407407
1313 0.0263158
1314 0.128
1315 0.304598
1316 0.296296
1317 0.0769231
1318 0.142857
1319 0.284314
1320 0.481481
1321 0.257576
1322 0.273224
1323 0.371795
1324 0.740741
1325 0.5
1326 0.471698
1327 0.530303
1328 0.925
1329 0.387097
1330 0.39726
1331 0.517588
1332 0.647059
1333 0.360656
1334 0.375
1335 0.478261
1336 0.71875
1337 0.476821
1338 0.466019
1339 0.54023
1340 0.903226
1341 0.666667
1342 0.627119
1343 0.671233
1344 0
1345 -0.357143
1346 -0.0943396
1347 0.166667
1348 4.76064e-13
1349 -0.174419
1350 -0.0364963
1351 0.159574
1352 0.375
1353 0.103448
1354 0.142857
1355 0.272727
1356 0.731183
1357 0.417808
1358 0.386935
1359 0.460317
1360 -0.2
1361 -0.27027
1362 -0.078125
1363 0.142857
1364 -1.04805e-13
1365 -0.142857
1366 -0.03125
1367 0.139535
1368 0.3
1369 0.0882353
1370 0.125
1371 0.241935
1372 0.618182
1373 0.365269
1374 0.34375
1375 0.412811
1376 0.294118
1377 -0.0217391
1378 0.08
1379 0.25
1380 0.230769
1381 0.0322581
1382 0.0983607
1383 0.235537
1384 0.416667
1385 0.205128
1386 0.222222
1387 0.318841
1388 0.669291
1389 0.43617
1390 0.409639
1391 0.467742
1392 0.791667
1393 0.309091
1394 0.325581
1395 0.444444
1396 0.5625
1397 0.293706
1398 0.31068
1399 0.412639
1400 0.642857
1401 0.409091
1402 0.4
1403 0.473684
1404 0.826389
1405 0.593301
1406 0.554743
1407 0.59882
1408 0.181818
1409 -0.157143
1410 0.0387597
1411 0.265957
1412 0.181818
1413 -0.0384615
1414 0.0731707
1415 0.25
1416 0.467532
1417 0.195652
1418 0.226131
1419 0.346154
1420 0.781818
1421 0.476744
1422 0.444444
1423 0.513514
1424 0.0769231
1425 -0.123596
1426 0.0328947
1427 0.232558
1428 0.133333
1429 -0.0322581
1430 0.0638298
1431 0.222222
1432 0.382979
1433 0.169811
1434 0.200893
1435 0.311419
1436 0.671875
1437 0.42268
1438 0.4
1439 0.466258
1440 0.414634
1441 0.0740741
1442 0.16
1443 0.318182
1444 0.315789
1445 0.111111
1446 0.169811
1447 0.3
1448 0.477477
1449 0.266667
1450 0.281125
1451 0.374213
1452 0.712329
1453 0.481481
1454 0.454545
1455 0.511236
1456 0.839286
1457 0.362205
1458 0.373737
1459 0.486989
1460 0.608696
1461 0.341463
1462 0.355932
1463 0.454545
1464 0.679688
1465 0.447761
1466 0.437955
1467 0.510085
1468 0.853659
1469 0.621849
1470 0.583333
1471 0.626943
1472 1
1473 0.142857
1474 0.263158
1475 0.454545
1476 0.490566
1477 0.188525
1478 0.267016
1479 0.423077
1480 0.666667
1481 0.375
1482 0.391304
1483 0.5
1484 0.929134
1485 0.621212
1486 0.583643
1487 0.647058
1488 0.5
1489 0.115385
1490 0.227273
1491 0.403226
1492 0.371429
1493 0.160839
1494 0.236111
1495 0.380623
1496 0.555624
1497 0.32967
1498 0.351562
1499 0.454545
1500 0.808219
1501 0.556561
1502 0.530404
1503 0.592991
1504 0.666667
1505 0.258065
1506 0.32
1507 0.463768
1508 0.494253
1509 0.268293
1510 0.315353
1511 0.437106
1512 0.619083
1513 0.401961
1514 0.411348
1515 0.5
1516 0.830303
1517 0.598361
1518 0.569659
1519 0.624377
1520 1
1521 0.5
1522 0.5
1523 0.605263
1524 0.740385
1525 0.464865
1526 0.473684
1527 0.567723
1528 0.791686
1529 0.557522
1530 0.545455
1531 0.615385
1532 0.951087
1533 0.719101
1534 0.679999
1535 0.722863
1536 0
1537 -0.237288
1538 0.0344828
1539 0.306358
1540 0.166667
1541 -0.0638298
1542 0.0789474
1543 0.285714
1544 0.528571
1545 0.217054
1546 0.255319
1547 0.392713
1548 0.884615
1549 0.536585
1550 0.5
1551 0.577465
1552 -0.0526316
1553 -0.175
1554 0.0283688
1555 0.262376
1556 0.111111
1557 -0.0517241
1558 0.0674157
1559 0.25
1560 0.41573
1561 0.184211
1562 0.223256
1563 0.348921
1564 0.741935
1565 0.468085
1566 0.444444
1567 0.518987
1568 0.444444
1569 0.0693069
1570 0.174699
1571 0.354978
1572 0.333333
1573 0.115942
1574 0.186275
1575 0.333333
1576 0.518519
1577 0.291429
1578 0.309917
1579 0.414239
1580 0.777778
1581 0.528302
1582 0.5
1583 0.563218
1584 0.943396
1585 0.401639
1586 0.413613
1587 0.538462
1588 0.666667
1589 0.375
1590 0.391304
1591 0.5
1592 0.740157
1593 0.489899
1594 0.479554
1595 0.558823
1596 0.926829
1597 0.677966
1598 0.636364
1599 0.684211
1600 -0.5
1601 -0.27027
1602 -0.0142857
1603 0.242718
1604 0.0652174
1605 -0.106195
1606 0.0333333
1607 0.230769
1608 0.428571
1609 0.157895
1610 0.2
1611 0.333333
1612 0.778689
1613 0.460733
1614 0.430769
1615 0.507598
1616 -0.153846
1617 -0.208333
1618 -0.0120482
1619 0.211864
1620 0.0461538
1621 -0.0882353
1622 0.0289855
1623 0.205036
1624 0.346154
1625 0.136364
1626 0.177419
1627 0.3
1628 0.664336
1629 0.407407
1630 0.387543
1631 0.461325
1632 0.318182
1633 0.0169492
1634 0.125
1635 0.300752
1636 0.261905
1637 0.0691824
1638 0.141026
1639 0.28479
1640 0.451613
1641 0.24
1642 0.26087
1643 0.363636
1644 0.707317
1645 0.46888
1646 0.443395
1647 0.506328
1648 0.806452
1649 0.328571
1650 0.348624
1651 0.472973
1652 0.582524
1653 0.313187
1654 0.333333
1655 0.441176
1656 0.666667
1657 0.428571
1658 0.421053
1659 0.5
1660 0.854054
1661 0.612782
1662 0.573486
1663 0.621495
1664 0.214286
1665 -0.11236
1666 0.0853659
1667 0.313808
1668 0.214286
1669 2.66454e-15
1670 0.115385
1671 0.295775
1672 0.5
1673 0.228571
1674 0.261905
1675 0.386018
1676 0.814286
1677 0.504587
1678 0.472973
1679 0.545455
1680 0.0909091
1681 -0.0892857
1682 0.0732984
1683 0.277778
1684 0.157895
1685 -3.78364e-13
1686 0.101695
1687 0.265823
1688 0.411765
1689 0.2
1690 0.234875
1691 0.350828
1692 0.703704
1693 0.45082
1694 0.429448
1695 0.5
1696 0.423077
1697 0.0962963
1698 0.188073
1699 0.352159
1700 0.333333
1701 0.133333
1702 0.19697
1703 0.333333
1704 0.5
1705 0.288889
1706 0.306452
1707 0.405063
1708 0.73913
1709 0.503704
1710 0.477528
1711 0.538462
1712 0.84507
1713 0.373418
1714 0.387755
1715 0.506024
1716 0.62069
1717 0.352941
1718 0.369863
1719 0.473684
1720 0.695652
1721 0.46
1722 0.451327
1723 0.528037
1724 0.873786
1725 0.635135
1726 0.595855
1727 0.642857
1728 1
1729 0.153846
1730 0.276596
1731 0.470588
1732 0.5
1733 0.198675
1734 0.279661
1735 0.439252
1736 0.678571
1737 0.383838
1738 0.401408
1739 0.513514
1740 0.943038
1741 0.628571
1742 0.590361
1743 0.656324
1744 0.5
1745 0.125
1746 0.240741
1747 0.421053
1748 0.37931
1749 0.170455
1750 0.249057
1751 0.398305
1752 0.567164
1753 0.339286
1754 0.363057
1755 0.470297
1756 0.823204
1757 0.566176
1758 0.539945
1759 0.605726
1760 0.666667
1761 0.263158
1762 0.327869
1763 0.47619
1764 0.5
1765 0.273632
1766 0.323129
1767 0.449612
1768 0.628205
1769 0.408
1770 0.418605
1771 0.511416
1772 0.843137
1773 0.605351
1774 0.576142
1775 0.633946
1776 1
1777 0.5
1778 0.5
1779 0.608696
1780 0.744186
1781 0.464602
1782 0.473684
1783 0.571429
1784 0.797753
1785 0.557971
1786 0.545455
1787 0.618644
1788 0.960352
1789 0.720859
1790 0.68
1791 0.72519
1792 1
1793 -0.0263158
1794 0.214765
1795 0.472973
1796 0.347826
1797 0.1
1798 0.237113
1799 0.440298
1800 0.662921
1801 0.353659
1802 0.393305
1803 0.531847
1804 1
1805 0.653846
1806 0.619718
1807 0.7
1808 0.125
1809 -0.019802
1810 0.179775
1811 0.411765
1812 0.235294
1813 0.0821918
1814 0.205357
1815 0.390728
1816 0.526786
1817 0.303665
1818 0.348148
1819 0.478509
1820 0.846154
1821 0.576271
1822 0.556962
1823 0.636364
1824 0.533333
1825 0.18254
1826 0.294686
1827 0.479167
1828 0.422222
1829 0.22093
1830 0.299213
1831 0.452381
1832 0.607407
1833 0.389908
1834 0.415282
1835 0.526041
1836 0.866667
1837 0.621212
1838 0.597701
1839 0.666667
1840 1
1841 0.483444
1842 0.504237
1843 0.635514
1844 0.732143
1845 0.454545
1846 0.478873
1847 0.594595
1848 0.810127
1849 0.567347
1850 0.563253
1851 0.649164
1852 1
1853 0.753425
1854 0.715789
1855 0.769231
1856 -0.2
1857 -0.108696
1858 0.137931
1859 0.390625
1860 0.192982
1861 0.0285714
1862 0.170404
1863 0.369281
1864 0.538462
1865 0.276596
1866 0.323529
1867 0.460674
1868 0.880795
1869 0.567797
1870 0.542056
1871 0.623152
1872 -0.0625
1873 -0.0847458
1874 0.117647
1875 0.344828
1876 0.1375
1877 0.0239521
1878 0.149606
1879 0.331378
1880 0.4375
1881 0.240741
1882 0.289474
1883 0.418367
1884 0.755682
1885 0.50566
1886 0.491525
1887 0.571106
1888 0.37037
1889 0.111111
1890 0.230769
1891 0.41358
1892 0.330097
1893 0.159794
1894 0.242105
1895 0.393617
1896 0.526316
1897 0.327869
1898 0.357143
1899 0.46729
1900 0.78607
1901 0.554422
1902 0.534884
1903 0.604166
1904 0.842105
1905 0.400052
1906 0.431818
1907 0.564246
1908 0.634921
1909 0.384615
1910 0.414557
1911 0.530414
1912 0.727273
1913 0.5
1914 0.5
1915 0.586207
1916 0.920354
1917 0.684211
1918 0.65
1919 0.704062
1920 0.294118
1921 5.87974e-13
1922 0.201005
1923 0.431034
1924 0.294118
1925 0.1
1926 0.222222
1927 0.406977
1928 0.579832
1929 0.320755
1930 0.360656
1931 0.48995
1932 0.894118
1933 0.590909
1934 0.564246
1935 0.641593
1936 0.125
1937 -5.66658e-13
1938 0.173913
1939 0.384615
1940 0.217391
1941 0.0851064
1942 0.197183
1943 0.368421
1944 0.479167
1945 0.282158
1946 0.325444
1947 0.448276
1948 0.77551
1949 0.530612
1950 0.515306
1951 0.591837
1952 0.444444
1953 0.166667
1954 0.272031
1955 0.444444
1956 0.37931
1957 0.203704
1958 0.278481
1959 0.423077
1960 0.556213
1961 0.359259
1962 0.385445
1963 0.491525
1964 0.801802
1965 0.574074
1966 0.553991
1967 0.621212
1968 0.860465
1969 0.428571
1970 0.455479
1971 0.582278
1972 0.657143
1973 0.409836
1974 0.436782
1975 0.548673
1976 0.742268
1977 0.518395
1978 0.517327
1979 0.601179
1980 0.927419
1981 0.694915
1982 0.66087
1983 0.713781
1984 1
1985 0.225806
1986 0.357143
1987 0.555556
1988 0.544304
1989 0.266667
1990 0.355872
1991 0.520942
1992 0.731343
1993 0.449153
1994 0.473373
1995 0.590909
1996 1
1997 0.691781
1998 0.658228
1999 0.728916
2000 0.5
2001 0.184211
2002 0.3125
2003 0.5
2004 0.413462
2005 0.229617
2006 0.318471
2007 0.47494
2008 0.6125
2009 0.398496
2010 0.430108
2011 0.543933
2012 0.875
2013 0.625387
2014 0.604651
2015 0.675978
2016 0.666667
2017 0.311111
2018 0.388889
2019 0.545455
2020 0.527132
2021 0.323502
2022 0.383285
2023 0.517544
2024 0.666667
2025 0.459459
2026 0.477833
2027 0.577519
2028 0.888889
2029 0.658192
2030 0.634409
2031 0.697917
2032 1
2033 0.538462
2034 0.55
2035 0.666667
2036 0.766234
2037 0.505602
2038 0.523684
2039 0.628803
2040 0.830189
2041 0.601227
2042 0.595455
2043 0.67509
2044 1
2045 0.766234
2046 0.73
2047 0.780488
2048 0
2049 0
2050 0.3
2051 0.6
2052 0
2053 0.156627
2054 0.320896
2055 0.551351
2056 0.75
2057 0.448276
2058 0.5
2059 0.654545
2060 1.125
2061 0.785235
2062 0.757426
2063 0.847059
2064 0
2065 1.49214e-13
2066 0.238095
2067 0.5
2068 0.235294
2069 0.122642
2070 0.267081
2071 0.472222
2072 0.571429
2073 0.371429
2074 0.428571
2075 0.571429
2076 0.923077
2077 0.672414
2078 0.662338
2079 0.75
2080 0.5
2081 0.234043
2082 0.368421
2083 0.571429
2084 0.442857
2085 0.27907
2086 0.37234
2087 0.538462
2088 0.653846
2089 0.463415
2090 0.5
2091 0.619718
2092 0.934783
2093 0.713568
2094 0.7
2095 0.775701
2096 1
2097 0.568965
2098 0.606742
2099 0.75
2100 0.775281
2101 0.539474
2102 0.576744
2103 0.701437
2104 0.870968
2105 0.659574
2106 0.666667
2107 0.759494
2108 1.07547
2109 0.857143
2110 0.830448
2111 0.889831
2112 0
2113 -0.134328
2114 0.166667
2115 0.454054
2116 0.136364
2117 0.0384615
2118 0.207317
2119 0.428571
2120 0.55
2121 0.319149
2122 0.381188
2123 0.532319
2124 0.931035
2125 0.640449
2126 0.625
2127 0.715232
2128 -0.222222
2129 -0.1
2130 0.137255
2131 0.388889
2132 0.09375
2133 0.03125
2134 0.177083
2135 0.375
2136 0.435644
2137 0.271084
2138 0.333333
2139 0.472973
2140 0.782609
2141 0.558824
2142 0.555556
2143 0.642857
2144 0.282609
2145 0.123894
2146 0.266667
2147 0.465587
2148 0.309524
2149 0.184211
2150 0.281818
2151 0.444444
2152 0.532787
2153 0.366492
2154 0.407692
2155 0.525835
2156 0.8125
2157 0.608696
2158 0.6
2159 0.675676
2160 0.784615
2161 0.441176
2162 0.492754
2163 0.636691
2164 0.634615
2165 0.431818
2166 0.475806
2167 0.6
2168 0.748252
2169 0.555556
2170 0.567473
2171 0.66022
2172 0.956044
2173 0.75
2174 0.727273
2175 0.787129
2176 1.45661e-13
2177 1.07025e-12
2178 0.236842
2179 0.490909
2180 0.25
2181 0.12
2182 0.262887
2183 0.463878
2184 0.583333
2185 0.361446
2186 0.415254
2187 0.555556
2188 0.926471
2189 0.652174
2190 0.636691
2191 0.722062
2192 5.19851e-12
2193 6.37712e-13
2194 0.2
2195 0.428571
2196 0.181818
2197 0.1
2198 0.2287
2199 0.412162
2200 0.474576
2201 0.3125
2202 0.368421
2203 0.5
2204 0.792453
2205 0.576923
2206 0.572814
2207 0.656249
2208 0.357143
2209 0.181818
2210 0.307692
2211 0.492958
2212 0.357143
2213 0.228571
2214 0.31746
2215 0.471124
2216 0.557143
2217 0.394495
2218 0.432432
2219 0.545455
2220 0.818681
2221 0.62069
2222 0.611764
2223 0.684963
2224 0.789474
2225 0.461538
2226 0.508475
2227 0.64557
2228 0.647059
2229 0.45
2230 0.491103
2231 0.610496
2232 0.753086
2233 0.565574
2234 0.576687
2235 0.666667
2236 0.951219
2237 0.75
2238 0.727762
2239 0.786343
2240 0.75
2241 0.267327
2242 0.421348
2243 0.635294
2244 0.529412
2245 0.315068
2246 0.419643
2247 0.596026
2248 0.75
2249 0.507853
2250 0.544444
2251 0.670486
2252 1.03846
2253 0.762712
2254 0.740506
2255 0.818182
2256 0.4
2257 0.214286
2258 0.362319
2259 0.5625
2260 0.4
2261 0.267442
2262 0.370079
2263 0.535714
2264 0.622222
2265 0.444954
2266 0.488372
2267 0.609374
2268 0.9
2269 0.681818
2270 0.672414
2271 0.75
2272 0.590909
2273 0.344413
2274 0.440678
2275 0.607477
2276 0.517857
2277 0.363636
2278 0.43662
2279 0.578378
2280 0.677215
2281 0.506122
2282 0.536145
2283 0.642004
2284 0.911765
2285 0.712329
2286 0.7
2287 0.769231
2288 0.931035
2289 0.579566
2290 0.611321
2291 0.737288
2292 0.761194
2293 0.553571
2294 0.585987
2295 0.69802
2296 0.845304
2297 0.654412
2298 0.661157
2299 0.746696
2300 1.02632
2301 0.825
2302 0.800971
2303 0.857143
2304 0
2305 -0.205882
2306 0.119403
2307 0.42
2308 0.139535
2309 -0.00909091
2310 0.163842
2311 0.393443
2312 0.571429
2313 0.289474
2314 0.345455
2315 0.5
2316 0.96
2317 0.623711
2318 0.596958
2319 0.686746
2320 -0.25
2321 -0.148936
2322 0.097561
2323 0.358974
2324 0.0909091
2325 -0.00729927
2326 0.139423
2327 0.344086
2328 0.444444
2329 0.244444
2330 0.301587
2331 0.444444
2332 0.8
2333 0.542601
2334 0.530405
2335 0.617886
2336 0.347826
2337 0.1
2338 0.237113
2339 0.440298
2340 0.325843
2341 0.158537
2342 0.251046
2343 0.417197
2344 0.545455
2345 0.346154
2346 0.380282
2347 0.5
2348 0.828571
2349 0.595238
2350 0.577507
2351 0.652709
2352 0.882353
2353 0.438356
2354 0.473214
2355 0.615894
2356 0.669643
2357 0.418848
2358 0.451852
2359 0.57593
2360 0.769231
2361 0.542373
2362 0.544304
2363 0.636364
2364 0.975
2365 0.740214
2366 0.707182
2367 0.765236
2368 -1.09091
2369 -0.267442
2370 0.0434783
2371 0.330508
2372 3.43547e-12
2373 -0.0757576
2374 0.0961538
2375 0.316901
2376 0.435644
2377 0.207865
2378 0.270588
2379 0.421687
2380 0.821918
2381 0.526786
2382 0.509934
2383 0.6
2384 -0.352941
2385 -0.20354
2386 0.0364583
2387 0.287823
2388 -1.06581e-14
2389 -0.0625
2390 0.0833333
2391 0.28125
2392 0.349206
2393 0.178744
2394 0.239583
2395 0.379403
2396 0.697674
2397 0.464567
2398 0.458333
2399 0.545455
2400 0.192982
2401 0.0285714
2402 0.170404
2403 0.369281
2404 0.230769
2405 0.0957447
2406 0.191176
2407 0.353933
2408 0.456954
2409 0.279661
2410 0.317757
2411 0.43596
2412 0.737374
2413 0.521127
2414 0.508108
2415 0.583333
2416 0.7125
2417 0.347305
2418 0.393701
2419 0.536657
2420 0.5625
2421 0.342593
2422 0.381579
2423 0.505102
2424 0.676136
2425 0.467925
2426 0.474576
2427 0.566591
2428 0.883929
2429 0.66242
2430 0.633663
2431 0.692308
2432 -0.2
2433 -0.115385
2434 0.12766
2435 0.382353
2436 0.144928
2437 0.0194805
2438 0.16318
2439 0.364198
2440 0.491525
2441 0.264706
2442 0.317241
2443 0.457447
2444 0.838323
2445 0.555118
2446 0.536657
2447 0.621495
2448 -0.0909091
2449 -0.0909091
2450 0.109091
2451 0.337662
2452 0.106383
2453 0.0163934
2454 0.143382
2455 0.32687
2456 0.402778
2457 0.230769
2458 0.283951
2459 0.415459
2460 0.721649
2461 0.494737
2462 0.486702
2463 0.569593
2464 0.294118
2465 0.1
2466 0.222222
2467 0.406977
2468 0.294118
2469 0.150943
2470 0.236066
2471 0.389447
2472 0.494118
2473 0.318182
2474 0.351955
2475 0.464602
2476 0.755656
2477 0.544304
2478 0.530414
2479 0.602766
2480 0.73913
2481 0.382979
2482 0.422535
2483 0.557895
2484 0.590278
2485 0.373444
2486 0.408284
2487 0.526437
2488 0.693878
2489 0.489796
2490 0.494898
2491 0.583673
2492 0.891129
2493 0.674352
2494 0.64574
2495 0.702752
2496 0.62069
2497 0.155738
2498 0.311628
2499 0.525974
2500 0.439024
2501 0.215909
2502 0.318519
2503 0.494505
2504 0.666667
2505 0.413043
2506 0.446154
2507 0.571429
2508 0.957447
2509 0.669014
2510 0.642105
2511 0.718487
2512 0.333333
2513 0.125828
2514 0.270161
2515 0.469565
2516 0.333333
2517 0.184466
2518 0.282895
2519 0.447761
2520 0.555556
2521 0.363985
2522 0.402778
2523 0.522876
2524 0.833333
2525 0.601266
2526 0.586538
2527 0.662791
2528 0.544304
2529 0.266667
2530 0.355872
2531 0.520942
2532 0.462687
2533 0.288136
2534 0.35503
2535 0.495455
2536 0.619048
2537 0.431507
2538 0.455696
2539 0.560241
2540 0.852459
2541 0.637931
2542 0.619469
2543 0.68705
2544 0.894231
2545 0.507133
2546 0.528662
2547 0.651551
2548 0.7125
2549 0.481203
2550 0.505376
2551 0.615063
2552 0.791667
2553 0.582043
2554 0.581395
2555 0.664804
2556 0.970588
2557 0.752632
2558 0.721311
2559 0.775168
2560 -1.5
2561 -0.162791
2562 0.142857
2563 0.432
2564 0.166667
2565 0.0145985
2566 0.181818
2567 0.405941
2568 0.576923
2569 0.297872
2570 0.352941
2571 0.505618
2572 0.954545
2573 0.619247
2574 0.592593
2575 0.682151
2576 -0.2
2577 -0.12069
2578 0.118812
2579 0.375
2580 0.111111
2581 0.0119048
2582 0.156863
2583 0.359649
2584 0.454545
2585 0.254545
2586 0.311688
2587 0.454545
2588 0.803279
2589 0.544118
2590 0.531856
2591 0.62
2592 0.357143
2593 0.109589
2594 0.245763
2595 0.447853
2596 0.333333
2597 0.165829
2598 0.258621
2599 0.425197
2600 0.55
2601 0.349206
2602 0.383721
2603 0.504587
2604 0.830189
2605 0.593443
2606 0.575377
2607 0.651731
2608 0.878049
2609 0.431818
2610 0.466667
2611 0.60989
2612 0.666667
2613 0.413043
2614 0.446154
2615 0.571429
2616 0.765957
2617 0.535211
2618 0.536842
2619 0.630252
2620 0.970954
2621 0.730769
2622 0.696552
2623 0.755639
2624 -0.928571
2625 -0.228571
2626 0.0714286
2627 0.351916
2628 0.0294118
2629 -0.05
2630 0.119048
2631 0.337209
2632 0.45082
2633 0.223256
2634 0.285714
2635 0.436409
2636 0.829545
2637 0.533333
2638 0.516484
2639 0.606987
2640 -0.317073
2641 -0.176471
2642 0.0606061
2643 0.309816
2644 0.0208333
2645 -0.0416667
2646 0.104167
2647 0.302083
2648 0.364238
2649 0.193548
2650 0.255072
2651 0.395928
2652 0.708738
2653 0.473684
2654 0.467662
2655 0.556
2656 0.205882
2657 0.0419162
2658 0.184211
2659 0.383562
2660 0.241935
2661 0.107143
2662 0.203704
2663 0.367925
2664 0.466667
2665 0.288256
2666 0.327225
2667 0.447205
2668 0.745763
2669 0.526627
2670 0.513636
2671 0.590406
2672 0.715789
2673 0.348485
2674 0.395349
2675 0.539604
2676 0.565789
2677 0.34375
2678 0.383333
2679 0.508621
2680 0.679426
2681 0.468153
2682 0.47494
2683 0.568702
2684 0.887218
2685 0.66129
2686 0.631799
2687 0.691781
2688 -0.166667
2689 -0.0967742
2690 0.142857
2691 0.395062
2692 0.158537
2693 0.0327869
2694 0.176056
2695 0.376623
2696 0.5
2697 0.272727
2698 0.325581
2699 0.466368
2700 0.843434
2701 0.55814
2702 0.539604
2703 0.625247
2704 -0.0769231
2705 -0.0769231
2706 0.123077
2707 0.351648
2708 0.117117
2709 0.0277778
2710 0.155763
2711 0.340376
2712 0.411765
2713 0.23913
2714 0.293194
2715 0.42623
2716 0.729258
2717 0.5
2718 0.492099
2719 0.576364
2720 0.3
2721 0.106383
2722 0.22973
2723 0.415842
2724 0.3
2725 0.156627
2726 0.243017
2727 0.398287
2728 0.5
2729 0.322581
2730 0.357143
2731 0.471698
2732 0.761538
2733 0.54717
2734 0.533195
2735 0.607083
2736 0.740741
2737 0.381818
2738 0.421687
2739 0.558559
2740 0.591716
2741 0.37234
2742 0.407595
2743 0.527559
2744 0.695605
2745 0.488372
2746 0.49345
2747 0.583916
2748 0.893471
2749 0.672414
2750 0.642994
2751 0.701258
2752 0.617647
2753 0.153846
2754 0.309524
2755 0.523546
2756 0.4375
2757 0.213592
2758 0.316456
2759 0.492958
2760 0.664557
2761 0.408922
2762 0.442105
2763 0.568228
2764 0.954545
2765 0.662651
2766 0.635135
2767 0.71223
2768 0.333333
2769 0.125
2770 0.269896
2771 0.470149
2772 0.333333
2773 0.183333
2774 0.282486
2775 0.448718
2776 0.555556
2777 0.361842
2778 0.400955
2779 0.522472
2780 0.833333
2781 0.597826
2782 0.582645
2783 0.66
2784 0.543478
2785 0.263158
2786 0.352761
2787 0.519187
2788 0.461538
2789 0.284672
2790 0.352041
2791 0.494118
2792 0.618182
2793 0.427729
2794 0.451965
2795 0.558059
2796 0.852113
2797 0.633663
2798 0.614504
2799 0.68323
2800 0.892562
2801 0.5
2802 0.520661
2803 0.644628
2804 0.709677
2805 0.474026
2806 0.497674
2807 0.608696
2808 0.788845
2809 0.574866
2810 0.573441
2811 0.658065
2812 0.968354
2813 0.745455
2814 0.712766
2815 0.767442
2816 2.76401e-12
2817 4.17444e-14
2818 0.267327
2819 0.54
2820 0.323077
2821 0.134146
2822 0.288973
2823 0.505525
2824 0.677419
2825 0.392857
2826 0.444444
2827 0.59434
2828 1.03279
2829 0.697183
2830 0.67013
2831 0.759259
2832 1.09068e-12
2833 5.32907e-14
2834 0.225
2835 0.473684
2836 0.21875
2837 0.110553
2838 0.251656
2839 0.451852
2840 0.538462
2841 0.338462
2842 0.395604
2843 0.538462
2844 0.875
2845 0.616822
2846 0.605634
2847 0.694915
2848 0.454545
2849 0.197674
2850 0.330935
2851 0.53125
2852 0.409449
2853 0.24359
2854 0.337243
2855 0.504464
2856 0.617021
2857 0.418919
2858 0.455446
2859 0.578125
2860 0.891566
2861 0.656425
2862 0.640257
2863 0.71875
2864 0.9375
2865 0.495146
2866 0.531646
2867 0.676056
2868 0.721519
2869 0.472119
2870 0.507895
2871 0.635438
2872 0.818182
2873 0.590361
2874 0.594595
2875 0.690647
2876 1.02128
2877 0.782278
2878 0.75
2879 0.811594
2880 -0.529412
2881 -0.0967742
2882 0.181818
2883 0.452663
2884 0.15
2885 0.0531915
2886 0.216216
2887 0.430693
2888 0.538462
2889 0.309524
2890 0.371191
2891 0.521277
2892 0.902913
2893 0.607595
2894 0.591549
2895 0.682836
2896 -0.1875
2897 -0.0754717
2898 0.155556
2899 0.401575
2900 0.107143
2901 0.0446429
2902 0.190476
2903 0.388393
2904 0.4375
2905 0.269896
2906 0.333333
2907 0.475728
2908 0.775
2909 0.542373
2910 0.538462
2911 0.628866
2912 0.278481
2913 0.118557
2914 0.262136
2915 0.462264
2916 0.305556
2917 0.176923
2918 0.276596
2919 0.443089
2920 0.526316
2921 0.352761
2922 0.395034
2923 0.517857
2924 0.80292
2925 0.586735
2926 0.576471
2927 0.656051
2928 0.763636
2929 0.406114
2930 0.456897
2931 0.603854
2932 0.613636
2933 0.398649
2934 0.442308
2935 0.570895
2936 0.727273
2937 0.520661
2938 0.530992
2939 0.628099
2940 0.935065
2941 0.711628
2942 0.684783
2943 0.747774
2944 -2.5846e-13
2945 3.27738e-13
2946 0.230769
2947 0.478723
2948 0.242105
2949 0.113208
2950 0.255319
2951 0.455157
2952 0.567901
2953 0.342857
2954 0.396985
2955 0.53876
2956 0.90393
2957 0.62069
2958 0.603854
2959 0.691126
2960 -8.74856e-13
2961 7.10543e-13
2962 0.2
2963 0.428571
2964 0.179688
2965 0.0963855
2966 0.227027
2967 0.413442
2968 0.469388
2969 0.301887
2970 0.359091
2971 0.494662
2972 0.784091
2973 0.55814
2974 0.552941
2975 0.63981
2976 0.347826
2977 0.166667
2978 0.294118
2979 0.482759
2980 0.347826
2981 0.213322
2982 0.304136
2983 0.462687
2984 0.547826
2985 0.376404
2986 0.414938
2987 0.532895
2988 0.809365
2989 0.598592
2990 0.587703
2991 0.664706
2992 0.774194
2993 0.428571
2994 0.473684
2995 0.614173
2996 0.628866
2997 0.417976
2998 0.457965
2999 0.581756
3000 0.734848
3001 0.532995
3002 0.541985
3003 0.636086
3004 0.934132
3005 0.716129
3006 0.689597
3007 0.751032
3008 0.692308
3009 0.219512
3010 0.373702
3011 0.586957
3012 0.490909
3013 0.271186
3014 0.375691
3015 0.553279
3016 0.712707
3017 0.461039
3018 0.496552
3019 0.624555
3020 1
3021 0.710526
3022 0.685039
3023 0.764151
3024 0.375
3025 0.179104
3026 0.327273
3027 0.529412
3028 0.375
3029 0.233577
3030 0.336634
3031 0.505618
3032 0.597222
3033 0.409222
3034 0.451883
3035 0.576355
3036 0.875
3037 0.642857
3038 0.630435
3039 0.710526
3040 0.571429
3041 0.306723
3042 0.401617
3043 0.571429
3044 0.494382
3045 0.326923
3046 0.399103
3047 0.544828
3048 0.653386
3049 0.468912
3050 0.497121
3051 0.606707
3052 0.888889
3053 0.673913
3054 0.657718
3055 0.729508
3056 0.913043
3057 0.534545
3058 0.56068
3059 0.688525
3060 0.735849
3061 0.508571
3062 0.536885
3063 0.651757
3064 0.818182
3065 0.609412
3066 0.611702
3067 0.699858
3068 1
3069 0.78
3070 0.75
3071 0.807692
3072 0
3073 0.2
3074 0.5
3075 0.8
3076 0.5
3077 0.322581
3078 0.5
3079 0.73913
3080 0.875
3081 0.595376
3082 0.66
3083 0.825688
3084 1.25
3085 0.918919
3086 0.9
3087 1
3088 7.74492e-13
3089 0.141509
3090 0.405405
3091 0.681818
3092 0.315789
3093 0.25641
3094 0.423729
3095 0.64557
3096 0.672
3097 0.5
3098 0.574913
3099 0.733695
3100 1.03448
3101 0.796875
3102 0.798817
3103 0.9
3104 0.5
3105 0.335766
3106 0.5
3107 0.722772
3108 0.5
3109 0.382979
3110 0.5
3111 0.685393
3112 0.733766
3113 0.569038
3114 0.623457
3115 0.760391
3116 1.02941
3117 0.82069
3118 0.819149
3119 0.909091
3120 1
3121 0.642857
3122 0.705882
3123 0.868421
3124 0.818182
3125 0.618182
3126 0.675325
3127 0.818182
3128 0.934426
3129 0.742647
3130 0.764543
3131 0.873333
3132 1.15385
3133 0.944444
3134 0.927536
3135 1
3136 -1
3137 -3.76588e-13
3138 0.333333
3139 0.636364
3140 0.1875
3141 0.167785
3142 0.363248
3143 0.601881
3144 0.637931
3145 0.445545
3146 0.527778
3147 0.695187
3148 1.03571
3149 0.764706
3150 0.763158
3151 0.867132
3152 -0.3
3153 -1.15463e-14
3154 0.277778
3155 0.552632
3156 0.129032
3157 0.137363
3158 0.313653
3159 0.533333
3160 0.506849
3161 0.381356
3162 0.466258
3163 0.625
3164 0.874372
3165 0.672414
3166 0.685039
3167 0.788135
3168 0.235294
3169 0.2
3170 0.380952
3171 0.604651
3172 0.336066
3173 0.269767
3174 0.396104
3175 0.581047
3176 0.590909
3177 0.459259
3178 0.521978
3179 0.659389
3180 0.891304
3181 0.707692
3182 0.714286
3183 0.805825
3184 0.75
3185 0.5
3186 0.583333
3187 0.75
3188 0.655629
3189 0.5
3190 0.568116
3191 0.71267
3192 0.796117
3193 0.631579
3194 0.661692
3195 0.772
3196 1.02299
3197 0.833333
3198 0.823529
3199 0.897849
3200 -0.25
3201 0.0769231
3202 0.357143
3203 0.633663
3204 0.25
3205 0.206897
3206 0.380597
3207 0.60221
3208 0.632353
3209 0.454545
3210 0.530675
3211 0.688836
3212 1
3213 0.75
3214 0.75
3215 0.85
3216 -0.113208
3217 0.06
3218 0.303644
3219 0.55814
3220 0.181818
3221 0.173077
3222 0.333333
3223 0.539604
3224 0.51497
3225 0.394737
3226 0.473973
3227 0.625
3228 0.857143
3229 0.666667
3230 0.679245
3231 0.778626
3232 0.280488
3233 0.229508
3234 0.394366
3235 0.605195
3236 0.357143
3237 0.289256
3238 0.406977
3239 0.58296
3240 0.590856
3241 0.465116
3242 0.524752
3243 0.656805
3244 0.875
3245 0.7
3246 0.706897
3247 0.795775
3248 0.72973
3249 0.5
3250 0.579439
3251 0.739437
3252 0.647059
3253 0.5
3254 0.565445
3255 0.704918
3256 0.781632
3257 0.625
3258 0.654628
3259 0.761818
3260 1
3261 0.818182
3262 0.809524
3263 0.882353
3264 0.5
3265 0.304348
3266 0.5
3267 0.736842
3268 0.5
3269 0.366834
3270 0.5
3271 0.696296
3272 0.769231
3273 0.569231
3274 0.626374
3275 0.769231
3276 1.08333
3277 0.831776
3278 0.823944
3279 0.915254
3280 0.272727
3281 0.244186
3282 0.431655
3283 0.65625
3284 0.377953
3285 0.311966
3286 0.442815
3287 0.629464
3288 0.638298
3289 0.5
3290 0.564356
3291 0.703125
3292 0.939759
3293 0.74581
3294 0.751606
3295 0.84375
3296 0.5
3297 0.368932
3298 0.5
3299 0.690141
3300 0.5
3301 0.401487
3302 0.5
3303 0.661914
3304 0.690909
3305 0.554217
3306 0.603604
3307 0.726619
3308 0.946809
3309 0.76962
3310 0.771654
3311 0.855072
3312 0.857143
3313 0.6
3314 0.661017
3315 0.807692
3316 0.746032
3317 0.585526
3318 0.639618
3319 0.769663
3320 0.857143
3321 0.695652
3322 0.719008
3323 0.82
3324 1.05714
3325 0.875
3326 0.863388
3327 0.932432
3328 -4
3329 -0.0531915
3330 0.297297
3331 0.608696
3332 0.2
3333 0.131579
3334 0.327869
3335 0.571429
3336 0.666667
3337 0.42381
3338 0.49835
3339 0.666667
3340 1.06897
3341 0.753731
3342 0.740331
3343 0.842105
3344 -0.352941
3345 -0.0387597
3346 0.245536
3347 0.526646
3348 0.130435
3349 0.106383
3350 0.28169
3351 0.505263
3352 0.52
3353 0.360324
3354 0.438953
3355 0.598639
3356 0.894231
3357 0.660131
3358 0.663366
3359 0.76494
3360 0.292308
3361 0.182927
3362 0.357414
3363 0.582873
3364 0.354839
3365 0.25
3366 0.37037
3367 0.556604
3368 0.606557
3369 0.443662
3370 0.498701
3371 0.635802
3372 0.909091
3373 0.697674
3374 0.695067
3375 0.784672
3376 0.84375
3377 0.502513
3378 0.569536
3379 0.733333
3380 0.692308
3381 0.492308
3382 0.549451
3383 0.692308
3384 0.819444
3385 0.623053
3386 0.643192
3387 0.751412
3388 1.04348
3389 0.827225
3390 0.807377
3391 0.878788
3392 -1.5
3393 -0.172414
3394 0.185185
3395 0.493671
3396 3.14415e-13
3397 0.0280899
3398 0.232975
3399 0.473684
3400 0.492754
3401 0.316667
3402 0.403509
3403 0.572072
3404 0.904523
3405 0.639073
3406 0.639506
3407 0.744094
3408 -0.5
3409 -0.131579
3410 0.15625
3411 0.433333
3412 1.40421e-12
3413 0.0232558
3414 0.203125
3415 0.423529
3416 0.395349
3417 0.273381
3418 0.359375
3419 0.518367
3420 0.769231
3421 0.565982
3422 0.578125
3423 0.681081
3424 0.1
3425 0.0851064
3426 0.27027
3427 0.49505
3428 0.230769
3429 0.166667
3430 0.293629
3431 0.478723
3432 0.495146
3433 0.360759
3434 0.422535
3435 0.559702
3436 0.799257
3437 0.610526
3438 0.615071
3439 0.70598
3440 0.642857
3441 0.392857
3442 0.47619
3443 0.642857
3444 0.5625
3445 0.401384
3446 0.467662
3447 0.61165
3448 0.70837
3449 0.536723
3450 0.564103
3451 0.67354
3452 0.9375
3453 0.739857
3454 0.726592
3455 0.799692
3456 -0.551724
3457 -0.0652174
3458 0.230769
3459 0.511236
3460 0.106383
3461 0.0882353
3462 0.267516
3463 0.490566
3464 0.515723
3465 0.344444
3466 0.422572
3467 0.581301
3468 0.892857
3469 0.642857
3470 0.642857
3471 0.742857
3472 -0.258065
3473 -0.0514286
3474 0.197917
3475 0.453865
3476 0.078125
3477 0.0743802
3478 0.235955
3479 0.442553
3480 0.42268
3481 0.300971
3482 0.379717
3483 0.530612
3484 0.769231
3485 0.574468
3486 0.585366
3487 0.684211
3488 0.178947
3489 0.132075
3490 0.297872
3491 0.508969
3492 0.271605
3493 0.2
3494 0.316583
3495 0.492248
3496 0.510917
3497 0.37931
3498 0.436831
3499 0.568259
3500 0.797297
3501 0.615385
3502 0.619403
3503 0.707317
3504 0.648438
3505 0.409639
3506 0.486486
3507 0.645621
3508 0.571429
3509 0.415094
3510 0.477273
3511 0.615658
3512 0.708333
3513 0.542636
3514 0.568627
3515 0.674566
3516 0.927711
3517 0.736842
3518 0.724138
3519 0.795455
3520 0.285714
3521 0.175
3522 0.381295
3523 0.621212
3524 0.378378
3525 0.256522
3526 0.39255
3527 0.589744
3528 0.666667
3529 0.466667
3530 0.52381
3531 0.666667
3532 0.987999
3533 0.732432
3534 0.723014
3535 0.813725
3536 0.157895
3537 0.141414
3538 0.33125
3539 0.556561
3540 0.287671
3541 0.219331
3542 0.34949
3543 0.535922
3544 0.555556
3545 0.411765
3546 0.474138
3547 0.612245
3548 0.860168
3549 0.659367
3550 0.662313
3551 0.753404
3552 0.418182
3553 0.279661
3554 0.40884
3555 0.598361
3556 0.425414
3557 0.318182
3558 0.413793
3559 0.574733
3560 0.619048
3561 0.473684
3562 0.519685
3563 0.641509
3564 0.876178
3565 0.690265
3566 0.688468
3567 0.770423
3568 0.791667
3569 0.518248
3570 0.574257
3571 0.719101
3572 0.680556
3573 0.507205
3574 0.556485
3575 0.684729
3576 0.791667
3577 0.619048
3578 0.637681
3579 0.736842
3580 0.991677
3581 0.799189
3582 0.782748
3583 0.849802
3584 -2.5
3585 -0.0707965
3586 0.272727
3587 0.577982
3588 0.166667
3589 0.111111
3590 0.305556
3591 0.545455
3592 0.630435
3593 0.396761
3594 0.47191
3595 0.63871
3596 1.02941
3597 0.719745
3598 0.707547
3599 0.808989
3600 -0.365854
3601 -0.0526316
3602 0.228137
3603 0.505348
3604 0.111111
3605 0.0909091
3606 0.26506
3607 0.486486
3608 0.497143
3609 0.340278
3610 0.418953
3611 0.577821
3612 0.867769
3613 0.634831
3614 0.638298
3615 0.739726
3616 0.263158
3617 0.162304
3618 0.336601
3619 0.56057
3620 0.333333
3621 0.230769
3622 0.351064
3623 0.536585
3624 0.584906
3625 0.422492
3626 0.477578
3627 0.614565
3628 0.885714
3629 0.673367
3630 0.670543
3631 0.760252
3632 0.810811
3633 0.473913
3634 0.541547
3635 0.705128
3636 0.666667
3637 0.466667
3638 0.52381
3639 0.666667
3640 0.795181
3641 0.597297
3642 0.617108
3643 0.72549
3644 1.01887
3645 0.8
3646 0.779359
3647 0.850877
3648 -1.4
3649 -0.176471
3650 0.174603
3651 0.478261
3652 -0.0111111
3653 0.0193237
3654 0.222222
3655 0.460317
3656 0.475
3657 0.302158
3658 0.388889
3659 0.55642
3660 0.882609
3661 0.618911
3662 0.619658
3663 0.72402
3664 -0.5
3665 -0.136364
3666 0.148649
3667 0.423077
3668 -0.00787402
3669 0.016129
3670 0.195122
3671 0.414286
3672 0.383838
3673 0.2625
3674 0.348416
3675 0.507092
3676 0.754647
3677 0.55102
3678 0.563107
3679 0.666144
3680 0.0869565
3681 0.0740741
3682 0.258824
3683 0.482759
3684 0.219512
3685 0.155709
3686 0.282609
3687 0.467532
3688 0.483051
3689 0.348066
3690 0.409836
3691 0.547231
3692 0.785714
3693 0.595402
3694 0.599644
3695 0.690856
3696 0.625
3697 0.375
3698 0.458333
3699 0.625
3700 0.547264
3701 0.384848
3702 0.45098
3703 0.595238
3704 0.693431
3705 0.519802
3706 0.546816
3707 0.656627
3708 0.92219
3709 0.721757
3710 0.707718
3711 0.781081
3712 -0.558824
3713 -0.0754717
3714 0.21831
3715 0.496333
3716 0.0925926
3717 0.0769231
3718 0.255556
3719 0.477366
3720 0.5
3721 0.330097
3722 0.408257
3723 0.566607
3724 0.875
3725 0.625
3726 0.625
3727 0.725
3728 -0.267606
3729 -0.06
3730 0.18845
3731 0.443231
3732 0.0684932
3733 0.0652174
3734 0.226601
3735 0.432836
3736 0.411765
3737 0.289773
3738 0.36853
3739 0.519544
3740 0.756757
3741 0.560748
3742 0.571429
3743 0.67052
3744 0.166667
3745 0.120332
3746 0.286096
3747 0.497041
3748 0.26087
3749 0.188716
3750 0.30531
3751 0.481229
3752 0.5
3753 0.367089
3754 0.424528
3755 0.556391
3756 0.785714
3757 0.601695
3758 0.605263
3759 0.693548
3760 0.634483
3761 0.393617
3762 0.470167
3763 0.629496
3764 0.558559
3765 0.40002
3766 0.461847
3767 0.600629
3768 0.695652
3769 0.527397
3770 0.55286
3771 0.659218
3772 0.914894
3773 0.72093
3774 0.707317
3775 0.778894
3776 0.25
3777 0.153846
3778 0.360759
3779 0.6
3780 0.357143
3781 0.237548
3782 0.373737
3783 0.570621
3784 0.647059
3785 0.447059
3786 0.504202
3787 0.647059
3788 0.968085
3789 0.711217
3790 0.701439
3791 0.792208
3792 0.139535
3793 0.125
3794 0.314917
3795 0.54
3796 0.272727
3797 0.203947
3798 0.334086
3799 0.520619
3800 0.540984
3801 0.395833
3802 0.458015
3803 0.596386
3804 0.845201
3805 0.642241
3806 0.644628
3807 0.735925
3808 0.403226
3809 0.263158
3810 0.392157
3811 0.581818
3812 0.411765
3813 0.302594
3814 0.397959
3815 0.559242
3816 0.605634
3817 0.457944
3818 0.503497
3819 0.625698
3820 0.862637
3821 0.67387
3822 0.671254
3823 0.753442
3824 0.777778
3825 0.5
3826 0.555066
3827 0.7
3828 0.666667
3829 0.489744
3830 0.538175
3831 0.666667
3832 0.777778
3833 0.601695
3834 0.619355
3835 0.71875
3836 0.977778
3837 0.781588
3838 0.763869
3839 0.830986
3840 -1
3841 0.0454545
3842 0.352941
3843 0.642857
3844 0.285714
3845 0.192308
3846 0.373494
3847 0.605263
3848 0.698113
3849 0.457746
3850 0.528117
3851 0.691011
3852 1.07692
3853 0.766667
3854 0.753086
3855 0.852941
3856 -0.1875
3857 0.0342857
3858 0.298013
3859 0.566434
3860 0.193548
3861 0.15873
3862 0.326316
3863 0.543307
3864 0.555
3865 0.395137
3866 0.471616
3867 0.62862
3868 0.913043
3869 0.679803
3870 0.682836
3871 0.783784
3872 0.344828
3873 0.224771
3874 0.39255
3875 0.6125
3876 0.390244
3877 0.283784
3878 0.401869
3879 0.585714
3880 0.630705
3881 0.467914
3882 0.522682
3883 0.659375
3884 0.924528
3885 0.712389
3886 0.709898
3887 0.8
3888 0.857143
3889 0.517241
3890 0.583333
3891 0.745763
3892 0.705882
3893 0.505882
3894 0.563025
3895 0.705882
3896 0.829787
3897 0.632458
3898 0.652878
3899 0.761905
3900 1.05
3901 0.831325
3902 0.811321
3903 0.883721
3904 -1
3905 -0.0769231
3906 0.25
3907 0.542857
3908 0.0873786
3909 0.0932203
3910 0.287263
3911 0.51992
3912 0.538462
3913 0.360759
3914 0.444444
3915 0.609589
3916 0.931035
3917 0.666667
3918 0.666667
3919 0.77027
3920 -0.375
3921 -0.06
3922 0.214286
3923 0.483051
3924 0.0625
3925 0.0782918
3926 0.253589
3927 0.47027
3928 0.4375
3929 0.314917
3930 0.4
3931 0.557994
3932 0.799342
3933 0.595937
3934 0.608247
3935 0.711512
3936 0.153846
3937 0.131148
3938 0.3125
3939 0.534351
3940 0.27027
3941 0.205468
3942 0.331906
3943 0.516447
3944 0.526316
3945 0.392157
3946 0.454545
3947 0.592486
3948 0.824207
3949 0.634694
3950 0.63981
3951 0.731959
3952 0.666667
3953 0.416667
3954 0.5
3955 0.666667
3956 0.584071
3957 0.423152
3958 0.49031
3959 0.635401
3960 0.727273
3961 0.555066
3962 0.583333
3963 0.69437
3964 0.953846
3965 0.75419
3966 0.741228
3967 0.815884
3968 -0.384615
3969 -7.98028e-12
3970 0.280374
3971 0.551948
3972 0.163934
3973 0.136364
3974 0.310345
3975 0.529197
3976 0.55122
3977 0.37931
3978 0.456212
3979 0.613565
3980 0.916667
3981 0.666667
3982 0.666667
3983 0.766667
3984 -0.1875
3985 1.87406e-12
3986 0.243243
3987 0.495146
3988 0.121951
3989 0.116129
3990 0.276316
3991 0.481728
3992 0.455645
3993 0.334177
3994 0.413284
3995 0.564586
3996 0.795181
3997 0.6
3998 0.611465
3999 0.71134
4000 0.214876
4001 0.166667
4002 0.331742
4003 0.542253
4004 0.300971
4005 0.230337
4006 0.347826
4007 0.52439
4008 0.536082
4009 0.404977
4010 0.463744
4011 0.596774
4012 0.819149
4013 0.636364
4014 0.641176
4015 0.730769
4016 0.666667
4017 0.428571
4018 0.50641
4019 0.666667
4020 0.58871
4021 0.432836
4022 0.496403
4023 0.63662
4024 0.724551
4025 0.558282
4026 0.585404
4027 0.693367
4028 0.942857
4029 0.75
4030 0.737705
4031 0.810811
4032 0.333333
4033 0.205882
4034 0.406829
4035 0.642857
4036 0.404255
4037 0.280822
4038 0.41535
4039 0.611111
4040 0.684211
4041 0.484211
4042 0.541353
4043 0.684211
4044 1
4045 0.74359
4046 0.7343
4047 0.825581
4048 0.1875
4049 0.168
4050 0.356464
4051 0.580645
4052 0.309783
4053 0.241888
4054 0.37247
4055 0.559322
4056 0.573529
4057 0.429907
4058 0.493151
4059 0.632432
4060 0.875
4061 0.673114
4062 0.676558
4063 0.768953
4064 0.434783
4065 0.297297
4066 0.42733
4067 0.617647
4068 0.440529
4069 0.334197
4070 0.431193
4071 0.59375
4072 0.632911
4073 0.487395
4074 0.534591
4075 0.658291
4076 0.888889
4077 0.701413
4078 0.700138
4079 0.783784
4080 0.8
4081 0.526316
4082 0.583344
4083 0.72973
4084 0.688889
4085 0.515012
4086 0.565436
4087 0.695652
4088 0.8
4089 0.625954
4090 0.645349
4091 0.746479
4092 1
4093 0.804878
4094 0.788462
4095 0.857143
