#CSC Position Offset LUT
#Structure is comparator code (iCC) -> Stub position offset
#iCC bits: 12
#<header> v1.0 12 32 </header>
0 0
1 0
2 0
3 0
4 0
5 -2.250000
6 -2.750000
7 -3.250000
8 0
9 -1.250000
10 -1.750000
11 -2.250000
12 0
13 -0.250000
14 -0.750000
15 -1.250000
16 0
17 -1.750000
18 -1.750000
19 -1.750000
20 -1.750000
21 -1.833330
22 -1.916670
23 -2.000000
24 -1.750000
25 -1.666670
26 -1.750000
27 -1.833330
28 -1.750000
29 -1.500000
30 -1.583330
31 -1.666670
32 0
33 -1.250000
34 -1.250000
35 -1.250000
36 -1.250000
37 -1.416670
38 -1.500000
39 -1.583330
40 -1.250000
41 -1.250000
42 -1.333330
43 -1.416670
44 -1.250000
45 -1.083330
46 -1.166670
47 -1.250000
48 0
49 -0.750000
50 -0.750000
51 -0.750000
52 -0.750000
53 -1.000000
54 -1.083330
55 -1.166670
56 -0.750000
57 -0.833333
58 -0.916667
59 -1.000000
60 -0.750000
61 -0.666667
62 -0.750000
63 -0.833333
64 0
65 -1.583330
66 -1.416670
67 -1.250000
68 -1.750000
69 -1.678570
70 -1.607140
71 -1.535710
72 -1.500000
73 -1.535710
74 -1.464290
75 -1.392860
76 -1.250000
77 -1.392860
78 -1.321430
79 -1.250000
80 -1.750000
81 -1.642860
82 -1.535710
83 -1.428570
84 -1.750000
85 -1.700000
86 -1.650000
87 -1.600000
88 -1.583330
89 -1.600000
90 -1.550000
91 -1.500000
92 -1.416670
93 -1.500000
94 -1.450000
95 -1.400000
96 -1.250000
97 -1.464290
98 -1.357140
99 -1.250000
100 -1.583330
101 -1.550000
102 -1.500000
103 -1.450000
104 -1.416670
105 -1.450000
106 -1.400000
107 -1.350000
108 -1.250000
109 -1.350000
110 -1.300000
111 -1.250000
112 -0.750000
113 -1.285710
114 -1.178570
115 -1.071430
116 -1.416670
117 -1.400000
118 -1.350000
119 -1.300000
120 -1.250000
121 -1.300000
122 -1.250000
123 -1.200000
124 -1.083330
125 -1.200000
126 -1.150000
127 -1.100000
128 0
129 -1.250000
130 -1.083330
131 -0.916667
132 -1.500000
133 -1.392860
134 -1.321430
135 -1.250000
136 -1.250000
137 -1.250000
138 -1.178570
139 -1.107140
140 -1.000000
141 -1.107140
142 -1.035710
143 -0.964286
144 -1.750000
145 -1.428570
146 -1.321430
147 -1.214290
148 -1.583330
149 -1.500000
150 -1.450000
151 -1.400000
152 -1.416670
153 -1.400000
154 -1.350000
155 -1.300000
156 -1.250000
157 -1.300000
158 -1.250000
159 -1.200000
160 -1.250000
161 -1.250000
162 -1.142860
163 -1.035710
164 -1.416670
165 -1.350000
166 -1.300000
167 -1.250000
168 -1.250000
169 -1.250000
170 -1.200000
171 -1.150000
172 -1.083330
173 -1.150000
174 -1.100000
175 -1.050000
176 -0.750000
177 -1.071430
178 -0.964286
179 -0.857143
180 -1.250000
181 -1.200000
182 -1.150000
183 -1.100000
184 -1.083330
185 -1.100000
186 -1.050000
187 -1.000000
188 -0.916667
189 -1.000000
190 -0.950000
191 -0.900000
192 0
193 -0.916667
194 -0.750000
195 -0.583333
196 -1.250000
197 -1.107140
198 -1.035710
199 -0.964286
200 -1.000000
201 -0.964286
202 -0.892857
203 -0.821429
204 -0.750000
205 -0.821429
206 -0.750000
207 -0.678571
208 -1.750000
209 -1.214290
210 -1.107140
211 -1.000000
212 -1.416670
213 -1.300000
214 -1.250000
215 -1.200000
216 -1.250000
217 -1.200000
218 -1.150000
219 -1.100000
220 -1.083330
221 -1.100000
222 -1.050000
223 -1.000000
224 -1.250000
225 -1.035710
226 -0.928571
227 -0.821429
228 -1.250000
229 -1.150000
230 -1.100000
231 -1.050000
232 -1.083330
233 -1.050000
234 -1.000000
235 -0.950000
236 -0.916667
237 -0.950000
238 -0.900000
239 -0.850000
240 -0.750000
241 -0.857143
242 -0.750000
243 -0.642857
244 -1.083330
245 -1.000000
246 -0.950000
247 -0.900000
248 -0.916667
249 -0.900000
250 -0.850000
251 -0.800000
252 -0.750000
253 -0.800000
254 -0.750000
255 -0.700000
256 0
257 -1.500000
258 -1.250000
259 -1.000000
260 -1.750000
261 -1.615380
262 -1.480770
263 -1.346150
264 -1.416670
265 -1.461540
266 -1.326920
267 -1.192310
268 -1.083330
269 -1.307690
270 -1.173080
271 -1.038460
272 -1.750000
273 -1.583330
274 -1.416670
275 -1.250000
276 -1.750000
277 -1.650000
278 -1.550000
279 -1.450000
280 -1.535710
281 -1.535710
282 -1.435710
283 -1.335710
284 -1.321430
285 -1.421430
286 -1.321430
287 -1.221430
288 -1.250000
289 -1.416670
290 -1.250000
291 -1.083330
292 -1.571430
293 -1.521430
294 -1.421430
295 -1.321430
296 -1.357140
297 -1.407140
298 -1.307140
299 -1.207140
300 -1.142860
301 -1.292860
302 -1.192860
303 -1.092860
304 -0.750000
305 -1.250000
306 -1.083330
307 -0.916667
308 -1.392860
309 -1.392860
310 -1.292860
311 -1.192860
312 -1.178570
313 -1.278570
314 -1.178570
315 -1.078570
316 -0.964286
317 -1.164290
318 -1.064290
319 -0.964286
320 -1.750000
321 -1.538460
322 -1.326920
323 -1.115380
324 -1.750000
325 -1.625000
326 -1.500000
327 -1.375000
328 -1.464290
329 -1.500000
330 -1.375000
331 -1.250000
332 -1.178570
333 -1.375000
334 -1.250000
335 -1.125000
336 -1.750000
337 -1.592860
338 -1.435710
339 -1.278570
340 -1.750000
341 -1.650000
342 -1.550000
343 -1.450000
344 -1.550000
345 -1.550000
346 -1.450000
347 -1.350000
348 -1.350000
349 -1.450000
350 -1.350000
351 -1.250000
352 -1.333330
353 -1.464290
354 -1.307140
355 -1.150000
356 -1.600000
357 -1.550000
358 -1.450000
359 -1.350000
360 -1.400000
361 -1.450000
362 -1.350000
363 -1.250000
364 -1.200000
365 -1.350000
366 -1.250000
367 -1.150000
368 -0.916667
369 -1.335710
370 -1.178570
371 -1.021430
372 -1.450000
373 -1.450000
374 -1.350000
375 -1.250000
376 -1.250000
377 -1.350000
378 -1.250000
379 -1.150000
380 -1.050000
381 -1.250000
382 -1.150000
383 -1.050000
384 -0.750000
385 -1.384620
386 -1.173080
387 -0.961538
388 -1.607140
389 -1.500000
390 -1.375000
391 -1.250000
392 -1.321430
393 -1.375000
394 -1.250000
395 -1.125000
396 -1.035710
397 -1.250000
398 -1.125000
399 -1.000000
400 -1.583330
401 -1.478570
402 -1.321430
403 -1.164290
404 -1.650000
405 -1.550000
406 -1.450000
407 -1.350000
408 -1.450000
409 -1.450000
410 -1.350000
411 -1.250000
412 -1.250000
413 -1.350000
414 -1.250000
415 -1.150000
416 -1.166670
417 -1.350000
418 -1.192860
419 -1.035710
420 -1.500000
421 -1.450000
422 -1.350000
423 -1.250000
424 -1.300000
425 -1.350000
426 -1.250000
427 -1.150000
428 -1.100000
429 -1.250000
430 -1.150000
431 -1.050000
432 -0.750000
433 -1.221430
434 -1.064290
435 -0.907143
436 -1.350000
437 -1.350000
438 -1.250000
439 -1.150000
440 -1.150000
441 -1.250000
442 -1.150000
443 -1.050000
444 -0.950000
445 -1.150000
446 -1.050000
447 -0.950000
448 0.250000
449 -1.230770
450 -1.019230
451 -0.807692
452 -1.464290
453 -1.375000
454 -1.250000
455 -1.125000
456 -1.178570
457 -1.250000
458 -1.125000
459 -1.000000
460 -0.892857
461 -1.125000
462 -1.000000
463 -0.875000
464 -1.416670
465 -1.364290
466 -1.207140
467 -1.050000
468 -1.550000
469 -1.450000
470 -1.350000
471 -1.250000
472 -1.350000
473 -1.350000
474 -1.250000
475 -1.150000
476 -1.150000
477 -1.250000
478 -1.150000
479 -1.050000
480 -1.000000
481 -1.235710
482 -1.078570
483 -0.921429
484 -1.400000
485 -1.350000
486 -1.250000
487 -1.150000
488 -1.200000
489 -1.250000
490 -1.150000
491 -1.050000
492 -1.000000
493 -1.150000
494 -1.050000
495 -0.950000
496 -0.583333
497 -1.107140
498 -0.950000
499 -0.792854
500 -1.250000
501 -1.250000
502 -1.150000
503 -1.050000
504 -1.050000
505 -1.150000
506 -1.050000
507 -0.950000
508 -0.850000
509 -1.050000
510 -0.950000
511 -0.850000
512 0
513 -1.250000
514 -1.000000
515 -0.750000
516 -1.583330
517 -1.403850
518 -1.269230
519 -1.134620
520 -1.250000
521 -1.250000
522 -1.115380
523 -0.980769
524 -0.916667
525 -1.096150
526 -0.961538
527 -0.826923
528 -1.750000
529 -1.416670
530 -1.250000
531 -1.083330
532 -1.642860
533 -1.492860
534 -1.392860
535 -1.292860
536 -1.428570
537 -1.378570
538 -1.278570
539 -1.178570
540 -1.214290
541 -1.264290
542 -1.164290
543 -1.064290
544 -1.250000
545 -1.250000
546 -1.083330
547 -0.916667
548 -1.464290
549 -1.364290
550 -1.264290
551 -1.164290
552 -1.250000
553 -1.250000
554 -1.150000
555 -1.050000
556 -1.035710
557 -1.135710
558 -1.035710
559 -0.935714
560 -0.750000
561 -1.083330
562 -0.916667
563 -0.750000
564 -1.285710
565 -1.235710
566 -1.135710
567 -1.035710
568 -1.071430
569 -1.121430
570 -1.021430
571 -0.921429
572 -0.857143
573 -1.007140
574 -0.907143
575 -0.807143
576 -2.250000
577 -1.403850
578 -1.192310
579 -0.980769
580 -1.678570
581 -1.500000
582 -1.375000
583 -1.250000
584 -1.392860
585 -1.375000
586 -1.250000
587 -1.125000
588 -1.107140
589 -1.250000
590 -1.125000
591 -1.000000
592 -1.833330
593 -1.492860
594 -1.335710
595 -1.178570
596 -1.700000
597 -1.550000
598 -1.450000
599 -1.350000
600 -1.500000
601 -1.450000
602 -1.350000
603 -1.250000
604 -1.300000
605 -1.350000
606 -1.250000
607 -1.150000
608 -1.416670
609 -1.364290
610 -1.207140
611 -1.050000
612 -1.550000
613 -1.450000
614 -1.350000
615 -1.250000
616 -1.350000
617 -1.350000
618 -1.250000
619 -1.150000
620 -1.150000
621 -1.250000
622 -1.150000
623 -1.050000
624 -1.000000
625 -1.235710
626 -1.078570
627 -0.921429
628 -1.400000
629 -1.350000
630 -1.250000
631 -1.150000
632 -1.200000
633 -1.250000
634 -1.150000
635 -1.050000
636 -1.000000
637 -1.150000
638 -1.050000
639 -0.950000
640 -1.250000
641 -1.250000
642 -1.038460
643 -0.826912
644 -1.535710
645 -1.375000
646 -1.250000
647 -1.125000
648 -1.250000
649 -1.250000
650 -1.125000
651 -1.000000
652 -0.964286
653 -1.125000
654 -1.000000
655 -0.875000
656 -1.666670
657 -1.378570
658 -1.221430
659 -1.064290
660 -1.600000
661 -1.450000
662 -1.350000
663 -1.250000
664 -1.400000
665 -1.350000
666 -1.250000
667 -1.150000
668 -1.200000
669 -1.250000
670 -1.150000
671 -1.050000
672 -1.250000
673 -1.250000
674 -1.092860
675 -0.935714
676 -1.450000
677 -1.350000
678 -1.250000
679 -1.150000
680 -1.250000
681 -1.250000
682 -1.150000
683 -1.050000
684 -1.050000
685 -1.150000
686 -1.050000
687 -0.950000
688 -0.833333
689 -1.121430
690 -0.964286
691 -0.807140
692 -1.300000
693 -1.250000
694 -1.150000
695 -1.050000
696 -1.100000
697 -1.150000
698 -1.050000
699 -0.950000
700 -0.900000
701 -1.050000
702 -0.950000
703 -0.850000
704 -0.250000
705 -1.096150
706 -0.884610
707 -0.673077
708 -1.392860
709 -1.250000
710 -1.125000
711 -1.000000
712 -1.107140
713 -1.125000
714 -1.000000
715 -0.875000
716 -0.821429
717 -1.000000
718 -0.875000
719 -0.750000
720 -1.500000
721 -1.264290
722 -1.107140
723 -0.950000
724 -1.500000
725 -1.350000
726 -1.250000
727 -1.150000
728 -1.300000
729 -1.250000
730 -1.150000
731 -1.050000
732 -1.100000
733 -1.150000
734 -1.050000
735 -0.950000
736 -1.083330
737 -1.135710
738 -0.978571
739 -0.821427
740 -1.350000
741 -1.250000
742 -1.150000
743 -1.050000
744 -1.150000
745 -1.150000
746 -1.050000
747 -0.950000
748 -0.950000
749 -1.050000
750 -0.950000
751 -0.850000
752 -0.666667
753 -1.007140
754 -0.849999
755 -0.692857
756 -1.200000
757 -1.150000
758 -1.050000
759 -0.950000
760 -1.000000
761 -1.050000
762 -0.950000
763 -0.850000
764 -0.800000
765 -0.950000
766 -0.850000
767 -0.750000
768 0
769 -1.000000
770 -0.750000
771 -0.500000
772 -1.416670
773 -1.192310
774 -1.057690
775 -0.923077
776 -1.083330
777 -1.038460
778 -0.903846
779 -0.769231
780 -0.750000
781 -0.884615
782 -0.750000
783 -0.615390
784 -1.750000
785 -1.250000
786 -1.083330
787 -0.916667
788 -1.535710
789 -1.335710
790 -1.235710
791 -1.135710
792 -1.321430
793 -1.221430
794 -1.121430
795 -1.021430
796 -1.107140
797 -1.107140
798 -1.007140
799 -0.907143
800 -1.250000
801 -1.083330
802 -0.916667
803 -0.750000
804 -1.357140
805 -1.207140
806 -1.107140
807 -1.007140
808 -1.142860
809 -1.092860
810 -0.992857
811 -0.892857
812 -0.928571
813 -0.978571
814 -0.878571
815 -0.778571
816 -0.750000
817 -0.916667
818 -0.750000
819 -0.583333
820 -1.178570
821 -1.078570
822 -0.978571
823 -0.878571
824 -0.964286
825 -0.964286
826 -0.864286
827 -0.764286
828 -0.750000
829 -0.850000
830 -0.750000
831 -0.650001
832 -2.750000
833 -1.269230
834 -1.057690
835 -0.846145
836 -1.607140
837 -1.375000
838 -1.250000
839 -1.125000
840 -1.321430
841 -1.250000
842 -1.125000
843 -1.000000
844 -1.035710
845 -1.125000
846 -1.000000
847 -0.875000
848 -1.916670
849 -1.392860
850 -1.235710
851 -1.078570
852 -1.650000
853 -1.450000
854 -1.350000
855 -1.250000
856 -1.450000
857 -1.350000
858 -1.250000
859 -1.150000
860 -1.250000
861 -1.250000
862 -1.150000
863 -1.050000
864 -1.500000
865 -1.264290
866 -1.107140
867 -0.950000
868 -1.500000
869 -1.350000
870 -1.250000
871 -1.150000
872 -1.300000
873 -1.250000
874 -1.150000
875 -1.050000
876 -1.100000
877 -1.150000
878 -1.050000
879 -0.950000
880 -1.083330
881 -1.135710
882 -0.978571
883 -0.821427
884 -1.350000
885 -1.250000
886 -1.150000
887 -1.050000
888 -1.150000
889 -1.150000
890 -1.050000
891 -0.950000
892 -0.950000
893 -1.050000
894 -0.950000
895 -0.850000
896 -1.750000
897 -1.115380
898 -0.903842
899 -0.692308
900 -1.464290
901 -1.250000
902 -1.125000
903 -1.000000
904 -1.178570
905 -1.125000
906 -1.000000
907 -0.875000
908 -0.892857
909 -1.000000
910 -0.875000
911 -0.750000
912 -1.750000
913 -1.278570
914 -1.121430
915 -0.964286
916 -1.550000
917 -1.350000
918 -1.250000
919 -1.150000
920 -1.350000
921 -1.250000
922 -1.150000
923 -1.050000
924 -1.150000
925 -1.150000
926 -1.050000
927 -0.950000
928 -1.333330
929 -1.150000
930 -0.992857
931 -0.835713
932 -1.400000
933 -1.250000
934 -1.150000
935 -1.050000
936 -1.200000
937 -1.150000
938 -1.050000
939 -0.950000
940 -1.000000
941 -1.050000
942 -0.950000
943 -0.850000
944 -0.916667
945 -1.021430
946 -0.864285
947 -0.707143
948 -1.250000
949 -1.150000
950 -1.050000
951 -0.950000
952 -1.050000
953 -1.050000
954 -0.950000
955 -0.850000
956 -0.850000
957 -0.950000
958 -0.850000
959 -0.750000
960 -0.750000
961 -0.961536
962 -0.750000
963 -0.538462
964 -1.321430
965 -1.125000
966 -1.000000
967 -0.875000
968 -1.035710
969 -1.000000
970 -0.875000
971 -0.750000
972 -0.750000
973 -0.875000
974 -0.750000
975 -0.625000
976 -1.583330
977 -1.164290
978 -1.007140
979 -0.849999
980 -1.450000
981 -1.250000
982 -1.150000
983 -1.050000
984 -1.250000
985 -1.150000
986 -1.050000
987 -0.950000
988 -1.050000
989 -1.050000
990 -0.950000
991 -0.850000
992 -1.166670
993 -1.035710
994 -0.878571
995 -0.721429
996 -1.300000
997 -1.150000
998 -1.050000
999 -0.950000
1000 -1.100000
1001 -1.050000
1002 -0.950000
1003 -0.850000
1004 -0.900000
1005 -0.950000
1006 -0.850000
1007 -0.750000
1008 -0.750000
1009 -0.907142
1010 -0.750000
1011 -0.592857
1012 -1.150000
1013 -1.050000
1014 -0.950000
1015 -0.850000
1016 -0.950000
1017 -0.950000
1018 -0.850000
1019 -0.750000
1020 -0.750000
1021 -0.850000
1022 -0.750000
1023 -0.650000
1024 0
1025 -1.650000
1026 -1.350000
1027 -1.050000
1028 -1.875000
1029 -1.750000
1030 -1.583330
1031 -1.416670
1032 -1.500000
1033 -1.583330
1034 -1.416670
1035 -1.250000
1036 -1.125000
1037 -1.416670
1038 -1.250000
1039 -1.083330
1040 -1.750000
1041 -1.684210
1042 -1.486840
1043 -1.289470
1044 -1.826920
1045 -1.750000
1046 -1.625000
1047 -1.500000
1048 -1.596150
1049 -1.625000
1050 -1.500000
1051 -1.375000
1052 -1.365380
1053 -1.500000
1054 -1.375000
1055 -1.250000
1056 -1.250000
1057 -1.513160
1058 -1.315790
1059 -1.118420
1060 -1.634620
1061 -1.625000
1062 -1.500000
1063 -1.375000
1064 -1.403850
1065 -1.500000
1066 -1.375000
1067 -1.250000
1068 -1.173080
1069 -1.375000
1070 -1.250000
1071 -1.125000
1072 -0.750000
1073 -1.342110
1074 -1.144740
1075 -0.947368
1076 -1.442310
1077 -1.500000
1078 -1.375000
1079 -1.250000
1080 -1.211540
1081 -1.375000
1082 -1.250000
1083 -1.125000
1084 -0.980769
1085 -1.250000
1086 -1.125000
1087 -1.000000
1088 -1.500000
1089 -1.618420
1090 -1.381580
1091 -1.144740
1092 -1.791670
1093 -1.707630
1094 -1.563560
1095 -1.419490
1096 -1.500000
1097 -1.572030
1098 -1.427970
1099 -1.283900
1100 -1.208330
1101 -1.436440
1102 -1.292370
1103 -1.148310
1104 -1.678570
1105 -1.653850
1106 -1.480770
1107 -1.307690
1108 -1.778570
1109 -1.716220
1110 -1.601350
1111 -1.486490
1112 -1.578570
1113 -1.608110
1114 -1.493240
1115 -1.378380
1116 -1.378570
1117 -1.500000
1118 -1.385140
1119 -1.270270
1120 -1.321430
1121 -1.519230
1122 -1.346150
1123 -1.173080
1124 -1.621430
1125 -1.614860
1126 -1.500000
1127 -1.385140
1128 -1.421430
1129 -1.506760
1130 -1.391890
1131 -1.277030
1132 -1.221430
1133 -1.398650
1134 -1.283780
1135 -1.168920
1136 -0.964286
1137 -1.384620
1138 -1.211540
1139 -1.038460
1140 -1.464290
1141 -1.513510
1142 -1.398650
1143 -1.283780
1144 -1.264290
1145 -1.405410
1146 -1.290540
1147 -1.175680
1148 -1.064290
1149 -1.297300
1150 -1.182430
1151 -1.067570
1152 -0.750000
1153 -1.460530
1154 -1.223680
1155 -0.986842
1156 -1.625000
1157 -1.588980
1158 -1.444920
1159 -1.300850
1160 -1.333330
1161 -1.453390
1162 -1.309320
1163 -1.165250
1164 -1.041670
1165 -1.317800
1166 -1.173730
1167 -1.029660
1168 -1.464290
1169 -1.538460
1170 -1.365380
1171 -1.192310
1172 -1.664290
1173 -1.621620
1174 -1.506760
1175 -1.391890
1176 -1.464290
1177 -1.513510
1178 -1.398650
1179 -1.283780
1180 -1.264290
1181 -1.405410
1182 -1.290540
1183 -1.175680
1184 -1.107140
1185 -1.403850
1186 -1.230770
1187 -1.057690
1188 -1.507140
1189 -1.520270
1190 -1.405410
1191 -1.290540
1192 -1.307140
1193 -1.412160
1194 -1.297300
1195 -1.182430
1196 -1.107140
1197 -1.304050
1198 -1.189190
1199 -1.074320
1200 -0.750000
1201 -1.269230
1202 -1.096150
1203 -0.923077
1204 -1.350000
1205 -1.418920
1206 -1.304050
1207 -1.189190
1208 -1.150000
1209 -1.310810
1210 -1.195950
1211 -1.081080
1212 -0.950000
1213 -1.202700
1214 -1.087840
1215 -0.972973
1216 0.000000
1217 -1.302630
1218 -1.065790
1219 -0.828947
1220 -1.458330
1221 -1.470340
1222 -1.326270
1223 -1.182200
1224 -1.166670
1225 -1.334750
1226 -1.190680
1227 -1.046610
1228 -0.875000
1229 -1.199150
1230 -1.055080
1231 -0.911017
1232 -1.250000
1233 -1.423080
1234 -1.250000
1235 -1.076920
1236 -1.550000
1237 -1.527030
1238 -1.412160
1239 -1.297300
1240 -1.350000
1241 -1.418920
1242 -1.304050
1243 -1.189190
1244 -1.150000
1245 -1.310810
1246 -1.195950
1247 -1.081080
1248 -0.892857
1249 -1.288460
1250 -1.115380
1251 -0.942308
1252 -1.392860
1253 -1.425680
1254 -1.310810
1255 -1.195950
1256 -1.192860
1257 -1.317570
1258 -1.202700
1259 -1.087840
1260 -0.992857
1261 -1.209460
1262 -1.094590
1263 -0.979730
1264 -0.535714
1265 -1.153850
1266 -0.980754
1267 -0.807692
1268 -1.235710
1269 -1.324320
1270 -1.209460
1271 -1.094590
1272 -1.035710
1273 -1.216220
1274 -1.101350
1275 -0.986486
1276 -0.835714
1277 -1.108110
1278 -0.993243
1279 -0.878378
1280 -0.750000
1281 -1.571430
1282 -1.297620
1283 -1.023810
1284 -1.788460
1285 -1.676470
1286 -1.514710
1287 -1.352940
1288 -1.442310
1289 -1.529410
1290 -1.367650
1291 -1.205880
1292 -1.096150
1293 -1.382350
1294 -1.220590
1295 -1.058820
1296 -1.678570
1297 -1.622880
1298 -1.427970
1299 -1.233050
1300 -1.775000
1301 -1.691860
1302 -1.563950
1303 -1.436050
1304 -1.550000
1305 -1.575580
1306 -1.447670
1307 -1.319770
1308 -1.325000
1309 -1.459300
1310 -1.331400
1311 -1.203490
1312 -1.214290
1313 -1.478810
1314 -1.283900
1315 -1.088980
1316 -1.600000
1317 -1.587210
1318 -1.459300
1319 -1.331400
1320 -1.375000
1321 -1.470930
1322 -1.343020
1323 -1.215120
1324 -1.150000
1325 -1.354650
1326 -1.226740
1327 -1.098840
1328 -0.750000
1329 -1.334750
1330 -1.139830
1331 -0.944915
1332 -1.425000
1333 -1.482560
1334 -1.354650
1335 -1.226740
1336 -1.200000
1337 -1.366280
1338 -1.238370
1339 -1.110460
1340 -0.975000
1341 -1.250000
1342 -1.122090
1343 -0.994186
1344 -1.416670
1345 -1.571430
1346 -1.339290
1347 -1.107140
1348 -1.750000
1349 -1.662790
1350 -1.517440
1351 -1.372090
1352 -1.464290
1353 -1.534880
1354 -1.389530
1355 -1.244190
1356 -1.178570
1357 -1.406980
1358 -1.261630
1359 -1.116280
1360 -1.650000
1361 -1.614860
1362 -1.439190
1363 -1.263510
1364 -1.750000
1365 -1.678570
1366 -1.559520
1367 -1.440480
1368 -1.550000
1369 -1.573810
1370 -1.454760
1371 -1.335710
1372 -1.350000
1373 -1.469050
1374 -1.350000
1375 -1.230950
1376 -1.300000
1377 -1.493240
1378 -1.317570
1379 -1.141890
1380 -1.600000
1381 -1.588100
1382 -1.469050
1383 -1.350000
1384 -1.400000
1385 -1.483330
1386 -1.364290
1387 -1.245240
1388 -1.200000
1389 -1.378570
1390 -1.259520
1391 -1.140470
1392 -0.950000
1393 -1.371620
1394 -1.195950
1395 -1.020270
1396 -1.450000
1397 -1.497620
1398 -1.378570
1399 -1.259520
1400 -1.250000
1401 -1.392860
1402 -1.273810
1403 -1.154760
1404 -1.050000
1405 -1.288100
1406 -1.169050
1407 -1.050000
1408 -0.750000
1409 -1.446430
1410 -1.214290
1411 -0.982143
1412 -1.607140
1413 -1.569770
1414 -1.424420
1415 -1.279070
1416 -1.321430
1417 -1.441860
1418 -1.296510
1419 -1.151160
1420 -1.035710
1421 -1.313950
1422 -1.168600
1423 -1.023260
1424 -1.450000
1425 -1.520270
1426 -1.344590
1427 -1.168920
1428 -1.650000
1429 -1.602380
1430 -1.483330
1431 -1.364290
1432 -1.450000
1433 -1.497620
1434 -1.378570
1435 -1.259520
1436 -1.250000
1437 -1.392860
1438 -1.273810
1439 -1.154760
1440 -1.100000
1441 -1.398650
1442 -1.222970
1443 -1.047300
1444 -1.500000
1445 -1.511900
1446 -1.392860
1447 -1.273810
1448 -1.300000
1449 -1.407140
1450 -1.288100
1451 -1.169050
1452 -1.100000
1453 -1.302380
1454 -1.183330
1455 -1.064290
1456 -0.750000
1457 -1.277030
1458 -1.101350
1459 -0.925676
1460 -1.350000
1461 -1.421430
1462 -1.302380
1463 -1.183330
1464 -1.150000
1465 -1.316670
1466 -1.197620
1467 -1.078570
1468 -0.950000
1469 -1.211900
1470 -1.092860
1471 -0.973803
1472 -0.083333
1473 -1.321430
1474 -1.089290
1475 -0.857143
1476 -1.464290
1477 -1.476740
1478 -1.331390
1479 -1.186050
1480 -1.178570
1481 -1.348830
1482 -1.203490
1483 -1.058130
1484 -0.892857
1485 -1.220930
1486 -1.075570
1487 -0.930233
1488 -1.250000
1489 -1.425680
1490 -1.250000
1491 -1.074320
1492 -1.550000
1493 -1.526190
1494 -1.407140
1495 -1.288100
1496 -1.350000
1497 -1.421430
1498 -1.302380
1499 -1.183330
1500 -1.150000
1501 -1.316670
1502 -1.197620
1503 -1.078570
1504 -0.900000
1505 -1.304050
1506 -1.128380
1507 -0.952703
1508 -1.400000
1509 -1.435710
1510 -1.316670
1511 -1.197620
1512 -1.200000
1513 -1.330950
1514 -1.211900
1515 -1.092860
1516 -1.000000
1517 -1.226190
1518 -1.107140
1519 -0.988089
1520 -0.550000
1521 -1.182430
1522 -1.006760
1523 -0.831081
1524 -1.250000
1525 -1.345240
1526 -1.226190
1527 -1.107140
1528 -1.050000
1529 -1.240480
1530 -1.121430
1531 -1.002380
1532 -0.850000
1533 -1.135710
1534 -1.016660
1535 -0.897619
1536 0.750000
1537 -1.440480
1538 -1.166670
1539 -0.892857
1540 -1.673080
1541 -1.573530
1542 -1.411760
1543 -1.250000
1544 -1.326920
1545 -1.426470
1546 -1.264710
1547 -1.102940
1548 -0.980769
1549 -1.279410
1550 -1.117650
1551 -0.955876
1552 -1.571430
1553 -1.529660
1554 -1.334750
1555 -1.139830
1556 -1.700000
1557 -1.610470
1558 -1.482560
1559 -1.354650
1560 -1.475000
1561 -1.494190
1562 -1.366280
1563 -1.238370
1564 -1.250000
1565 -1.377910
1566 -1.250000
1567 -1.122090
1568 -1.107140
1569 -1.385590
1570 -1.190680
1571 -0.995763
1572 -1.525000
1573 -1.505810
1574 -1.377910
1575 -1.250000
1576 -1.300000
1577 -1.389530
1578 -1.261630
1579 -1.133720
1580 -1.075000
1581 -1.273260
1582 -1.145350
1583 -1.017440
1584 -0.642857
1585 -1.241530
1586 -1.046610
1587 -0.851695
1588 -1.350000
1589 -1.401160
1590 -1.273260
1591 -1.145350
1592 -1.125000
1593 -1.284880
1594 -1.156980
1595 -1.029070
1596 -0.900000
1597 -1.168600
1598 -1.040700
1599 -0.912789
1600 -1.250000
1601 -1.482140
1602 -1.250000
1603 -1.017860
1604 -1.678570
1605 -1.587210
1606 -1.441860
1607 -1.296510
1608 -1.392860
1609 -1.459300
1610 -1.313950
1611 -1.168600
1612 -1.107140
1613 -1.331390
1614 -1.186050
1615 -1.040680
1616 -1.600000
1617 -1.547300
1618 -1.371620
1619 -1.195950
1620 -1.700000
1621 -1.616670
1622 -1.497620
1623 -1.378570
1624 -1.500000
1625 -1.511900
1626 -1.392860
1627 -1.273810
1628 -1.300000
1629 -1.407140
1630 -1.288100
1631 -1.169050
1632 -1.250000
1633 -1.425680
1634 -1.250000
1635 -1.074320
1636 -1.550000
1637 -1.526190
1638 -1.407140
1639 -1.288100
1640 -1.350000
1641 -1.421430
1642 -1.302380
1643 -1.183330
1644 -1.150000
1645 -1.316670
1646 -1.197620
1647 -1.078570
1648 -0.900000
1649 -1.304050
1650 -1.128380
1651 -0.952703
1652 -1.400000
1653 -1.435710
1654 -1.316670
1655 -1.197620
1656 -1.200000
1657 -1.330950
1658 -1.211900
1659 -1.092860
1660 -1.000000
1661 -1.226190
1662 -1.107140
1663 -0.988089
1664 -0.583333
1665 -1.357140
1666 -1.125000
1667 -0.892857
1668 -1.535710
1669 -1.494190
1670 -1.348830
1671 -1.203490
1672 -1.250000
1673 -1.366280
1674 -1.220930
1675 -1.075570
1676 -0.964286
1677 -1.238370
1678 -1.093010
1679 -0.947674
1680 -1.400000
1681 -1.452700
1682 -1.277030
1683 -1.101350
1684 -1.600000
1685 -1.540480
1686 -1.421430
1687 -1.302380
1688 -1.400000
1689 -1.435710
1690 -1.316670
1691 -1.197620
1692 -1.200000
1693 -1.330950
1694 -1.211900
1695 -1.092860
1696 -1.050000
1697 -1.331080
1698 -1.155410
1699 -0.979730
1700 -1.450000
1701 -1.450000
1702 -1.330950
1703 -1.211900
1704 -1.250000
1705 -1.345240
1706 -1.226190
1707 -1.107140
1708 -1.050000
1709 -1.240480
1710 -1.121430
1711 -1.002380
1712 -0.700000
1713 -1.209460
1714 -1.033780
1715 -0.858108
1716 -1.300000
1717 -1.359520
1718 -1.240480
1719 -1.121430
1720 -1.100000
1721 -1.254760
1722 -1.135710
1723 -1.016660
1724 -0.900000
1725 -1.150000
1726 -1.030950
1727 -0.911905
1728 0.083333
1729 -1.232140
1730 -1.000000
1731 -0.767857
1732 -1.392860
1733 -1.401160
1734 -1.255810
1735 -1.110460
1736 -1.107140
1737 -1.273260
1738 -1.127900
1739 -0.982558
1740 -0.821429
1741 -1.145340
1742 -1.000000
1743 -0.854651
1744 -1.200000
1745 -1.358110
1746 -1.182430
1747 -1.006760
1748 -1.500000
1749 -1.464290
1750 -1.345240
1751 -1.226190
1752 -1.300000
1753 -1.359520
1754 -1.240480
1755 -1.121430
1756 -1.100000
1757 -1.254760
1758 -1.135710
1759 -1.016660
1760 -0.850000
1761 -1.236490
1762 -1.060810
1763 -0.885135
1764 -1.350000
1765 -1.373810
1766 -1.254760
1767 -1.135710
1768 -1.150000
1769 -1.269050
1770 -1.150000
1771 -1.030950
1772 -0.950000
1773 -1.164290
1774 -1.045230
1775 -0.926190
1776 -0.500000
1777 -1.114860
1778 -0.939189
1779 -0.763514
1780 -1.200000
1781 -1.283330
1782 -1.164290
1783 -1.045230
1784 -1.000000
1785 -1.178570
1786 -1.059520
1787 -0.940476
1788 -0.800000
1789 -1.073810
1790 -0.954762
1791 -0.835714
1792 2.250000
1793 -1.309520
1794 -1.035710
1795 -0.761905
1796 -1.557690
1797 -1.470590
1798 -1.308820
1799 -1.147060
1800 -1.211540
1801 -1.323530
1802 -1.161760
1803 -0.999996
1804 -0.865385
1805 -1.176470
1806 -1.014700
1807 -0.852941
1808 -1.464290
1809 -1.436440
1810 -1.241530
1811 -1.046610
1812 -1.625000
1813 -1.529070
1814 -1.401160
1815 -1.273260
1816 -1.400000
1817 -1.412790
1818 -1.284880
1819 -1.156980
1820 -1.175000
1821 -1.296510
1822 -1.168600
1823 -1.040700
1824 -1.000000
1825 -1.292370
1826 -1.097460
1827 -0.902542
1828 -1.450000
1829 -1.424420
1830 -1.296510
1831 -1.168600
1832 -1.225000
1833 -1.308140
1834 -1.180230
1835 -1.052330
1836 -1.000000
1837 -1.191860
1838 -1.063950
1839 -0.936045
1840 -0.535714
1841 -1.148310
1842 -0.953390
1843 -0.758475
1844 -1.275000
1845 -1.319770
1846 -1.191860
1847 -1.063950
1848 -1.050000
1849 -1.203490
1850 -1.075580
1851 -0.947673
1852 -0.825000
1853 -1.087210
1854 -0.959301
1855 -0.831395
1856 -1.083330
1857 -1.392860
1858 -1.160710
1859 -0.928571
1860 -1.607140
1861 -1.511630
1862 -1.366280
1863 -1.220930
1864 -1.321430
1865 -1.383720
1866 -1.238370
1867 -1.093010
1868 -1.035710
1869 -1.255810
1870 -1.110460
1871 -0.965116
1872 -1.550000
1873 -1.479730
1874 -1.304050
1875 -1.128380
1876 -1.650000
1877 -1.554760
1878 -1.435710
1879 -1.316670
1880 -1.450000
1881 -1.450000
1882 -1.330950
1883 -1.211900
1884 -1.250000
1885 -1.345240
1886 -1.226190
1887 -1.107140
1888 -1.200000
1889 -1.358110
1890 -1.182430
1891 -1.006760
1892 -1.500000
1893 -1.464290
1894 -1.345240
1895 -1.226190
1896 -1.300000
1897 -1.359520
1898 -1.240480
1899 -1.121430
1900 -1.100000
1901 -1.254760
1902 -1.135710
1903 -1.016660
1904 -0.850000
1905 -1.236490
1906 -1.060810
1907 -0.885135
1908 -1.350000
1909 -1.373810
1910 -1.254760
1911 -1.135710
1912 -1.150000
1913 -1.269050
1914 -1.150000
1915 -1.030950
1916 -0.950000
1917 -1.164290
1918 -1.045230
1919 -0.926190
1920 -0.416667
1921 -1.267860
1922 -1.035710
1923 -0.803571
1924 -1.464290
1925 -1.418600
1926 -1.273260
1927 -1.127900
1928 -1.178570
1929 -1.290700
1930 -1.145340
1931 -1.000000
1932 -0.892857
1933 -1.162780
1934 -1.017440
1935 -0.872093
1936 -1.350000
1937 -1.385140
1938 -1.209460
1939 -1.033780
1940 -1.550000
1941 -1.478570
1942 -1.359520
1943 -1.240480
1944 -1.350000
1945 -1.373810
1946 -1.254760
1947 -1.135710
1948 -1.150000
1949 -1.269050
1950 -1.150000
1951 -1.030950
1952 -1.000000
1953 -1.263510
1954 -1.087840
1955 -0.912162
1956 -1.400000
1957 -1.388100
1958 -1.269050
1959 -1.150000
1960 -1.200000
1961 -1.283330
1962 -1.164290
1963 -1.045230
1964 -1.000000
1965 -1.178570
1966 -1.059520
1967 -0.940476
1968 -0.650000
1969 -1.141890
1970 -0.966216
1971 -0.790541
1972 -1.250000
1973 -1.297620
1974 -1.178570
1975 -1.059520
1976 -1.050000
1977 -1.192860
1978 -1.073810
1979 -0.954762
1980 -0.850000
1981 -1.088090
1982 -0.969048
1983 -0.850000
1984 0.250000
1985 -1.142860
1986 -0.910714
1987 -0.678571
1988 -1.321430
1989 -1.325580
1990 -1.180230
1991 -1.034880
1992 -1.035710
1993 -1.197670
1994 -1.052330
1995 -0.906977
1996 -0.750000
1997 -1.069770
1998 -0.924419
1999 -0.779070
2000 -1.150000
2001 -1.290540
2002 -1.114860
2003 -0.939189
2004 -1.450000
2005 -1.402380
2006 -1.283330
2007 -1.164290
2008 -1.250000
2009 -1.297620
2010 -1.178570
2011 -1.059520
2012 -1.050000
2013 -1.192860
2014 -1.073810
2015 -0.954762
2016 -0.800000
2017 -1.168920
2018 -0.993243
2019 -0.817568
2020 -1.300000
2021 -1.311900
2022 -1.192860
2023 -1.073810
2024 -1.100000
2025 -1.207140
2026 -1.088090
2027 -0.969048
2028 -0.900000
2029 -1.102380
2030 -0.983333
2031 -0.864286
2032 -0.450000
2033 -1.047300
2034 -0.871622
2035 -0.695946
2036 -1.150000
2037 -1.221430
2038 -1.102380
2039 -0.983333
2040 -0.950000
2041 -1.116660
2042 -0.997619
2043 -0.878571
2044 -0.750000
2045 -1.011900
2046 -0.892857
2047 -0.773810
2048 0
2049 -1.450000
2050 -1.150000
2051 -0.850000
2052 -1.750000
2053 -1.583330
2054 -1.416670
2055 -1.250000
2056 -1.375000
2057 -1.416670
2058 -1.250000
2059 -1.083330
2060 -1.000000
2061 -1.250000
2062 -1.083330
2063 -0.916667
2064 -1.750000
2065 -1.552630
2066 -1.355260
2067 -1.157890
2068 -1.750000
2069 -1.625000
2070 -1.500000
2071 -1.375000
2072 -1.519230
2073 -1.500000
2074 -1.375000
2075 -1.250000
2076 -1.288460
2077 -1.375000
2078 -1.250000
2079 -1.125000
2080 -1.250000
2081 -1.381580
2082 -1.184210
2083 -0.986842
2084 -1.557690
2085 -1.500000
2086 -1.375000
2087 -1.250000
2088 -1.326920
2089 -1.375000
2090 -1.250000
2091 -1.125000
2092 -1.096150
2093 -1.250000
2094 -1.125000
2095 -1.000000
2096 -0.750000
2097 -1.210530
2098 -1.013160
2099 -0.815787
2100 -1.365380
2101 -1.375000
2102 -1.250000
2103 -1.125000
2104 -1.134620
2105 -1.250000
2106 -1.125000
2107 -1.000000
2108 -0.903846
2109 -1.125000
2110 -1.000000
2111 -0.875000
2112 -1.750000
2113 -1.513160
2114 -1.276320
2115 -1.039470
2116 -1.750000
2117 -1.605930
2118 -1.461860
2119 -1.317800
2120 -1.458330
2121 -1.470340
2122 -1.326270
2123 -1.182200
2124 -1.166670
2125 -1.334750
2126 -1.190680
2127 -1.046610
2128 -1.750000
2129 -1.576920
2130 -1.403850
2131 -1.230770
2132 -1.750000
2133 -1.635140
2134 -1.520270
2135 -1.405410
2136 -1.550000
2137 -1.527030
2138 -1.412160
2139 -1.297300
2140 -1.350000
2141 -1.418920
2142 -1.304050
2143 -1.189190
2144 -1.392860
2145 -1.442310
2146 -1.269230
2147 -1.096150
2148 -1.592860
2149 -1.533780
2150 -1.418920
2151 -1.304050
2152 -1.392860
2153 -1.425680
2154 -1.310810
2155 -1.195950
2156 -1.192860
2157 -1.317570
2158 -1.202700
2159 -1.087840
2160 -1.035710
2161 -1.307690
2162 -1.134620
2163 -0.961538
2164 -1.435710
2165 -1.432430
2166 -1.317570
2167 -1.202700
2168 -1.235710
2169 -1.324320
2170 -1.209460
2171 -1.094590
2172 -1.035710
2173 -1.216220
2174 -1.101350
2175 -0.986486
2176 -1.000000
2177 -1.355260
2178 -1.118420
2179 -0.881579
2180 -1.583330
2181 -1.487290
2182 -1.343220
2183 -1.199150
2184 -1.291670
2185 -1.351690
2186 -1.207630
2187 -1.063560
2188 -1.000000
2189 -1.216100
2190 -1.072030
2191 -0.927966
2192 -1.535710
2193 -1.461540
2194 -1.288460
2195 -1.115380
2196 -1.635710
2197 -1.540540
2198 -1.425680
2199 -1.310810
2200 -1.435710
2201 -1.432430
2202 -1.317570
2203 -1.202700
2204 -1.235710
2205 -1.324320
2206 -1.209460
2207 -1.094590
2208 -1.178570
2209 -1.326920
2210 -1.153850
2211 -0.980754
2212 -1.478570
2213 -1.439190
2214 -1.324320
2215 -1.209460
2216 -1.278570
2217 -1.331080
2218 -1.216220
2219 -1.101350
2220 -1.078570
2221 -1.222970
2222 -1.108110
2223 -0.993243
2224 -0.821429
2225 -1.192310
2226 -1.019220
2227 -0.846154
2228 -1.321430
2229 -1.337840
2230 -1.222970
2231 -1.108110
2232 -1.121430
2233 -1.229730
2234 -1.114860
2235 -1.000000
2236 -0.921429
2237 -1.121620
2238 -1.006760
2239 -0.891892
2240 -0.250000
2241 -1.197370
2242 -0.960526
2243 -0.723684
2244 -1.416670
2245 -1.368640
2246 -1.224580
2247 -1.080510
2248 -1.125000
2249 -1.233050
2250 -1.088980
2251 -0.944915
2252 -0.833333
2253 -1.097460
2254 -0.953390
2255 -0.809322
2256 -1.321430
2257 -1.346150
2258 -1.173080
2259 -0.999987
2260 -1.521430
2261 -1.445950
2262 -1.331080
2263 -1.216220
2264 -1.321430
2265 -1.337840
2266 -1.222970
2267 -1.108110
2268 -1.121430
2269 -1.229730
2270 -1.114860
2271 -1.000000
2272 -0.964286
2273 -1.211540
2274 -1.038450
2275 -0.865385
2276 -1.364290
2277 -1.344590
2278 -1.229730
2279 -1.114860
2280 -1.164290
2281 -1.236490
2282 -1.121620
2283 -1.006760
2284 -0.964286
2285 -1.128380
2286 -1.013510
2287 -0.898649
2288 -0.607143
2289 -1.076920
2290 -0.903846
2291 -0.730769
2292 -1.207140
2293 -1.243240
2294 -1.128380
2295 -1.013510
2296 -1.007140
2297 -1.135140
2298 -1.020270
2299 -0.905405
2300 -0.807143
2301 -1.027030
2302 -0.912162
2303 -0.797297
2304 -1.750000
2305 -1.476190
2306 -1.202380
2307 -0.928571
2308 -1.750000
2309 -1.588240
2310 -1.426470
2311 -1.264710
2312 -1.403850
2313 -1.441180
2314 -1.279410
2315 -1.117650
2316 -1.057690
2317 -1.294120
2318 -1.132350
2319 -0.970583
2320 -1.750000
2321 -1.555080
2322 -1.360170
2323 -1.165250
2324 -1.750000
2325 -1.622090
2326 -1.494190
2327 -1.366280
2328 -1.525000
2329 -1.505810
2330 -1.377910
2331 -1.250000
2332 -1.300000
2333 -1.389530
2334 -1.261630
2335 -1.133720
2336 -1.285710
2337 -1.411020
2338 -1.216100
2339 -1.021190
2340 -1.575000
2341 -1.517440
2342 -1.389530
2343 -1.261630
2344 -1.350000
2345 -1.401160
2346 -1.273260
2347 -1.145350
2348 -1.125000
2349 -1.284880
2350 -1.156980
2351 -1.029070
2352 -0.821429
2353 -1.266950
2354 -1.072030
2355 -0.877119
2356 -1.400000
2357 -1.412790
2358 -1.284880
2359 -1.156980
2360 -1.175000
2361 -1.296510
2362 -1.168600
2363 -1.040700
2364 -0.950000
2365 -1.180230
2366 -1.052330
2367 -0.924417
2368 -1.750000
2369 -1.517860
2370 -1.285710
2371 -1.053570
2372 -1.750000
2373 -1.604650
2374 -1.459300
2375 -1.313950
2376 -1.464290
2377 -1.476740
2378 -1.331390
2379 -1.186050
2380 -1.178570
2381 -1.348830
2382 -1.203490
2383 -1.058130
2384 -1.750000
2385 -1.574320
2386 -1.398650
2387 -1.222970
2388 -1.750000
2389 -1.630950
2390 -1.511900
2391 -1.392860
2392 -1.550000
2393 -1.526190
2394 -1.407140
2395 -1.288100
2396 -1.350000
2397 -1.421430
2398 -1.302380
2399 -1.183330
2400 -1.400000
2401 -1.452700
2402 -1.277030
2403 -1.101350
2404 -1.600000
2405 -1.540480
2406 -1.421430
2407 -1.302380
2408 -1.400000
2409 -1.435710
2410 -1.316670
2411 -1.197620
2412 -1.200000
2413 -1.330950
2414 -1.211900
2415 -1.092860
2416 -1.050000
2417 -1.331080
2418 -1.155410
2419 -0.979730
2420 -1.450000
2421 -1.450000
2422 -1.330950
2423 -1.211900
2424 -1.250000
2425 -1.345240
2426 -1.226190
2427 -1.107140
2428 -1.050000
2429 -1.240480
2430 -1.121430
2431 -1.002380
2432 -1.083330
2433 -1.392860
2434 -1.160710
2435 -0.928571
2436 -1.607140
2437 -1.511630
2438 -1.366280
2439 -1.220930
2440 -1.321430
2441 -1.383720
2442 -1.238370
2443 -1.093010
2444 -1.035710
2445 -1.255810
2446 -1.110460
2447 -0.965116
2448 -1.550000
2449 -1.479730
2450 -1.304050
2451 -1.128380
2452 -1.650000
2453 -1.554760
2454 -1.435710
2455 -1.316670
2456 -1.450000
2457 -1.450000
2458 -1.330950
2459 -1.211900
2460 -1.250000
2461 -1.345240
2462 -1.226190
2463 -1.107140
2464 -1.200000
2465 -1.358110
2466 -1.182430
2467 -1.006760
2468 -1.500000
2469 -1.464290
2470 -1.345240
2471 -1.226190
2472 -1.300000
2473 -1.359520
2474 -1.240480
2475 -1.121430
2476 -1.100000
2477 -1.254760
2478 -1.135710
2479 -1.016660
2480 -0.850000
2481 -1.236490
2482 -1.060810
2483 -0.885135
2484 -1.350000
2485 -1.373810
2486 -1.254760
2487 -1.135710
2488 -1.150000
2489 -1.269050
2490 -1.150000
2491 -1.030950
2492 -0.950000
2493 -1.164290
2494 -1.045230
2495 -0.926190
2496 -0.416667
2497 -1.267860
2498 -1.035710
2499 -0.803571
2500 -1.464290
2501 -1.418600
2502 -1.273260
2503 -1.127900
2504 -1.178570
2505 -1.290700
2506 -1.145340
2507 -1.000000
2508 -0.892857
2509 -1.162780
2510 -1.017440
2511 -0.872093
2512 -1.350000
2513 -1.385140
2514 -1.209460
2515 -1.033780
2516 -1.550000
2517 -1.478570
2518 -1.359520
2519 -1.240480
2520 -1.350000
2521 -1.373810
2522 -1.254760
2523 -1.135710
2524 -1.150000
2525 -1.269050
2526 -1.150000
2527 -1.030950
2528 -1.000000
2529 -1.263510
2530 -1.087840
2531 -0.912162
2532 -1.400000
2533 -1.388100
2534 -1.269050
2535 -1.150000
2536 -1.200000
2537 -1.283330
2538 -1.164290
2539 -1.045230
2540 -1.000000
2541 -1.178570
2542 -1.059520
2543 -0.940476
2544 -0.650000
2545 -1.141890
2546 -0.966216
2547 -0.790541
2548 -1.250000
2549 -1.297620
2550 -1.178570
2551 -1.059520
2552 -1.050000
2553 -1.192860
2554 -1.073810
2555 -0.954762
2556 -0.850000
2557 -1.088090
2558 -0.969048
2559 -0.850000
2560 -0.250000
2561 -1.345240
2562 -1.071430
2563 -0.797619
2564 -1.634620
2565 -1.485290
2566 -1.323530
2567 -1.161760
2568 -1.288460
2569 -1.338230
2570 -1.176470
2571 -1.014700
2572 -0.942308
2573 -1.191180
2574 -1.029410
2575 -0.867647
2576 -1.642860
2577 -1.461860
2578 -1.266950
2579 -1.072030
2580 -1.675000
2581 -1.540700
2582 -1.412790
2583 -1.284880
2584 -1.450000
2585 -1.424420
2586 -1.296510
2587 -1.168600
2588 -1.225000
2589 -1.308140
2590 -1.180230
2591 -1.052330
2592 -1.178570
2593 -1.317800
2594 -1.122880
2595 -0.927966
2596 -1.500000
2597 -1.436050
2598 -1.308140
2599 -1.180230
2600 -1.275000
2601 -1.319770
2602 -1.191860
2603 -1.063950
2604 -1.050000
2605 -1.203490
2606 -1.075580
2607 -0.947673
2608 -0.714286
2609 -1.173730
2610 -0.978814
2611 -0.783898
2612 -1.325000
2613 -1.331400
2614 -1.203490
2615 -1.075580
2616 -1.100000
2617 -1.215120
2618 -1.087210
2619 -0.959301
2620 -0.875000
2621 -1.098840
2622 -0.970929
2623 -0.843023
2624 -1.583330
2625 -1.428570
2626 -1.196430
2627 -0.964286
2628 -1.678570
2629 -1.529070
2630 -1.383720
2631 -1.238370
2632 -1.392860
2633 -1.401160
2634 -1.255810
2635 -1.110460
2636 -1.107140
2637 -1.273260
2638 -1.127900
2639 -0.982558
2640 -1.700000
2641 -1.506760
2642 -1.331080
2643 -1.155410
2644 -1.700000
2645 -1.569050
2646 -1.450000
2647 -1.330950
2648 -1.500000
2649 -1.464290
2650 -1.345240
2651 -1.226190
2652 -1.300000
2653 -1.359520
2654 -1.240480
2655 -1.121430
2656 -1.350000
2657 -1.385140
2658 -1.209460
2659 -1.033780
2660 -1.550000
2661 -1.478570
2662 -1.359520
2663 -1.240480
2664 -1.350000
2665 -1.373810
2666 -1.254760
2667 -1.135710
2668 -1.150000
2669 -1.269050
2670 -1.150000
2671 -1.030950
2672 -1.000000
2673 -1.263510
2674 -1.087840
2675 -0.912162
2676 -1.400000
2677 -1.388100
2678 -1.269050
2679 -1.150000
2680 -1.200000
2681 -1.283330
2682 -1.164290
2683 -1.045230
2684 -1.000000
2685 -1.178570
2686 -1.059520
2687 -0.940476
2688 -0.916667
2689 -1.303570
2690 -1.071430
2691 -0.839286
2692 -1.535710
2693 -1.436040
2694 -1.290700
2695 -1.145340
2696 -1.250000
2697 -1.308140
2698 -1.162780
2699 -1.017440
2700 -0.964286
2701 -1.180230
2702 -1.034880
2703 -0.889535
2704 -1.500000
2705 -1.412160
2706 -1.236490
2707 -1.060810
2708 -1.600000
2709 -1.492860
2710 -1.373810
2711 -1.254760
2712 -1.400000
2713 -1.388100
2714 -1.269050
2715 -1.150000
2716 -1.200000
2717 -1.283330
2718 -1.164290
2719 -1.045230
2720 -1.150000
2721 -1.290540
2722 -1.114860
2723 -0.939189
2724 -1.450000
2725 -1.402380
2726 -1.283330
2727 -1.164290
2728 -1.250000
2729 -1.297620
2730 -1.178570
2731 -1.059520
2732 -1.050000
2733 -1.192860
2734 -1.073810
2735 -0.954762
2736 -0.800000
2737 -1.168920
2738 -0.993243
2739 -0.817568
2740 -1.300000
2741 -1.311900
2742 -1.192860
2743 -1.073810
2744 -1.100000
2745 -1.207140
2746 -1.088090
2747 -0.969048
2748 -0.900000
2749 -1.102380
2750 -0.983333
2751 -0.864286
2752 -0.250000
2753 -1.178570
2754 -0.946429
2755 -0.714286
2756 -1.392860
2757 -1.343020
2758 -1.197670
2759 -1.052330
2760 -1.107140
2761 -1.215110
2762 -1.069770
2763 -0.924419
2764 -0.821429
2765 -1.087210
2766 -0.941860
2767 -0.796512
2768 -1.300000
2769 -1.317570
2770 -1.141890
2771 -0.966216
2772 -1.500000
2773 -1.416670
2774 -1.297620
2775 -1.178570
2776 -1.300000
2777 -1.311900
2778 -1.192860
2779 -1.073810
2780 -1.100000
2781 -1.207140
2782 -1.088090
2783 -0.969048
2784 -0.950000
2785 -1.195950
2786 -1.020270
2787 -0.844595
2788 -1.350000
2789 -1.326190
2790 -1.207140
2791 -1.088090
2792 -1.150000
2793 -1.221430
2794 -1.102380
2795 -0.983333
2796 -0.950000
2797 -1.116660
2798 -0.997619
2799 -0.878571
2800 -0.600000
2801 -1.074320
2802 -0.898649
2803 -0.722973
2804 -1.200000
2805 -1.235710
2806 -1.116660
2807 -0.997619
2808 -1.000000
2809 -1.130950
2810 -1.011900
2811 -0.892857
2812 -0.800000
2813 -1.026190
2814 -0.907143
2815 -0.788095
2816 1.250000
2817 -1.214290
2818 -0.940476
2819 -0.666667
2820 -1.519230
2821 -1.382350
2822 -1.220590
2823 -1.058820
2824 -1.173080
2825 -1.235290
2826 -1.073530
2827 -0.911765
2828 -0.826923
2829 -1.088230
2830 -0.926471
2831 -0.764706
2832 -1.535710
2833 -1.368640
2834 -1.173730
2835 -0.978814
2836 -1.600000
2837 -1.459300
2838 -1.331400
2839 -1.203490
2840 -1.375000
2841 -1.343020
2842 -1.215120
2843 -1.087210
2844 -1.150000
2845 -1.226740
2846 -1.098840
2847 -0.970929
2848 -1.071430
2849 -1.224580
2850 -1.029660
2851 -0.834746
2852 -1.425000
2853 -1.354650
2854 -1.226740
2855 -1.098840
2856 -1.200000
2857 -1.238370
2858 -1.110470
2859 -0.982557
2860 -0.975000
2861 -1.122090
2862 -0.994185
2863 -0.866279
2864 -0.607143
2865 -1.080510
2866 -0.885593
2867 -0.690678
2868 -1.250000
2869 -1.250000
2870 -1.122090
2871 -0.994185
2872 -1.025000
2873 -1.133720
2874 -1.005810
2875 -0.877907
2876 -0.800000
2877 -1.017440
2878 -0.889518
2879 -0.761628
2880 -1.416670
2881 -1.339290
2882 -1.107140
2883 -0.875000
2884 -1.607140
2885 -1.453490
2886 -1.308140
2887 -1.162780
2888 -1.321430
2889 -1.325580
2890 -1.180230
2891 -1.034880
2892 -1.035710
2893 -1.197670
2894 -1.052330
2895 -0.906977
2896 -1.650000
2897 -1.439190
2898 -1.263510
2899 -1.087840
2900 -1.650000
2901 -1.507140
2902 -1.388100
2903 -1.269050
2904 -1.450000
2905 -1.402380
2906 -1.283330
2907 -1.164290
2908 -1.250000
2909 -1.297620
2910 -1.178570
2911 -1.059520
2912 -1.300000
2913 -1.317570
2914 -1.141890
2915 -0.966216
2916 -1.500000
2917 -1.416670
2918 -1.297620
2919 -1.178570
2920 -1.300000
2921 -1.311900
2922 -1.192860
2923 -1.073810
2924 -1.100000
2925 -1.207140
2926 -1.088090
2927 -0.969048
2928 -0.950000
2929 -1.195950
2930 -1.020270
2931 -0.844595
2932 -1.350000
2933 -1.326190
2934 -1.207140
2935 -1.088090
2936 -1.150000
2937 -1.221430
2938 -1.102380
2939 -0.983333
2940 -0.950000
2941 -1.116660
2942 -0.997619
2943 -0.878571
2944 -0.750000
2945 -1.214290
2946 -0.982143
2947 -0.750000
2948 -1.464290
2949 -1.360470
2950 -1.215110
2951 -1.069770
2952 -1.178570
2953 -1.232550
2954 -1.087210
2955 -0.941860
2956 -0.892857
2957 -1.104650
2958 -0.959302
2959 -0.813953
2960 -1.450000
2961 -1.344590
2962 -1.168920
2963 -0.993243
2964 -1.550000
2965 -1.430950
2966 -1.311900
2967 -1.192860
2968 -1.350000
2969 -1.326190
2970 -1.207140
2971 -1.088090
2972 -1.150000
2973 -1.221430
2974 -1.102380
2975 -0.983333
2976 -1.100000
2977 -1.222970
2978 -1.047300
2979 -0.871622
2980 -1.400000
2981 -1.340480
2982 -1.221430
2983 -1.102380
2984 -1.200000
2985 -1.235710
2986 -1.116660
2987 -0.997619
2988 -1.000000
2989 -1.130950
2990 -1.011900
2991 -0.892857
2992 -0.750000
2993 -1.101350
2994 -0.925676
2995 -0.750000
2996 -1.250000
2997 -1.250000
2998 -1.130950
2999 -1.011900
3000 -1.050000
3001 -1.145240
3002 -1.026190
3003 -0.907143
3004 -0.850000
3005 -1.040480
3006 -0.921429
3007 -0.802381
3008 -0.083333
3009 -1.089290
3010 -0.857143
3011 -0.625000
3012 -1.321430
3013 -1.267440
3014 -1.122090
3015 -0.976744
3016 -1.035710
3017 -1.139530
3018 -0.994186
3019 -0.848837
3020 -0.750000
3021 -1.011630
3022 -0.866279
3023 -0.720930
3024 -1.250000
3025 -1.250000
3026 -1.074320
3027 -0.898649
3028 -1.450000
3029 -1.354760
3030 -1.235710
3031 -1.116660
3032 -1.250000
3033 -1.250000
3034 -1.130950
3035 -1.011900
3036 -1.050000
3037 -1.145240
3038 -1.026190
3039 -0.907143
3040 -0.900000
3041 -1.128380
3042 -0.952703
3043 -0.777027
3044 -1.300000
3045 -1.264290
3046 -1.145240
3047 -1.026190
3048 -1.100000
3049 -1.159520
3050 -1.040480
3051 -0.921429
3052 -0.900000
3053 -1.054760
3054 -0.935714
3055 -0.816667
3056 -0.550000
3057 -1.006760
3058 -0.831081
3059 -0.655405
3060 -1.150000
3061 -1.173810
3062 -1.054760
3063 -0.935714
3064 -0.950000
3065 -1.069050
3066 -0.950000
3067 -0.830952
3068 -0.750000
3069 -0.964286
3070 -0.845238
3071 -0.726190
3072 0
3073 -1.250000
3074 -0.949990
3075 -0.650000
3076 -1.625000
3077 -1.416670
3078 -1.250000
3079 -1.083330
3080 -1.250000
3081 -1.250000
3082 -1.083330
3083 -0.916667
3084 -0.875000
3085 -1.083330
3086 -0.916667
3087 -0.750000
3088 -1.750000
3089 -1.421050
3090 -1.223680
3091 -1.026320
3092 -1.673080
3093 -1.500000
3094 -1.375000
3095 -1.250000
3096 -1.442310
3097 -1.375000
3098 -1.250000
3099 -1.125000
3100 -1.211540
3101 -1.250000
3102 -1.125000
3103 -1.000000
3104 -1.250000
3105 -1.250000
3106 -1.052630
3107 -0.855261
3108 -1.480770
3109 -1.375000
3110 -1.250000
3111 -1.125000
3112 -1.250000
3113 -1.250000
3114 -1.125000
3115 -1.000000
3116 -1.019230
3117 -1.125000
3118 -1.000000
3119 -0.875000
3120 -0.750000
3121 -1.078950
3122 -0.881578
3123 -0.684211
3124 -1.288460
3125 -1.250000
3126 -1.125000
3127 -1.000000
3128 -1.057690
3129 -1.125000
3130 -1.000000
3131 -0.875000
3132 -0.826923
3133 -1.000000
3134 -0.875000
3135 -0.750000
3136 -2.000000
3137 -1.407890
3138 -1.171050
3139 -0.934211
3140 -1.708330
3141 -1.504240
3142 -1.360170
3143 -1.216100
3144 -1.416670
3145 -1.368640
3146 -1.224580
3147 -1.080510
3148 -1.125000
3149 -1.233050
3150 -1.088980
3151 -0.944915
3152 -1.821430
3153 -1.500000
3154 -1.326920
3155 -1.153850
3156 -1.721430
3157 -1.554050
3158 -1.439190
3159 -1.324320
3160 -1.521430
3161 -1.445950
3162 -1.331080
3163 -1.216220
3164 -1.321430
3165 -1.337840
3166 -1.222970
3167 -1.108110
3168 -1.464290
3169 -1.365380
3170 -1.192310
3171 -1.019220
3172 -1.564290
3173 -1.452700
3174 -1.337840
3175 -1.222970
3176 -1.364290
3177 -1.344590
3178 -1.229730
3179 -1.114860
3180 -1.164290
3181 -1.236490
3182 -1.121620
3183 -1.006760
3184 -1.107140
3185 -1.230770
3186 -1.057680
3187 -0.884615
3188 -1.407140
3189 -1.351350
3190 -1.236490
3191 -1.121620
3192 -1.207140
3193 -1.243240
3194 -1.128380
3195 -1.013510
3196 -1.007140
3197 -1.135140
3198 -1.020270
3199 -0.905405
3200 -1.250000
3201 -1.249970
3202 -1.013160
3203 -0.776316
3204 -1.541670
3205 -1.385590
3206 -1.241530
3207 -1.097460
3208 -1.250000
3209 -1.250000
3210 -1.105930
3211 -0.961864
3212 -0.958333
3213 -1.114410
3214 -0.970339
3215 -0.826271
3216 -1.607140
3217 -1.384610
3218 -1.211540
3219 -1.038450
3220 -1.607140
3221 -1.459460
3222 -1.344590
3223 -1.229730
3224 -1.407140
3225 -1.351350
3226 -1.236490
3227 -1.121620
3228 -1.207140
3229 -1.243240
3230 -1.128380
3231 -1.013510
3232 -1.250000
3233 -1.250000
3234 -1.076920
3235 -0.903846
3236 -1.450000
3237 -1.358110
3238 -1.243240
3239 -1.128380
3240 -1.250000
3241 -1.250000
3242 -1.135140
3243 -1.020270
3244 -1.050000
3245 -1.141890
3246 -1.027030
3247 -0.912162
3248 -0.892857
3249 -1.115380
3250 -0.942308
3251 -0.769231
3252 -1.292860
3253 -1.256760
3254 -1.141890
3255 -1.027030
3256 -1.092860
3257 -1.148650
3258 -1.033780
3259 -0.918919
3260 -0.892857
3261 -1.040540
3262 -0.925676
3263 -0.810811
3264 -0.500000
3265 -1.092110
3266 -0.855263
3267 -0.618421
3268 -1.375000
3269 -1.266950
3270 -1.123010
3271 -0.978814
3272 -1.083330
3273 -1.131360
3274 -0.987288
3275 -0.843220
3276 -0.791667
3277 -0.995763
3278 -0.851695
3279 -0.707622
3280 -1.392860
3281 -1.269230
3282 -1.096150
3283 -0.923077
3284 -1.492860
3285 -1.364860
3286 -1.250000
3287 -1.135140
3288 -1.292860
3289 -1.256760
3290 -1.141890
3291 -1.027030
3292 -1.092860
3293 -1.148650
3294 -1.033780
3295 -0.918919
3296 -1.035710
3297 -1.134610
3298 -0.961538
3299 -0.788462
3300 -1.335710
3301 -1.263510
3302 -1.148650
3303 -1.033780
3304 -1.135710
3305 -1.155410
3306 -1.040540
3307 -0.925676
3308 -0.935714
3309 -1.047380
3310 -0.932432
3311 -0.817568
3312 -0.678571
3313 -1.000000
3314 -0.826923
3315 -0.653846
3316 -1.178570
3317 -1.162160
3318 -1.047380
3319 -0.932432
3320 -0.978571
3321 -1.054050
3322 -0.939189
3323 -0.824324
3324 -0.778571
3325 -0.945946
3326 -0.831081
3327 -0.716215
3328 -2.750000
3329 -1.380950
3330 -1.107140
3331 -0.833333
3332 -1.711540
3333 -1.500000
3334 -1.338230
3335 -1.176470
3336 -1.365380
3337 -1.352940
3338 -1.191180
3339 -1.029410
3340 -1.019230
3341 -1.205880
3342 -1.044110
3343 -0.882353
3344 -1.821430
3345 -1.487290
3346 -1.292370
3347 -1.097460
3348 -1.725000
3349 -1.552330
3350 -1.424420
3351 -1.296510
3352 -1.500000
3353 -1.436050
3354 -1.308140
3355 -1.180230
3356 -1.275000
3357 -1.319770
3358 -1.191860
3359 -1.063950
3360 -1.357140
3361 -1.343220
3362 -1.148310
3363 -0.953390
3364 -1.550000
3365 -1.447670
3366 -1.319770
3367 -1.191860
3368 -1.325000
3369 -1.331400
3370 -1.203490
3371 -1.075580
3372 -1.100000
3373 -1.215120
3374 -1.087210
3375 -0.959301
3376 -0.892857
3377 -1.199150
3378 -1.004240
3379 -0.809322
3380 -1.375000
3381 -1.343020
3382 -1.215120
3383 -1.087210
3384 -1.150000
3385 -1.226740
3386 -1.098840
3387 -0.970929
3388 -0.925000
3389 -1.110470
3390 -0.982557
3391 -0.854651
3392 -2.083330
3393 -1.464290
3394 -1.232140
3395 -1.000000
3396 -1.750000
3397 -1.546510
3398 -1.401160
3399 -1.255810
3400 -1.464290
3401 -1.418600
3402 -1.273260
3403 -1.127900
3404 -1.178570
3405 -1.290700
3406 -1.145340
3407 -1.000000
3408 -1.850000
3409 -1.533780
3410 -1.358110
3411 -1.182430
3412 -1.750000
3413 -1.583330
3414 -1.464290
3415 -1.345240
3416 -1.550000
3417 -1.478570
3418 -1.359520
3419 -1.240480
3420 -1.350000
3421 -1.373810
3422 -1.254760
3423 -1.135710
3424 -1.500000
3425 -1.412160
3426 -1.236490
3427 -1.060810
3428 -1.600000
3429 -1.492860
3430 -1.373810
3431 -1.254760
3432 -1.400000
3433 -1.388100
3434 -1.269050
3435 -1.150000
3436 -1.200000
3437 -1.283330
3438 -1.164290
3439 -1.045230
3440 -1.150000
3441 -1.290540
3442 -1.114860
3443 -0.939189
3444 -1.450000
3445 -1.402380
3446 -1.283330
3447 -1.164290
3448 -1.250000
3449 -1.297620
3450 -1.178570
3451 -1.059520
3452 -1.050000
3453 -1.192860
3454 -1.073810
3455 -0.954762
3456 -1.416670
3457 -1.339290
3458 -1.107140
3459 -0.875000
3460 -1.607140
3461 -1.453490
3462 -1.308140
3463 -1.162780
3464 -1.321430
3465 -1.325580
3466 -1.180230
3467 -1.034880
3468 -1.035710
3469 -1.197670
3470 -1.052330
3471 -0.906977
3472 -1.650000
3473 -1.439190
3474 -1.263510
3475 -1.087840
3476 -1.650000
3477 -1.507140
3478 -1.388100
3479 -1.269050
3480 -1.450000
3481 -1.402380
3482 -1.283330
3483 -1.164290
3484 -1.250000
3485 -1.297620
3486 -1.178570
3487 -1.059520
3488 -1.300000
3489 -1.317570
3490 -1.141890
3491 -0.966216
3492 -1.500000
3493 -1.416670
3494 -1.297620
3495 -1.178570
3496 -1.300000
3497 -1.311900
3498 -1.192860
3499 -1.073810
3500 -1.100000
3501 -1.207140
3502 -1.088090
3503 -0.969048
3504 -0.950000
3505 -1.195950
3506 -1.020270
3507 -0.844595
3508 -1.350000
3509 -1.326190
3510 -1.207140
3511 -1.088090
3512 -1.150000
3513 -1.221430
3514 -1.102380
3515 -0.983333
3516 -0.950000
3517 -1.116660
3518 -0.997619
3519 -0.878571
3520 -0.750000
3521 -1.214290
3522 -0.982143
3523 -0.750000
3524 -1.464290
3525 -1.360470
3526 -1.215110
3527 -1.069770
3528 -1.178570
3529 -1.232550
3530 -1.087210
3531 -0.941860
3532 -0.892857
3533 -1.104650
3534 -0.959302
3535 -0.813953
3536 -1.450000
3537 -1.344590
3538 -1.168920
3539 -0.993243
3540 -1.550000
3541 -1.430950
3542 -1.311900
3543 -1.192860
3544 -1.350000
3545 -1.326190
3546 -1.207140
3547 -1.088090
3548 -1.150000
3549 -1.221430
3550 -1.102380
3551 -0.983333
3552 -1.100000
3553 -1.222970
3554 -1.047300
3555 -0.871622
3556 -1.400000
3557 -1.340480
3558 -1.221430
3559 -1.102380
3560 -1.200000
3561 -1.235710
3562 -1.116660
3563 -0.997619
3564 -1.000000
3565 -1.130950
3566 -1.011900
3567 -0.892857
3568 -0.750000
3569 -1.101350
3570 -0.925676
3571 -0.750000
3572 -1.250000
3573 -1.250000
3574 -1.130950
3575 -1.011900
3576 -1.050000
3577 -1.145240
3578 -1.026190
3579 -0.907143
3580 -0.850000
3581 -1.040480
3582 -0.921429
3583 -0.802381
3584 -1.250000
3585 -1.250000
3586 -0.976190
3587 -0.702381
3588 -1.596150
3589 -1.397060
3590 -1.235290
3591 -1.073530
3592 -1.250000
3593 -1.250000
3594 -1.088230
3595 -0.926471
3596 -0.903846
3597 -1.102940
3598 -0.941176
3599 -0.779412
3600 -1.714290
3601 -1.394070
3602 -1.199150
3603 -1.004240
3604 -1.650000
3605 -1.470930
3606 -1.343020
3607 -1.215120
3608 -1.425000
3609 -1.354650
3610 -1.226740
3611 -1.098840
3612 -1.200000
3613 -1.238370
3614 -1.110470
3615 -0.982557
3616 -1.250000
3617 -1.250000
3618 -1.055080
3619 -0.860169
3620 -1.475000
3621 -1.366280
3622 -1.238370
3623 -1.110470
3624 -1.250000
3625 -1.250000
3626 -1.122090
3627 -0.994185
3628 -1.025000
3629 -1.133720
3630 -1.005810
3631 -0.877907
3632 -0.785714
3633 -1.105930
3634 -0.911017
3635 -0.716102
3636 -1.300000
3637 -1.261630
3638 -1.133720
3639 -1.005810
3640 -1.075000
3641 -1.145350
3642 -1.017440
3643 -0.889518
3644 -0.850000
3645 -1.029070
3646 -0.901147
3647 -0.773256
3648 -1.916670
3649 -1.375000
3650 -1.142860
3651 -0.910714
3652 -1.678570
3653 -1.470930
3654 -1.325580
3655 -1.180230
3656 -1.392860
3657 -1.343020
3658 -1.197670
3659 -1.052330
3660 -1.107140
3661 -1.215110
3662 -1.069770
3663 -0.924419
3664 -1.800000
3665 -1.466220
3666 -1.290540
3667 -1.114860
3668 -1.700000
3669 -1.521430
3670 -1.402380
3671 -1.283330
3672 -1.500000
3673 -1.416670
3674 -1.297620
3675 -1.178570
3676 -1.300000
3677 -1.311900
3678 -1.192860
3679 -1.073810
3680 -1.450000
3681 -1.344590
3682 -1.168920
3683 -0.993243
3684 -1.550000
3685 -1.430950
3686 -1.311900
3687 -1.192860
3688 -1.350000
3689 -1.326190
3690 -1.207140
3691 -1.088090
3692 -1.150000
3693 -1.221430
3694 -1.102380
3695 -0.983333
3696 -1.100000
3697 -1.222970
3698 -1.047300
3699 -0.871622
3700 -1.400000
3701 -1.340480
3702 -1.221430
3703 -1.102380
3704 -1.200000
3705 -1.235710
3706 -1.116660
3707 -0.997619
3708 -1.000000
3709 -1.130950
3710 -1.011900
3711 -0.892857
3712 -1.250000
3713 -1.250000
3714 -1.017860
3715 -0.785714
3716 -1.535710
3717 -1.377910
3718 -1.232550
3719 -1.087210
3720 -1.250000
3721 -1.250000
3722 -1.104650
3723 -0.959302
3724 -0.964286
3725 -1.122090
3726 -0.976744
3727 -0.831395
3728 -1.600000
3729 -1.371620
3730 -1.195950
3731 -1.020270
3732 -1.600000
3733 -1.445240
3734 -1.326190
3735 -1.207140
3736 -1.400000
3737 -1.340480
3738 -1.221430
3739 -1.102380
3740 -1.200000
3741 -1.235710
3742 -1.116660
3743 -0.997619
3744 -1.250000
3745 -1.250000
3746 -1.074320
3747 -0.898649
3748 -1.450000
3749 -1.354760
3750 -1.235710
3751 -1.116660
3752 -1.250000
3753 -1.250000
3754 -1.130950
3755 -1.011900
3756 -1.050000
3757 -1.145240
3758 -1.026190
3759 -0.907143
3760 -0.900000
3761 -1.128380
3762 -0.952703
3763 -0.777027
3764 -1.300000
3765 -1.264290
3766 -1.145240
3767 -1.026190
3768 -1.100000
3769 -1.159520
3770 -1.040480
3771 -0.921429
3772 -0.900000
3773 -1.054760
3774 -0.935714
3775 -0.816667
3776 -0.583333
3777 -1.125000
3778 -0.892857
3779 -0.660714
3780 -1.392860
3781 -1.284880
3782 -1.139530
3783 -0.994186
3784 -1.107140
3785 -1.156980
3786 -1.011630
3787 -0.866279
3788 -0.821429
3789 -1.029070
3790 -0.883721
3791 -0.738372
3792 -1.400000
3793 -1.277030
3794 -1.101350
3795 -0.925676
3796 -1.500000
3797 -1.369050
3798 -1.250000
3799 -1.130950
3800 -1.300000
3801 -1.264290
3802 -1.145240
3803 -1.026190
3804 -1.100000
3805 -1.159520
3806 -1.040480
3807 -0.921429
3808 -1.050000
3809 -1.155410
3810 -0.979730
3811 -0.804054
3812 -1.350000
3813 -1.278570
3814 -1.159520
3815 -1.040480
3816 -1.150000
3817 -1.173810
3818 -1.054760
3819 -0.935714
3820 -0.950000
3821 -1.069050
3822 -0.950000
3823 -0.830952
3824 -0.700000
3825 -1.033780
3826 -0.858108
3827 -0.682432
3828 -1.200000
3829 -1.188090
3830 -1.069050
3831 -0.950000
3832 -1.000000
3833 -1.083330
3834 -0.964286
3835 -0.845238
3836 -0.800000
3837 -0.978571
3838 -0.859524
3839 -0.740476
3840 0.250000
3841 -1.119050
3842 -0.845238
3843 -0.571429
3844 -1.480770
3845 -1.294120
3846 -1.132350
3847 -0.970588
3848 -1.134620
3849 -1.147060
3850 -0.985294
3851 -0.823529
3852 -0.788462
3853 -1.000000
3854 -0.838235
3855 -0.676471
3856 -1.607140
3857 -1.300850
3858 -1.105930
3859 -0.911017
3860 -1.575000
3861 -1.389530
3862 -1.261630
3863 -1.133720
3864 -1.350000
3865 -1.273260
3866 -1.145350
3867 -1.017440
3868 -1.125000
3869 -1.156980
3870 -1.029070
3871 -0.901147
3872 -1.142860
3873 -1.156780
3874 -0.961864
3875 -0.766949
3876 -1.400000
3877 -1.284880
3878 -1.156980
3879 -1.029070
3880 -1.175000
3881 -1.168600
3882 -1.040700
3883 -0.912777
3884 -0.950000
3885 -1.052330
3886 -0.924406
3887 -0.796512
3888 -0.678571
3889 -1.012710
3890 -0.817797
3891 -0.622881
3892 -1.225000
3893 -1.180230
3894 -1.052330
3895 -0.924406
3896 -1.000000
3897 -1.063950
3898 -0.936035
3899 -0.808140
3900 -0.775000
3901 -0.947664
3902 -0.819767
3903 -0.691860
3904 -1.750000
3905 -1.285710
3906 -1.053570
3907 -0.821429
3908 -1.607140
3909 -1.395350
3910 -1.250000
3911 -1.104650
3912 -1.321430
3913 -1.267440
3914 -1.122090
3915 -0.976744
3916 -1.035710
3917 -1.139530
3918 -0.994186
3919 -0.848837
3920 -1.750000
3921 -1.398650
3922 -1.222970
3923 -1.047300
3924 -1.650000
3925 -1.459520
3926 -1.340480
3927 -1.221430
3928 -1.450000
3929 -1.354760
3930 -1.235710
3931 -1.116660
3932 -1.250000
3933 -1.250000
3934 -1.130950
3935 -1.011900
3936 -1.400000
3937 -1.277030
3938 -1.101350
3939 -0.925676
3940 -1.500000
3941 -1.369050
3942 -1.250000
3943 -1.130950
3944 -1.300000
3945 -1.264290
3946 -1.145240
3947 -1.026190
3948 -1.100000
3949 -1.159520
3950 -1.040480
3951 -0.921429
3952 -1.050000
3953 -1.155410
3954 -0.979730
3955 -0.804054
3956 -1.350000
3957 -1.278570
3958 -1.159520
3959 -1.040480
3960 -1.150000
3961 -1.173810
3962 -1.054760
3963 -0.935714
3964 -0.950000
3965 -1.069050
3966 -0.950000
3967 -0.830952
3968 -1.083330
3969 -1.160710
3970 -0.928571
3971 -0.696429
3972 -1.464290
3973 -1.302320
3974 -1.156980
3975 -1.011630
3976 -1.178570
3977 -1.174420
3978 -1.029070
3979 -0.883721
3980 -0.892857
3981 -1.046510
3982 -0.901163
3983 -0.755814
3984 -1.550000
3985 -1.304050
3986 -1.128380
3987 -0.952703
3988 -1.550000
3989 -1.383330
3990 -1.264290
3991 -1.145240
3992 -1.350000
3993 -1.278570
3994 -1.159520
3995 -1.040480
3996 -1.150000
3997 -1.173810
3998 -1.054760
3999 -0.935714
4000 -1.200000
4001 -1.182430
4002 -1.006760
4003 -0.831081
4004 -1.400000
4005 -1.292860
4006 -1.173810
4007 -1.054760
4008 -1.200000
4009 -1.188090
4010 -1.069050
4011 -0.950000
4012 -1.000000
4013 -1.083330
4014 -0.964286
4015 -0.845238
4016 -0.850000
4017 -1.060810
4018 -0.885135
4019 -0.709459
4020 -1.250000
4021 -1.202380
4022 -1.083330
4023 -0.964286
4024 -1.050000
4025 -1.097620
4026 -0.978571
4027 -0.859524
4028 -0.850000
4029 -0.992857
4030 -0.873810
4031 -0.754762
4032 -0.416667
4033 -1.035710
4034 -0.803571
4035 -0.571429
4036 -1.321430
4037 -1.209300
4038 -1.063950
4039 -0.918605
4040 -1.035710
4041 -1.081400
4042 -0.936047
4043 -0.790698
4044 -0.750000
4045 -0.953488
4046 -0.808140
4047 -0.662791
4048 -1.350000
4049 -1.209460
4050 -1.033780
4051 -0.858108
4052 -1.450000
4053 -1.307140
4054 -1.188090
4055 -1.069050
4056 -1.250000
4057 -1.202380
4058 -1.083330
4059 -0.964286
4060 -1.050000
4061 -1.097620
4062 -0.978571
4063 -0.859524
4064 -1.000000
4065 -1.087840
4066 -0.912162
4067 -0.736486
4068 -1.300000
4069 -1.216670
4070 -1.097620
4071 -0.978571
4072 -1.100000
4073 -1.111900
4074 -0.992857
4075 -0.873810
4076 -0.900000
4077 -1.007140
4078 -0.888095
4079 -0.769048
4080 -0.650000
4081 -0.966216
4082 -0.790541
4083 -0.614865
4084 -1.150000
4085 -1.126190
4086 -1.007140
4087 -0.888095
4088 -0.950000
4089 -1.021430
4090 -0.902381
4091 -0.783333
4092 -0.750000
4093 -0.916667
4094 -0.797619
4095 -0.678571
