#CSC Position Offset LUT
#Structure is comparator code (iCC) -> Stub position offset
#iCC bits: 12
#<header> v1.0 12 32 </header>
0 0
1 0
2 0
3 0
4 0
5 -0.500000
6 -1.000000
7 -1.500000
8 0
9 0.500000
10 0.000000
11 -0.500000
12 0
13 1.500000
14 1.000000
15 0.500000
16 0
17 -0.500000
18 -0.500000
19 -0.500000
20 -0.500000
21 -0.500000
22 -0.583333
23 -0.666667
24 -0.500000
25 -0.333333
26 -0.416667
27 -0.500000
28 -0.500000
29 -0.166667
30 -0.250000
31 -0.333333
32 0
33 -0.000000
34 -0.000000
35 -0.000000
36 0.000000
37 -0.083333
38 -0.166667
39 -0.250000
40 0.000000
41 0.083333
42 0.000000
43 -0.083333
44 0.000000
45 0.250000
46 0.166667
47 0.083333
48 0
49 0.500000
50 0.500000
51 0.500000
52 0.500000
53 0.333333
54 0.250000
55 0.166667
56 0.500000
57 0.500000
58 0.416667
59 0.333333
60 0.500000
61 0.666667
62 0.583333
63 0.500000
64 0
65 -0.166667
66 -0.000000
67 0.166667
68 -0.250000
69 -0.214286
70 -0.142857
71 -0.071429
72 0.000000
73 -0.071429
74 0.000000
75 0.071429
76 0.250000
77 0.071429
78 0.142857
79 0.214286
80 -0.500000
81 -0.285714
82 -0.178571
83 -0.071429
84 -0.333333
85 -0.300000
86 -0.250000
87 -0.200000
88 -0.166667
89 -0.200000
90 -0.150000
91 -0.100000
92 0.000000
93 -0.100000
94 -0.050000
95 0.000000
96 -0.000000
97 -0.107143
98 0.000000
99 0.107143
100 -0.166667
101 -0.150000
102 -0.100000
103 -0.050000
104 0.000000
105 -0.050000
106 0.000000
107 0.050000
108 0.166667
109 0.050000
110 0.100000
111 0.150000
112 0.500000
113 0.071429
114 0.178571
115 0.285714
116 0.000000
117 -0.000000
118 0.050000
119 0.100000
120 0.166667
121 0.100000
122 0.150000
123 0.200000
124 0.333333
125 0.200000
126 0.250000
127 0.300000
128 0
129 0.166667
130 0.333333
131 0.500000
132 0.000000
133 0.071429
134 0.142857
135 0.214286
136 0.250000
137 0.214286
138 0.285714
139 0.357143
140 0.500000
141 0.357143
142 0.428571
143 0.500000
144 -0.500000
145 -0.071429
146 0.035714
147 0.142857
148 -0.166667
149 -0.100000
150 -0.050000
151 -0.000000
152 0.000000
153 0.000000
154 0.050000
155 0.100000
156 0.166667
157 0.100000
158 0.150000
159 0.200000
160 0.000000
161 0.107143
162 0.214286
163 0.321429
164 0.000000
165 0.050000
166 0.100000
167 0.150000
168 0.166667
169 0.150000
170 0.200000
171 0.250000
172 0.333333
173 0.250000
174 0.300000
175 0.350000
176 0.500000
177 0.285714
178 0.392857
179 0.500000
180 0.166667
181 0.200000
182 0.250000
183 0.300000
184 0.333333
185 0.300000
186 0.350000
187 0.400000
188 0.500000
189 0.400000
190 0.450000
191 0.500000
192 0
193 0.500000
194 0.666667
195 0.833333
196 0.250000
197 0.357143
198 0.428571
199 0.500000
200 0.500000
201 0.500000
202 0.571429
203 0.642857
204 0.750000
205 0.642857
206 0.714286
207 0.785714
208 -0.500000
209 0.142857
210 0.250000
211 0.357143
212 0.000000
213 0.100000
214 0.150000
215 0.200000
216 0.166667
217 0.200000
218 0.250000
219 0.300000
220 0.333333
221 0.300000
222 0.350000
223 0.400000
224 0.000000
225 0.321429
226 0.428571
227 0.535714
228 0.166667
229 0.250000
230 0.300000
231 0.350000
232 0.333333
233 0.350000
234 0.400000
235 0.450000
236 0.500000
237 0.450000
238 0.500000
239 0.550000
240 0.500000
241 0.500000
242 0.607143
243 0.714286
244 0.333333
245 0.400000
246 0.450000
247 0.500000
248 0.500000
249 0.500000
250 0.550000
251 0.600000
252 0.666667
253 0.600000
254 0.650000
255 0.700000
256 0
257 -0.250000
258 0.000000
259 0.250000
260 -0.333333
261 -0.288462
262 -0.153846
263 -0.019231
264 0.000000
265 -0.134615
266 0.000000
267 0.134615
268 0.333333
269 0.019231
270 0.153846
271 0.288462
272 -0.500000
273 -0.333333
274 -0.166667
275 -0.000000
276 -0.392857
277 -0.342857
278 -0.242857
279 -0.142857
280 -0.178571
281 -0.228571
282 -0.128571
283 -0.028567
284 0.035714
285 -0.114286
286 -0.014279
287 0.085714
288 0.000000
289 -0.166667
290 0.000000
291 0.166667
292 -0.214286
293 -0.214286
294 -0.114286
295 -0.014279
296 -0.000000
297 -0.100000
298 0.000000
299 0.100000
300 0.214286
301 0.014286
302 0.114286
303 0.214286
304 0.500000
305 -0.000000
306 0.166667
307 0.333333
308 -0.035714
309 -0.085714
310 0.014286
311 0.114286
312 0.178571
313 0.028571
314 0.128571
315 0.228571
316 0.392857
317 0.142857
318 0.242857
319 0.342857
320 -0.000000
321 -0.211538
322 -0.000000
323 0.211538
324 -0.285714
325 -0.250000
326 -0.125000
327 0.000000
328 0.000000
329 -0.125000
330 0.000000
331 0.125000
332 0.285714
333 0.000000
334 0.125000
335 0.250000
336 -0.416667
337 -0.285714
338 -0.128571
339 0.028567
340 -0.350000
341 -0.300000
342 -0.200000
343 -0.100000
344 -0.150000
345 -0.200000
346 -0.100000
347 0.000000
348 0.050000
349 -0.100000
350 0.000000
351 0.100000
352 -0.000000
353 -0.157143
354 -0.000000
355 0.157143
356 -0.200000
357 -0.200000
358 -0.100000
359 0.000000
360 -0.000000
361 -0.100000
362 0.000000
363 0.100000
364 0.200000
365 0.000000
366 0.100000
367 0.200000
368 0.416667
369 -0.028571
370 0.128571
371 0.285714
372 -0.050000
373 -0.100000
374 0.000000
375 0.100000
376 0.150000
377 0.000000
378 0.100000
379 0.200000
380 0.350000
381 0.100000
382 0.200000
383 0.300000
384 1.000000
385 -0.057692
386 0.153846
387 0.365385
388 -0.142857
389 -0.125000
390 -0.000000
391 0.125000
392 0.142857
393 -0.000000
394 0.125000
395 0.250000
396 0.428571
397 0.125000
398 0.250000
399 0.375000
400 -0.250000
401 -0.171429
402 -0.014286
403 0.142857
404 -0.250000
405 -0.200000
406 -0.100000
407 -0.000000
408 -0.050000
409 -0.100000
410 0.000000
411 0.100000
412 0.150000
413 0.000000
414 0.100000
415 0.200000
416 0.166667
417 -0.042857
418 0.114286
419 0.271429
420 -0.100000
421 -0.100000
422 0.000000
423 0.100000
424 0.100000
425 0.000000
426 0.100000
427 0.200000
428 0.300000
429 0.100000
430 0.200000
431 0.300000
432 0.583333
433 0.085714
434 0.242857
435 0.400000
436 0.050000
437 0.000000
438 0.100000
439 0.200000
440 0.250000
441 0.100000
442 0.200000
443 0.300000
444 0.450000
445 0.200000
446 0.300000
447 0.400000
448 2.000000
449 0.096154
450 0.307692
451 0.519231
452 -0.000000
453 0.000000
454 0.125000
455 0.250000
456 0.285714
457 0.125000
458 0.250000
459 0.375000
460 0.571429
461 0.250000
462 0.375000
463 0.500000
464 -0.083333
465 -0.057143
466 0.100000
467 0.257143
468 -0.150000
469 -0.100000
470 0.000000
471 0.100000
472 0.050000
473 0.000000
474 0.100000
475 0.200000
476 0.250000
477 0.100000
478 0.200000
479 0.300000
480 0.333333
481 0.071429
482 0.228571
483 0.385714
484 0.000000
485 0.000000
486 0.100000
487 0.200000
488 0.200000
489 0.100000
490 0.200000
491 0.300000
492 0.400000
493 0.200000
494 0.300000
495 0.400000
496 0.750000
497 0.200000
498 0.357143
499 0.514286
500 0.150000
501 0.100000
502 0.200000
503 0.300000
504 0.350000
505 0.200000
506 0.300000
507 0.400000
508 0.550000
509 0.300000
510 0.400000
511 0.500000
512 0
513 0.000000
514 0.250000
515 0.500000
516 -0.166667
517 -0.076923
518 0.057692
519 0.192308
520 0.166667
521 0.076923
522 0.211538
523 0.346154
524 0.500000
525 0.230769
526 0.365385
527 0.500000
528 -0.500000
529 -0.166667
530 0.000000
531 0.166667
532 -0.285714
533 -0.185714
534 -0.085714
535 0.014286
536 -0.071429
537 -0.071429
538 0.028571
539 0.128571
540 0.142857
541 0.042857
542 0.142857
543 0.242857
544 0.000000
545 0.000000
546 0.166667
547 0.333333
548 -0.107143
549 -0.057143
550 0.042857
551 0.142857
552 0.107143
553 0.057143
554 0.157143
555 0.257143
556 0.321429
557 0.171429
558 0.271429
559 0.371429
560 0.500000
561 0.166667
562 0.333333
563 0.500000
564 0.071429
565 0.071429
566 0.171429
567 0.271429
568 0.285714
569 0.185714
570 0.285714
571 0.385714
572 0.500000
573 0.300000
574 0.400000
575 0.500000
576 -0.500000
577 -0.076923
578 0.134615
579 0.346154
580 -0.214286
581 -0.125000
582 0.000000
583 0.125000
584 0.071429
585 0.000000
586 0.125000
587 0.250000
588 0.357143
589 0.125000
590 0.250000
591 0.375000
592 -0.500000
593 -0.185714
594 -0.028571
595 0.128571
596 -0.300000
597 -0.200000
598 -0.100000
599 0.000000
600 -0.100000
601 -0.100000
602 0.000000
603 0.100000
604 0.100000
605 0.000000
606 0.100000
607 0.200000
608 -0.083333
609 -0.057143
610 0.100000
611 0.257143
612 -0.150000
613 -0.100000
614 0.000000
615 0.100000
616 0.050000
617 0.000000
618 0.100000
619 0.200000
620 0.250000
621 0.100000
622 0.200000
623 0.300000
624 0.333333
625 0.071429
626 0.228571
627 0.385714
628 0.000000
629 0.000000
630 0.100000
631 0.200000
632 0.200000
633 0.100000
634 0.200000
635 0.300000
636 0.400000
637 0.200000
638 0.300000
639 0.400000
640 0.500000
641 0.076923
642 0.288462
643 0.500000
644 -0.071429
645 0.000000
646 0.125000
647 0.250000
648 0.214286
649 0.125000
650 0.250000
651 0.375000
652 0.500000
653 0.250000
654 0.375000
655 0.500000
656 -0.333333
657 -0.071429
658 0.085714
659 0.242857
660 -0.200000
661 -0.100000
662 0.000000
663 0.100000
664 -0.000000
665 0.000000
666 0.100000
667 0.200000
668 0.200000
669 0.100000
670 0.200000
671 0.300000
672 0.083333
673 0.057143
674 0.214286
675 0.371429
676 -0.050000
677 0.000000
678 0.100000
679 0.200000
680 0.150000
681 0.100000
682 0.200000
683 0.300000
684 0.350000
685 0.200000
686 0.300000
687 0.400000
688 0.500000
689 0.185714
690 0.342857
691 0.500000
692 0.100000
693 0.100000
694 0.200000
695 0.300000
696 0.300000
697 0.200000
698 0.300000
699 0.400000
700 0.500000
701 0.300000
702 0.400000
703 0.500000
704 1.500000
705 0.230769
706 0.442308
707 0.653846
708 0.071429
709 0.125000
710 0.250000
711 0.375000
712 0.357143
713 0.250000
714 0.375000
715 0.500000
716 0.642857
717 0.375000
718 0.500000
719 0.625000
720 -0.166667
721 0.042857
722 0.200000
723 0.357143
724 -0.100000
725 0.000000
726 0.100000
727 0.200000
728 0.100000
729 0.100000
730 0.200000
731 0.300000
732 0.300000
733 0.200000
734 0.300000
735 0.400000
736 0.250000
737 0.171429
738 0.328571
739 0.485714
740 0.050000
741 0.100000
742 0.200000
743 0.300000
744 0.250000
745 0.200000
746 0.300000
747 0.400000
748 0.450000
749 0.300000
750 0.400000
751 0.500000
752 0.666667
753 0.300000
754 0.457143
755 0.614286
756 0.200000
757 0.200000
758 0.300000
759 0.400000
760 0.400000
761 0.300000
762 0.400000
763 0.500000
764 0.600000
765 0.400000
766 0.500000
767 0.600000
768 0
769 0.250000
770 0.500000
771 0.750000
772 0.000000
773 0.134615
774 0.269231
775 0.403846
776 0.333333
777 0.288462
778 0.423077
779 0.557692
780 0.666667
781 0.442308
782 0.576923
783 0.711538
784 -0.500000
785 0.000000
786 0.166667
787 0.333333
788 -0.178571
789 -0.028571
790 0.071429
791 0.171429
792 0.035714
793 0.085714
794 0.185714
795 0.285714
796 0.250000
797 0.200000
798 0.300000
799 0.400000
800 0.000000
801 0.166667
802 0.333333
803 0.500000
804 0.000000
805 0.100000
806 0.200000
807 0.300000
808 0.214286
809 0.214286
810 0.314286
811 0.414286
812 0.428571
813 0.328571
814 0.428571
815 0.528571
816 0.500000
817 0.333333
818 0.500000
819 0.666667
820 0.178571
821 0.228571
822 0.328571
823 0.428571
824 0.392857
825 0.342857
826 0.442857
827 0.542857
828 0.607143
829 0.457143
830 0.557143
831 0.657143
832 -1.000000
833 0.057692
834 0.269231
835 0.480769
836 -0.142857
837 0.000000
838 0.125000
839 0.250000
840 0.142857
841 0.125000
842 0.250000
843 0.375000
844 0.428571
845 0.250000
846 0.375000
847 0.500000
848 -0.583333
849 -0.085714
850 0.071429
851 0.228571
852 -0.250000
853 -0.100000
854 0.000000
855 0.100000
856 -0.050000
857 0.000000
858 0.100000
859 0.200000
860 0.150000
861 0.100000
862 0.200000
863 0.300000
864 -0.166667
865 0.042857
866 0.200000
867 0.357143
868 -0.100000
869 0.000000
870 0.100000
871 0.200000
872 0.100000
873 0.100000
874 0.200000
875 0.300000
876 0.300000
877 0.200000
878 0.300000
879 0.400000
880 0.250000
881 0.171429
882 0.328571
883 0.485714
884 0.050000
885 0.100000
886 0.200000
887 0.300000
888 0.250000
889 0.200000
890 0.300000
891 0.400000
892 0.450000
893 0.300000
894 0.400000
895 0.500000
896 0.000000
897 0.211538
898 0.423077
899 0.634615
900 0.000000
901 0.125000
902 0.250000
903 0.375000
904 0.285714
905 0.250000
906 0.375000
907 0.500000
908 0.571429
909 0.375000
910 0.500000
911 0.625000
912 -0.416667
913 0.028571
914 0.185714
915 0.342857
916 -0.150000
917 0.000000
918 0.100000
919 0.200000
920 0.050000
921 0.100000
922 0.200000
923 0.300000
924 0.250000
925 0.200000
926 0.300000
927 0.400000
928 0.000000
929 0.157143
930 0.314286
931 0.471429
932 0.000000
933 0.100000
934 0.200000
935 0.300000
936 0.200000
937 0.200000
938 0.300000
939 0.400000
940 0.400000
941 0.300000
942 0.400000
943 0.500000
944 0.416667
945 0.285714
946 0.442857
947 0.600000
948 0.150000
949 0.200000
950 0.300000
951 0.400000
952 0.350000
953 0.300000
954 0.400000
955 0.500000
956 0.550000
957 0.400000
958 0.500000
959 0.600000
960 1.000000
961 0.365385
962 0.576923
963 0.788462
964 0.142857
965 0.250000
966 0.375000
967 0.500000
968 0.428571
969 0.375000
970 0.500000
971 0.625000
972 0.714286
973 0.500000
974 0.625000
975 0.750000
976 -0.250000
977 0.142857
978 0.300000
979 0.457143
980 -0.050000
981 0.100000
982 0.200000
983 0.300000
984 0.150000
985 0.200000
986 0.300000
987 0.400000
988 0.350000
989 0.300000
990 0.400000
991 0.500000
992 0.166667
993 0.271429
994 0.428571
995 0.585714
996 0.100000
997 0.200000
998 0.300000
999 0.400000
1000 0.300000
1001 0.300000
1002 0.400000
1003 0.500000
1004 0.500000
1005 0.400000
1006 0.500000
1007 0.600000
1008 0.583333
1009 0.400000
1010 0.557143
1011 0.714286
1012 0.250000
1013 0.300000
1014 0.400000
1015 0.500000
1016 0.450000
1017 0.400000
1018 0.500000
1019 0.600000
1020 0.650000
1021 0.500000
1022 0.600000
1023 0.700000
1024 0
1025 -0.300000
1026 -0.000000
1027 0.300000
1028 -0.375000
1029 -0.333333
1030 -0.166667
1031 0.000000
1032 0.000000
1033 -0.166667
1034 0.000000
1035 0.166667
1036 0.375000
1037 0.000000
1038 0.166667
1039 0.333333
1040 -0.500000
1041 -0.368421
1042 -0.171053
1043 0.026310
1044 -0.423077
1045 -0.375000
1046 -0.250000
1047 -0.125000
1048 -0.192308
1049 -0.250000
1050 -0.125000
1051 0.000000
1052 0.038462
1053 -0.125000
1054 0.000000
1055 0.125000
1056 -0.000000
1057 -0.197368
1058 -0.000010
1059 0.197368
1060 -0.230769
1061 -0.250000
1062 -0.125000
1063 0.000000
1064 0.000000
1065 -0.125000
1066 0.000000
1067 0.125000
1068 0.230769
1069 0.000000
1070 0.125000
1071 0.250000
1072 0.500000
1073 -0.026316
1074 0.171053
1075 0.368421
1076 -0.038462
1077 -0.125000
1078 0.000000
1079 0.125000
1080 0.192308
1081 0.000000
1082 0.125000
1083 0.250000
1084 0.423077
1085 0.125000
1086 0.250000
1087 0.375000
1088 0.000000
1089 -0.236842
1090 0.000000
1091 0.236842
1092 -0.291667
1093 -0.279661
1094 -0.135593
1095 0.008474
1096 0.000000
1097 -0.144068
1098 -0.000001
1099 0.144068
1100 0.291667
1101 -0.008476
1102 0.135593
1103 0.279661
1104 -0.357143
1105 -0.307692
1106 -0.134615
1107 0.038462
1108 -0.357143
1109 -0.324324
1110 -0.209459
1111 -0.094604
1112 -0.157143
1113 -0.216216
1114 -0.101363
1115 0.013513
1116 0.042857
1117 -0.108108
1118 0.006756
1119 0.121622
1120 -0.000000
1121 -0.173077
1122 0.000000
1123 0.173077
1124 -0.200000
1125 -0.222973
1126 -0.108108
1127 0.006756
1128 0.000000
1129 -0.114865
1130 -0.000000
1131 0.114865
1132 0.200000
1133 -0.006757
1134 0.108108
1135 0.222973
1136 0.357143
1137 -0.038462
1138 0.134615
1139 0.307692
1140 -0.042857
1141 -0.121622
1142 -0.006757
1143 0.108108
1144 0.157143
1145 -0.013514
1146 0.101351
1147 0.216216
1148 0.357143
1149 0.094595
1150 0.209459
1151 0.324323
1152 0.750000
1153 -0.078947
1154 0.157895
1155 0.394737
1156 -0.125000
1157 -0.161017
1158 -0.016951
1159 0.127119
1160 0.166667
1161 -0.025427
1162 0.118644
1163 0.262712
1164 0.458333
1165 0.110169
1166 0.254237
1167 0.398305
1168 -0.142857
1169 -0.192308
1170 -0.019231
1171 0.153846
1172 -0.242857
1173 -0.229730
1174 -0.114865
1175 -0.000000
1176 -0.042857
1177 -0.121622
1178 -0.006757
1179 0.108108
1180 0.157143
1181 -0.013514
1182 0.101351
1183 0.216216
1184 0.214286
1185 -0.057692
1186 0.115385
1187 0.288462
1188 -0.085714
1189 -0.128378
1190 -0.013514
1191 0.101351
1192 0.114286
1193 -0.020271
1194 0.094595
1195 0.209459
1196 0.314286
1197 0.087838
1198 0.202703
1199 0.317566
1200 0.571429
1201 0.076923
1202 0.250000
1203 0.423077
1204 0.071429
1205 -0.027028
1206 0.087838
1207 0.202703
1208 0.271429
1209 0.081081
1210 0.195946
1211 0.310811
1212 0.471429
1213 0.189189
1214 0.304054
1215 0.418919
1216 1.500000
1217 0.078947
1218 0.315789
1219 0.552632
1220 0.041667
1221 -0.042379
1222 0.101695
1223 0.245763
1224 0.333333
1225 0.093220
1226 0.237288
1227 0.381356
1228 0.625000
1229 0.228813
1230 0.372881
1231 0.516949
1232 0.071429
1233 -0.076923
1234 0.096154
1235 0.269231
1236 -0.128571
1237 -0.135135
1238 -0.020271
1239 0.094595
1240 0.071429
1241 -0.027028
1242 0.087838
1243 0.202703
1244 0.271429
1245 0.081081
1246 0.195946
1247 0.310811
1248 0.428571
1249 0.057692
1250 0.230769
1251 0.403846
1252 0.028571
1253 -0.033786
1254 0.081081
1255 0.195946
1256 0.228571
1257 0.074324
1258 0.189189
1259 0.304054
1260 0.428571
1261 0.182432
1262 0.297297
1263 0.412162
1264 0.785714
1265 0.192308
1266 0.365385
1267 0.538462
1268 0.185714
1269 0.067568
1270 0.182432
1271 0.297297
1272 0.385714
1273 0.175676
1274 0.290541
1275 0.405405
1276 0.585714
1277 0.283784
1278 0.398649
1279 0.513514
1280 0.000000
1281 -0.273810
1282 0.000000
1283 0.273810
1284 -0.346154
1285 -0.308824
1286 -0.147059
1287 0.014706
1288 -0.000000
1289 -0.161765
1290 0.000000
1291 0.161754
1292 0.346154
1293 -0.014706
1294 0.147047
1295 0.308824
1296 -0.464575
1297 -0.338983
1298 -0.144068
1299 0.050847
1300 -0.400000
1301 -0.348837
1302 -0.220930
1303 -0.093023
1304 -0.175000
1305 -0.232558
1306 -0.104651
1307 0.023256
1308 0.050000
1309 -0.116279
1310 0.011628
1311 0.139532
1312 0.000000
1313 -0.194915
1314 -0.000000
1315 0.194915
1316 -0.225000
1317 -0.244186
1318 -0.116279
1319 0.011628
1320 0.000000
1321 -0.127907
1322 0.000000
1323 0.127904
1324 0.225000
1325 -0.011628
1326 0.116275
1327 0.244186
1328 0.464286
1329 -0.050847
1330 0.144068
1331 0.338983
1332 -0.050000
1333 -0.139535
1334 -0.011628
1335 0.116275
1336 0.175000
1337 -0.023256
1338 0.104647
1339 0.232558
1340 0.400000
1341 0.093018
1342 0.220930
1343 0.348837
1344 0.000000
1345 -0.232143
1346 -0.000000
1347 0.232143
1348 -0.285714
1349 -0.273256
1350 -0.127907
1351 0.017442
1352 0.000000
1353 -0.145349
1354 -0.000000
1355 0.145349
1356 0.285714
1357 -0.017442
1358 0.127907
1359 0.273256
1360 -0.350000
1361 -0.297297
1362 -0.121622
1363 0.054054
1364 -0.350000
1365 -0.314286
1366 -0.195238
1367 -0.076190
1368 -0.150000
1369 -0.209524
1370 -0.090476
1371 0.028571
1372 0.050000
1373 -0.104762
1374 0.014286
1375 0.133333
1376 0.000000
1377 -0.175676
1378 -0.000000
1379 0.175676
1380 -0.200000
1381 -0.223810
1382 -0.104762
1383 0.014286
1384 0.000000
1385 -0.119048
1386 -0.000000
1387 0.119048
1388 0.200000
1389 -0.014286
1390 0.104762
1391 0.223803
1392 0.350000
1393 -0.054054
1394 0.121622
1395 0.297297
1396 -0.050000
1397 -0.133333
1398 -0.014286
1399 0.104762
1400 0.150000
1401 -0.028571
1402 0.090476
1403 0.209516
1404 0.350000
1405 0.076190
1406 0.195229
1407 0.314286
1408 0.666667
1409 -0.107143
1410 0.125000
1411 0.357143
1412 -0.142857
1413 -0.180233
1414 -0.034884
1415 0.110465
1416 0.142857
1417 -0.052326
1418 0.093023
1419 0.238372
1420 0.428571
1421 0.075581
1422 0.220930
1423 0.366279
1424 -0.150000
1425 -0.202703
1426 -0.027027
1427 0.148649
1428 -0.250000
1429 -0.238095
1430 -0.119048
1431 0.000000
1432 -0.050000
1433 -0.133333
1434 -0.014286
1435 0.104762
1436 0.150000
1437 -0.028571
1438 0.090476
1439 0.209516
1440 0.200000
1441 -0.081081
1442 0.094595
1443 0.270270
1444 -0.100000
1445 -0.147619
1446 -0.028571
1447 0.090476
1448 0.100000
1449 -0.042857
1450 0.076190
1451 0.195229
1452 0.300000
1453 0.061905
1454 0.180941
1455 0.300000
1456 0.550000
1457 0.040541
1458 0.216216
1459 0.391892
1460 0.050000
1461 -0.057143
1462 0.061905
1463 0.180941
1464 0.250000
1465 0.047619
1466 0.166667
1467 0.285714
1468 0.450000
1469 0.152381
1470 0.271429
1471 0.390474
1472 1.333330
1473 0.017857
1474 0.250000
1475 0.482143
1476 0.000000
1477 -0.087209
1478 0.058139
1479 0.203488
1480 0.285714
1481 0.040698
1482 0.186047
1483 0.331395
1484 0.571429
1485 0.168605
1486 0.313953
1487 0.459302
1488 0.050000
1489 -0.108108
1490 0.067568
1491 0.243243
1492 -0.150000
1493 -0.161905
1494 -0.042857
1495 0.076190
1496 0.050000
1497 -0.057143
1498 0.061905
1499 0.180941
1500 0.250000
1501 0.047619
1502 0.166667
1503 0.285714
1504 0.400000
1505 0.013513
1506 0.189189
1507 0.364865
1508 0.000000
1509 -0.071429
1510 0.047619
1511 0.166667
1512 0.200000
1513 0.033333
1514 0.152381
1515 0.271429
1516 0.400000
1517 0.138095
1518 0.257143
1519 0.376190
1520 0.750000
1521 0.135135
1522 0.310811
1523 0.486486
1524 0.150000
1525 0.019048
1526 0.138095
1527 0.257143
1528 0.350000
1529 0.123810
1530 0.242857
1531 0.361905
1532 0.550000
1533 0.228571
1534 0.347619
1535 0.466667
1536 1.500000
1537 -0.142857
1538 0.130952
1539 0.404762
1540 -0.230769
1541 -0.205882
1542 -0.044118
1543 0.117647
1544 0.115385
1545 -0.058824
1546 0.102941
1547 0.264706
1548 0.461538
1549 0.088235
1550 0.250000
1551 0.411765
1552 -0.357474
1553 -0.245763
1554 -0.050847
1555 0.144068
1556 -0.325000
1557 -0.267442
1558 -0.139535
1559 -0.011628
1560 -0.100000
1561 -0.151163
1562 -0.023256
1563 0.104647
1564 0.125000
1565 -0.034884
1566 0.093018
1567 0.220930
1568 0.107143
1569 -0.101695
1570 0.093220
1571 0.288136
1572 -0.150000
1573 -0.162791
1574 -0.034884
1575 0.093018
1576 0.075000
1577 -0.046512
1578 0.081388
1579 0.209302
1580 0.300000
1581 0.069759
1582 0.197674
1583 0.325581
1584 0.571429
1585 0.042373
1586 0.237288
1587 0.432203
1588 0.025000
1589 -0.058139
1590 0.069759
1591 0.197674
1592 0.250000
1593 0.058139
1594 0.186047
1595 0.313953
1596 0.475000
1597 0.174419
1598 0.302326
1599 0.430233
1600 0.166667
1601 -0.142857
1602 0.089286
1603 0.321429
1604 -0.214286
1605 -0.197674
1606 -0.052326
1607 0.093023
1608 0.071429
1609 -0.069767
1610 0.075581
1611 0.220930
1612 0.357143
1613 0.058139
1614 0.203488
1615 0.348837
1616 -0.300000
1617 -0.229730
1618 -0.054054
1619 0.121622
1620 -0.300000
1621 -0.252381
1622 -0.133333
1623 -0.014286
1624 -0.100000
1625 -0.147619
1626 -0.028571
1627 0.090476
1628 0.100000
1629 -0.042857
1630 0.076190
1631 0.195229
1632 0.050000
1633 -0.108108
1634 0.067568
1635 0.243243
1636 -0.150000
1637 -0.161905
1638 -0.042857
1639 0.076190
1640 0.050000
1641 -0.057143
1642 0.061905
1643 0.180941
1644 0.250000
1645 0.047619
1646 0.166667
1647 0.285714
1648 0.400000
1649 0.013513
1650 0.189189
1651 0.364865
1652 -0.000000
1653 -0.071429
1654 0.047619
1655 0.166667
1656 0.200000
1657 0.033333
1658 0.152381
1659 0.271429
1660 0.400000
1661 0.138095
1662 0.257143
1663 0.376190
1664 0.833333
1665 -0.017857
1666 0.214286
1667 0.446429
1668 -0.071429
1669 -0.104651
1670 0.040698
1671 0.186047
1672 0.214286
1673 0.023256
1674 0.168605
1675 0.313953
1676 0.500000
1677 0.151163
1678 0.296512
1679 0.441860
1680 -0.100000
1681 -0.135135
1682 0.040541
1683 0.216216
1684 -0.200000
1685 -0.176190
1686 -0.057143
1687 0.061905
1688 0.000000
1689 -0.071429
1690 0.047619
1691 0.166667
1692 0.200000
1693 0.033333
1694 0.152381
1695 0.271429
1696 0.250000
1697 -0.013513
1698 0.162162
1699 0.337838
1700 -0.050000
1701 -0.085714
1702 0.033333
1703 0.152381
1704 0.150000
1705 0.019048
1706 0.138095
1707 0.257143
1708 0.350000
1709 0.123810
1710 0.242857
1711 0.361905
1712 0.600000
1713 0.108108
1714 0.283784
1715 0.459459
1716 0.100000
1717 0.004762
1718 0.123810
1719 0.242857
1720 0.300000
1721 0.109524
1722 0.228571
1723 0.347619
1724 0.500000
1725 0.214286
1726 0.333333
1727 0.452381
1728 1.500000
1729 0.107143
1730 0.339286
1731 0.571429
1732 0.071429
1733 -0.011628
1734 0.133721
1735 0.279070
1736 0.357143
1737 0.116279
1738 0.261628
1739 0.406977
1740 0.642857
1741 0.244186
1742 0.389535
1743 0.534884
1744 0.100000
1745 -0.040541
1746 0.135135
1747 0.310811
1748 -0.100000
1749 -0.100000
1750 0.019048
1751 0.138095
1752 0.100000
1753 0.004762
1754 0.123810
1755 0.242857
1756 0.300000
1757 0.109524
1758 0.228571
1759 0.347619
1760 0.450000
1761 0.081081
1762 0.256757
1763 0.432432
1764 0.050000
1765 -0.009524
1766 0.109524
1767 0.228571
1768 0.250000
1769 0.095238
1770 0.214286
1771 0.333333
1772 0.450000
1773 0.200000
1774 0.319048
1775 0.438095
1776 0.800000
1777 0.202703
1778 0.378378
1779 0.554054
1780 0.200000
1781 0.080952
1782 0.200000
1783 0.319048
1784 0.400000
1785 0.185714
1786 0.304762
1787 0.423810
1788 0.600000
1789 0.290476
1790 0.409524
1791 0.528571
1792 3.000000
1793 -0.011905
1794 0.261905
1795 0.535714
1796 -0.115385
1797 -0.102941
1798 0.058824
1799 0.220588
1800 0.230769
1801 0.044118
1802 0.205882
1803 0.367647
1804 0.576923
1805 0.191176
1806 0.352941
1807 0.514706
1808 -0.250369
1809 -0.152542
1810 0.042373
1811 0.237288
1812 -0.250000
1813 -0.186047
1814 -0.058139
1815 0.069759
1816 -0.025000
1817 -0.069767
1818 0.058139
1819 0.186047
1820 0.200000
1821 0.046512
1822 0.174419
1823 0.302326
1824 0.214286
1825 -0.008475
1826 0.186441
1827 0.381356
1828 -0.075000
1829 -0.081395
1830 0.046512
1831 0.174419
1832 0.150000
1833 0.034884
1834 0.162791
1835 0.290698
1836 0.375000
1837 0.151163
1838 0.279070
1839 0.406977
1840 0.678571
1841 0.135593
1842 0.330508
1843 0.525424
1844 0.100000
1845 0.023256
1846 0.151163
1847 0.279070
1848 0.325000
1849 0.139535
1850 0.267442
1851 0.395349
1852 0.550000
1853 0.255814
1854 0.383721
1855 0.511628
1856 0.333333
1857 -0.053571
1858 0.178571
1859 0.410714
1860 -0.142857
1861 -0.122093
1862 0.023256
1863 0.168605
1864 0.142857
1865 0.005814
1866 0.151163
1867 0.296512
1868 0.428571
1869 0.133721
1870 0.279070
1871 0.424419
1872 -0.250000
1873 -0.162162
1874 0.013513
1875 0.189189
1876 -0.250000
1877 -0.190476
1878 -0.071429
1879 0.047619
1880 -0.050000
1881 -0.085714
1882 0.033333
1883 0.152381
1884 0.150000
1885 0.019048
1886 0.138095
1887 0.257143
1888 0.100000
1889 -0.040541
1890 0.135135
1891 0.310811
1892 -0.100000
1893 -0.100000
1894 0.019048
1895 0.138095
1896 0.100000
1897 0.004762
1898 0.123810
1899 0.242857
1900 0.300000
1901 0.109524
1902 0.228571
1903 0.347619
1904 0.450000
1905 0.081081
1906 0.256757
1907 0.432432
1908 0.050000
1909 -0.009524
1910 0.109524
1911 0.228571
1912 0.250000
1913 0.095238
1914 0.214286
1915 0.333333
1916 0.450000
1917 0.200000
1918 0.319048
1919 0.438095
1920 1.000000
1921 0.071429
1922 0.303571
1923 0.535714
1924 0.000000
1925 -0.029070
1926 0.116279
1927 0.261628
1928 0.285714
1929 0.098837
1930 0.244186
1931 0.389535
1932 0.571429
1933 0.226744
1934 0.372093
1935 0.517442
1936 -0.050000
1937 -0.067568
1938 0.108108
1939 0.283784
1940 -0.150000
1941 -0.114286
1942 0.004762
1943 0.123810
1944 0.050000
1945 -0.009524
1946 0.109524
1947 0.228571
1948 0.250000
1949 0.095238
1950 0.214286
1951 0.333333
1952 0.300000
1953 0.054054
1954 0.229730
1955 0.405405
1956 0.000000
1957 -0.023810
1958 0.095238
1959 0.214286
1960 0.200000
1961 0.080952
1962 0.200000
1963 0.319048
1964 0.400000
1965 0.185714
1966 0.304762
1967 0.423810
1968 0.650000
1969 0.175676
1970 0.351351
1971 0.527027
1972 0.150000
1973 0.066667
1974 0.185714
1975 0.304762
1976 0.350000
1977 0.171429
1978 0.290476
1979 0.409524
1980 0.550000
1981 0.276190
1982 0.395238
1983 0.514286
1984 1.666670
1985 0.196429
1986 0.428571
1987 0.660714
1988 0.142857
1989 0.063953
1990 0.209302
1991 0.354651
1992 0.428571
1993 0.191860
1994 0.337209
1995 0.482558
1996 0.714286
1997 0.319767
1998 0.465116
1999 0.610465
2000 0.150000
2001 0.027027
2002 0.202703
2003 0.378378
2004 -0.050000
2005 -0.038095
2006 0.080952
2007 0.200000
2008 0.150000
2009 0.066667
2010 0.185714
2011 0.304762
2012 0.350000
2013 0.171429
2014 0.290476
2015 0.409524
2016 0.500000
2017 0.148649
2018 0.324324
2019 0.500000
2020 0.100000
2021 0.052381
2022 0.171429
2023 0.290476
2024 0.300000
2025 0.157143
2026 0.276190
2027 0.395238
2028 0.500000
2029 0.261905
2030 0.380952
2031 0.500000
2032 0.850000
2033 0.270270
2034 0.445946
2035 0.621622
2036 0.250000
2037 0.142857
2038 0.261905
2039 0.380952
2040 0.450000
2041 0.247619
2042 0.366667
2043 0.485714
2044 0.650000
2045 0.352381
2046 0.471429
2047 0.590476
2048 0
2049 -0.100000
2050 0.200000
2051 0.500000
2052 -0.250000
2053 -0.166667
2054 0.000000
2055 0.166667
2056 0.125000
2057 -0.000000
2058 0.166667
2059 0.333333
2060 0.500000
2061 0.166667
2062 0.333333
2063 0.500000
2064 -0.500000
2065 -0.236842
2066 -0.039474
2067 0.157895
2068 -0.346154
2069 -0.250000
2070 -0.125000
2071 0.000000
2072 -0.115385
2073 -0.125000
2074 0.000000
2075 0.125000
2076 0.115385
2077 0.000000
2078 0.125000
2079 0.250000
2080 -0.000000
2081 -0.065790
2082 0.131579
2083 0.328947
2084 -0.153846
2085 -0.125000
2086 -0.000000
2087 0.125000
2088 0.076923
2089 -0.000000
2090 0.125000
2091 0.250000
2092 0.307692
2093 0.125000
2094 0.250000
2095 0.375000
2096 0.500000
2097 0.105263
2098 0.302632
2099 0.500000
2100 0.038462
2101 0.000000
2102 0.125000
2103 0.250000
2104 0.269231
2105 0.125000
2106 0.250000
2107 0.375000
2108 0.500000
2109 0.250000
2110 0.375000
2111 0.500000
2112 -0.250000
2113 -0.131579
2114 0.105263
2115 0.342105
2116 -0.250000
2117 -0.177966
2118 -0.033902
2119 0.110169
2120 0.041667
2121 -0.042379
2122 0.101695
2123 0.245763
2124 0.333333
2125 0.093220
2126 0.237288
2127 0.381356
2128 -0.428571
2129 -0.230769
2130 -0.057692
2131 0.115385
2132 -0.328571
2133 -0.243243
2134 -0.128378
2135 -0.013514
2136 -0.128571
2137 -0.135135
2138 -0.020271
2139 0.094595
2140 0.071429
2141 -0.027028
2142 0.087838
2143 0.202703
2144 -0.071429
2145 -0.096154
2146 0.076923
2147 0.250000
2148 -0.171429
2149 -0.141892
2150 -0.027028
2151 0.087838
2152 0.028571
2153 -0.033786
2154 0.081081
2155 0.195946
2156 0.228571
2157 0.074324
2158 0.189189
2159 0.304054
2160 0.285714
2161 0.038462
2162 0.211538
2163 0.384615
2164 -0.014286
2165 -0.040544
2166 0.074324
2167 0.189189
2168 0.185714
2169 0.067568
2170 0.182432
2171 0.297297
2172 0.385714
2173 0.175676
2174 0.290541
2175 0.405405
2176 0.500000
2177 0.026316
2178 0.263158
2179 0.500000
2180 -0.083333
2181 -0.059322
2182 0.084746
2183 0.228813
2184 0.208333
2185 0.076271
2186 0.220339
2187 0.364407
2188 0.500000
2189 0.211864
2190 0.355932
2191 0.500000
2192 -0.214286
2193 -0.115385
2194 0.057692
2195 0.230769
2196 -0.214286
2197 -0.148649
2198 -0.033786
2199 0.081081
2200 -0.014286
2201 -0.040544
2202 0.074324
2203 0.189189
2204 0.185714
2205 0.067568
2206 0.182432
2207 0.297297
2208 0.142857
2209 0.019231
2210 0.192308
2211 0.365385
2212 -0.057143
2213 -0.047302
2214 0.067568
2215 0.182432
2216 0.142857
2217 0.060811
2218 0.175676
2219 0.290541
2220 0.342857
2221 0.168919
2222 0.283784
2223 0.398649
2224 0.500000
2225 0.153846
2226 0.326923
2227 0.500000
2228 0.100000
2229 0.054054
2230 0.168919
2231 0.283784
2232 0.300000
2233 0.162162
2234 0.277027
2235 0.391892
2236 0.500000
2237 0.270270
2238 0.385135
2239 0.500000
2240 1.250000
2241 0.184211
2242 0.421053
2243 0.657895
2244 0.083333
2245 0.059322
2246 0.203390
2247 0.347458
2248 0.375000
2249 0.194915
2250 0.338983
2251 0.483051
2252 0.666667
2253 0.330508
2254 0.474576
2255 0.618644
2256 -0.000000
2257 0.000000
2258 0.173077
2259 0.346154
2260 -0.100000
2261 -0.054054
2262 0.060811
2263 0.175676
2264 0.100000
2265 0.054054
2266 0.168919
2267 0.283784
2268 0.300000
2269 0.162162
2270 0.277027
2271 0.391892
2272 0.357143
2273 0.134615
2274 0.307692
2275 0.480769
2276 0.057143
2277 0.047297
2278 0.162162
2279 0.277027
2280 0.257143
2281 0.155405
2282 0.270270
2283 0.385135
2284 0.457143
2285 0.263514
2286 0.378378
2287 0.493243
2288 0.714286
2289 0.269231
2290 0.442308
2291 0.615385
2292 0.214286
2293 0.148649
2294 0.263514
2295 0.378378
2296 0.414286
2297 0.256757
2298 0.371622
2299 0.486486
2300 0.614286
2301 0.364865
2302 0.479730
2303 0.594595
2304 -1.000000
2305 -0.178571
2306 0.095238
2307 0.369048
2308 -0.307692
2309 -0.220588
2310 -0.058824
2311 0.102941
2312 0.038462
2313 -0.073529
2314 0.088235
2315 0.250000
2316 0.384615
2317 0.073529
2318 0.235294
2319 0.397059
2320 -0.535484
2321 -0.271186
2322 -0.076271
2323 0.118644
2324 -0.375000
2325 -0.279070
2326 -0.151163
2327 -0.023256
2328 -0.150000
2329 -0.162791
2330 -0.034884
2331 0.093018
2332 0.075000
2333 -0.046512
2334 0.081388
2335 0.209302
2336 -0.071429
2337 -0.127119
2338 0.067797
2339 0.262712
2340 -0.200000
2341 -0.174419
2342 -0.046512
2343 0.081388
2344 0.025000
2345 -0.058139
2346 0.069759
2347 0.197674
2348 0.250000
2349 0.058139
2350 0.186047
2351 0.313953
2352 0.392857
2353 0.016949
2354 0.211864
2355 0.406780
2356 -0.025000
2357 -0.069767
2358 0.058139
2359 0.186047
2360 0.200000
2361 0.046512
2362 0.174419
2363 0.302326
2364 0.425000
2365 0.162791
2366 0.290698
2367 0.418605
2368 -0.333333
2369 -0.178571
2370 0.053571
2371 0.285714
2372 -0.285714
2373 -0.215116
2374 -0.069767
2375 0.075581
2376 -0.000000
2377 -0.087209
2378 0.058139
2379 0.203488
2380 0.285714
2381 0.040698
2382 0.186047
2383 0.331395
2384 -0.449700
2385 -0.256757
2386 -0.081081
2387 0.094595
2388 -0.350000
2389 -0.266667
2390 -0.147619
2391 -0.028571
2392 -0.150000
2393 -0.161905
2394 -0.042857
2395 0.076190
2396 0.050000
2397 -0.057143
2398 0.061905
2399 0.180941
2400 -0.100000
2401 -0.135135
2402 0.040541
2403 0.216216
2404 -0.200000
2405 -0.176190
2406 -0.057143
2407 0.061905
2408 0.000000
2409 -0.071429
2410 0.047619
2411 0.166667
2412 0.200000
2413 0.033333
2414 0.152381
2415 0.271429
2416 0.250000
2417 -0.013513
2418 0.162162
2419 0.337838
2420 -0.050000
2421 -0.085714
2422 0.033333
2423 0.152381
2424 0.150000
2425 0.019048
2426 0.138095
2427 0.257143
2428 0.350000
2429 0.123810
2430 0.242857
2431 0.361905
2432 0.333333
2433 -0.053571
2434 0.178571
2435 0.410714
2436 -0.142857
2437 -0.122093
2438 0.023256
2439 0.168605
2440 0.142857
2441 0.005814
2442 0.151163
2443 0.296512
2444 0.428571
2445 0.133721
2446 0.279070
2447 0.424419
2448 -0.250000
2449 -0.162162
2450 0.013513
2451 0.189189
2452 -0.250000
2453 -0.190476
2454 -0.071429
2455 0.047619
2456 -0.050000
2457 -0.085714
2458 0.033333
2459 0.152381
2460 0.150000
2461 0.019048
2462 0.138095
2463 0.257143
2464 0.100000
2465 -0.040541
2466 0.135135
2467 0.310811
2468 -0.100000
2469 -0.100000
2470 0.019048
2471 0.138095
2472 0.100000
2473 0.004762
2474 0.123810
2475 0.242857
2476 0.300000
2477 0.109524
2478 0.228571
2479 0.347619
2480 0.450000
2481 0.081081
2482 0.256757
2483 0.432432
2484 0.050000
2485 -0.009524
2486 0.109524
2487 0.228571
2488 0.250000
2489 0.095238
2490 0.214286
2491 0.333333
2492 0.450000
2493 0.200000
2494 0.319048
2495 0.438095
2496 1.000000
2497 0.071429
2498 0.303571
2499 0.535714
2500 -0.000000
2501 -0.029070
2502 0.116279
2503 0.261628
2504 0.285714
2505 0.098837
2506 0.244186
2507 0.389535
2508 0.571429
2509 0.226744
2510 0.372093
2511 0.517442
2512 -0.050000
2513 -0.067568
2514 0.108108
2515 0.283784
2516 -0.150000
2517 -0.114286
2518 0.004762
2519 0.123810
2520 0.050000
2521 -0.009524
2522 0.109524
2523 0.228571
2524 0.250000
2525 0.095238
2526 0.214286
2527 0.333333
2528 0.300000
2529 0.054054
2530 0.229730
2531 0.405405
2532 0.000000
2533 -0.023810
2534 0.095238
2535 0.214286
2536 0.200000
2537 0.080952
2538 0.200000
2539 0.319048
2540 0.400000
2541 0.185714
2542 0.304762
2543 0.423810
2544 0.650000
2545 0.175676
2546 0.351351
2547 0.527027
2548 0.150000
2549 0.066667
2550 0.185714
2551 0.304762
2552 0.350000
2553 0.171429
2554 0.290476
2555 0.409524
2556 0.550000
2557 0.276190
2558 0.395238
2559 0.514286
2560 0.500000
2561 -0.047619
2562 0.226190
2563 0.500000
2564 -0.192308
2565 -0.117647
2566 0.044118
2567 0.205882
2568 0.153846
2569 0.029412
2570 0.191176
2571 0.352941
2572 0.500000
2573 0.176471
2574 0.338235
2575 0.500000
2576 -0.428387
2577 -0.177966
2578 0.016949
2579 0.211864
2580 -0.300000
2581 -0.197674
2582 -0.069767
2583 0.058139
2584 -0.075000
2585 -0.081395
2586 0.046512
2587 0.174419
2588 0.150000
2589 0.034884
2590 0.162791
2591 0.290698
2592 0.035171
2593 -0.033898
2594 0.161017
2595 0.355932
2596 -0.125000
2597 -0.093023
2598 0.034884
2599 0.162791
2600 0.100000
2601 0.023256
2602 0.151163
2603 0.279070
2604 0.325000
2605 0.139535
2606 0.267442
2607 0.395349
2608 0.500000
2609 0.110169
2610 0.305085
2611 0.500000
2612 0.050000
2613 0.011628
2614 0.139535
2615 0.267442
2616 0.275000
2617 0.127907
2618 0.255814
2619 0.383721
2620 0.500000
2621 0.244186
2622 0.372093
2623 0.500000
2624 -0.166667
2625 -0.089286
2626 0.142857
2627 0.375000
2628 -0.214286
2629 -0.139535
2630 0.005814
2631 0.151163
2632 0.071429
2633 -0.011628
2634 0.133721
2635 0.279070
2636 0.357143
2637 0.116279
2638 0.261628
2639 0.406977
2640 -0.399529
2641 -0.189189
2642 -0.013513
2643 0.162162
2644 -0.300000
2645 -0.204762
2646 -0.085714
2647 0.033333
2648 -0.100000
2649 -0.100000
2650 0.019048
2651 0.138095
2652 0.100000
2653 0.004762
2654 0.123810
2655 0.242857
2656 -0.050000
2657 -0.067568
2658 0.108108
2659 0.283784
2660 -0.150000
2661 -0.114286
2662 0.004762
2663 0.123810
2664 0.050000
2665 -0.009524
2666 0.109524
2667 0.228571
2668 0.250000
2669 0.095238
2670 0.214286
2671 0.333333
2672 0.300000
2673 0.054054
2674 0.229730
2675 0.405405
2676 -0.000000
2677 -0.023810
2678 0.095238
2679 0.214286
2680 0.200000
2681 0.080952
2682 0.200000
2683 0.319048
2684 0.400000
2685 0.185714
2686 0.304762
2687 0.423810
2688 0.500000
2689 0.035714
2690 0.267857
2691 0.500000
2692 -0.071429
2693 -0.046512
2694 0.098837
2695 0.244186
2696 0.214286
2697 0.081395
2698 0.226744
2699 0.372093
2700 0.500000
2701 0.209302
2702 0.354651
2703 0.500000
2704 -0.200000
2705 -0.094595
2706 0.081081
2707 0.256757
2708 -0.200000
2709 -0.128571
2710 -0.009524
2711 0.109524
2712 0.000000
2713 -0.023810
2714 0.095238
2715 0.214286
2716 0.200000
2717 0.080952
2718 0.200000
2719 0.319048
2720 0.150000
2721 0.027027
2722 0.202703
2723 0.378378
2724 -0.050000
2725 -0.038095
2726 0.080952
2727 0.200000
2728 0.150000
2729 0.066667
2730 0.185714
2731 0.304762
2732 0.350000
2733 0.171429
2734 0.290476
2735 0.409524
2736 0.500000
2737 0.148649
2738 0.324324
2739 0.500000
2740 0.100000
2741 0.052381
2742 0.171429
2743 0.290476
2744 0.300000
2745 0.157143
2746 0.276190
2747 0.395238
2748 0.500000
2749 0.261905
2750 0.380952
2751 0.500000
2752 1.166670
2753 0.160714
2754 0.392857
2755 0.625000
2756 0.071429
2757 0.046512
2758 0.191860
2759 0.337209
2760 0.357143
2761 0.174419
2762 0.319767
2763 0.465116
2764 0.642857
2765 0.302326
2766 0.447674
2767 0.593023
2768 -0.000000
2769 -0.000000
2770 0.175676
2771 0.351351
2772 -0.100000
2773 -0.052381
2774 0.066667
2775 0.185714
2776 0.100000
2777 0.052381
2778 0.171429
2779 0.290476
2780 0.300000
2781 0.157143
2782 0.276190
2783 0.395238
2784 0.350000
2785 0.121622
2786 0.297297
2787 0.472973
2788 0.050000
2789 0.038095
2790 0.157143
2791 0.276190
2792 0.250000
2793 0.142857
2794 0.261905
2795 0.380952
2796 0.450000
2797 0.247619
2798 0.366667
2799 0.485714
2800 0.700000
2801 0.243243
2802 0.418919
2803 0.594595
2804 0.200000
2805 0.128571
2806 0.247619
2807 0.366667
2808 0.400000
2809 0.233333
2810 0.352381
2811 0.471429
2812 0.600000
2813 0.338095
2814 0.457143
2815 0.576190
2816 2.000000
2817 0.083333
2818 0.357143
2819 0.630952
2820 -0.076923
2821 -0.014706
2822 0.147059
2823 0.308824
2824 0.269231
2825 0.132353
2826 0.294118
2827 0.455882
2828 0.615385
2829 0.279412
2830 0.441176
2831 0.602941
2832 -0.321290
2833 -0.084746
2834 0.110169
2835 0.305085
2836 -0.225000
2837 -0.116279
2838 0.011628
2839 0.139535
2840 0.000000
2841 -0.000000
2842 0.127907
2843 0.255814
2844 0.225000
2845 0.116279
2846 0.244186
2847 0.372093
2848 0.142857
2849 0.059322
2850 0.254237
2851 0.449153
2852 -0.050000
2853 -0.011628
2854 0.116279
2855 0.244186
2856 0.175000
2857 0.104651
2858 0.232558
2859 0.360465
2860 0.400000
2861 0.220930
2862 0.348837
2863 0.476744
2864 0.607143
2865 0.203390
2866 0.398305
2867 0.593220
2868 0.125000
2869 0.093023
2870 0.220930
2871 0.348837
2872 0.350000
2873 0.209302
2874 0.337209
2875 0.465116
2876 0.575000
2877 0.325581
2878 0.453488
2879 0.581395
2880 0.000000
2881 0.000000
2882 0.232143
2883 0.464286
2884 -0.142857
2885 -0.063953
2886 0.081395
2887 0.226744
2888 0.142857
2889 0.063953
2890 0.209302
2891 0.354651
2892 0.428571
2893 0.191860
2894 0.337209
2895 0.482558
2896 -0.350000
2897 -0.121622
2898 0.054054
2899 0.229730
2900 -0.250000
2901 -0.142857
2902 -0.023810
2903 0.095238
2904 -0.050000
2905 -0.038095
2906 0.080952
2907 0.200000
2908 0.150000
2909 0.066667
2910 0.185714
2911 0.304762
2912 0.000000
2913 0.000000
2914 0.175676
2915 0.351351
2916 -0.100000
2917 -0.052381
2918 0.066667
2919 0.185714
2920 0.100000
2921 0.052381
2922 0.171429
2923 0.290476
2924 0.300000
2925 0.157143
2926 0.276190
2927 0.395238
2928 0.350000
2929 0.121622
2930 0.297297
2931 0.472973
2932 0.050000
2933 0.038095
2934 0.157143
2935 0.276190
2936 0.250000
2937 0.142857
2938 0.261905
2939 0.380952
2940 0.450000
2941 0.247619
2942 0.366667
2943 0.485714
2944 0.666667
2945 0.125000
2946 0.357143
2947 0.589286
2948 0.000000
2949 0.029070
2950 0.174419
2951 0.319767
2952 0.285714
2953 0.156977
2954 0.302326
2955 0.447674
2956 0.571429
2957 0.284884
2958 0.430233
2959 0.575581
2960 -0.150514
2961 -0.027027
2962 0.148649
2963 0.324324
2964 -0.150000
2965 -0.066667
2966 0.052381
2967 0.171429
2968 0.050000
2969 0.038095
2970 0.157143
2971 0.276190
2972 0.250000
2973 0.142857
2974 0.261905
2975 0.380952
2976 0.200000
2977 0.094595
2978 0.270270
2979 0.445946
2980 0.000000
2981 0.023810
2982 0.142857
2983 0.261905
2984 0.200000
2985 0.128571
2986 0.247619
2987 0.366667
2988 0.400000
2989 0.233333
2990 0.352381
2991 0.471429
2992 0.550000
2993 0.216216
2994 0.391892
2995 0.567568
2996 0.150000
2997 0.114286
2998 0.233333
2999 0.352381
3000 0.350000
3001 0.219048
3002 0.338095
3003 0.457143
3004 0.550000
3005 0.323810
3006 0.442857
3007 0.561905
3008 1.333330
3009 0.250000
3010 0.482143
3011 0.714286
3012 0.142857
3013 0.122093
3014 0.267442
3015 0.412791
3016 0.428571
3017 0.250000
3018 0.395349
3019 0.540698
3020 0.714286
3021 0.377907
3022 0.523256
3023 0.668605
3024 0.050000
3025 0.067568
3026 0.243243
3027 0.418919
3028 -0.050000
3029 0.009524
3030 0.128571
3031 0.247619
3032 0.150000
3033 0.114286
3034 0.233333
3035 0.352381
3036 0.350000
3037 0.219048
3038 0.338095
3039 0.457143
3040 0.400000
3041 0.189189
3042 0.364865
3043 0.540541
3044 0.100000
3045 0.100000
3046 0.219048
3047 0.338095
3048 0.300000
3049 0.204762
3050 0.323810
3051 0.442857
3052 0.500000
3053 0.309524
3054 0.428571
3055 0.547619
3056 0.750000
3057 0.310811
3058 0.486486
3059 0.662162
3060 0.250000
3061 0.190476
3062 0.309524
3063 0.428571
3064 0.450000
3065 0.295238
3066 0.414286
3067 0.533333
3068 0.650000
3069 0.400000
3070 0.519048
3071 0.638095
3072 0
3073 0.100000
3074 0.400000
3075 0.700000
3076 -0.125000
3077 0.000000
3078 0.166667
3079 0.333333
3080 0.250000
3081 0.166667
3082 0.333333
3083 0.500000
3084 0.625000
3085 0.333333
3086 0.500000
3087 0.666667
3088 -0.500000
3089 -0.105263
3090 0.092105
3091 0.289474
3092 -0.269231
3093 -0.125000
3094 0.000000
3095 0.125000
3096 -0.038462
3097 0.000000
3098 0.125000
3099 0.250000
3100 0.192308
3101 0.125000
3102 0.250000
3103 0.375000
3104 0.000000
3105 0.065790
3106 0.263158
3107 0.460526
3108 -0.076923
3109 0.000000
3110 0.125000
3111 0.250000
3112 0.153846
3113 0.125000
3114 0.250000
3115 0.375000
3116 0.384615
3117 0.250000
3118 0.375000
3119 0.500000
3120 0.500000
3121 0.236842
3122 0.434211
3123 0.631579
3124 0.115385
3125 0.125000
3126 0.250000
3127 0.375000
3128 0.346154
3129 0.250000
3130 0.375000
3131 0.500000
3132 0.576923
3133 0.375000
3134 0.500000
3135 0.625000
3136 -0.500000
3137 -0.026316
3138 0.210526
3139 0.447368
3140 -0.208333
3141 -0.076271
3142 0.067797
3143 0.211864
3144 0.083333
3145 0.059322
3146 0.203390
3147 0.347458
3148 0.375000
3149 0.194915
3150 0.338983
3151 0.483051
3152 -0.500000
3153 -0.153846
3154 0.019231
3155 0.192308
3156 -0.300000
3157 -0.162162
3158 -0.047302
3159 0.067568
3160 -0.100000
3161 -0.054054
3162 0.060811
3163 0.175676
3164 0.100000
3165 0.054054
3166 0.168919
3167 0.283784
3168 -0.142857
3169 -0.019231
3170 0.153846
3171 0.326923
3172 -0.142857
3173 -0.060811
3174 0.054054
3175 0.168919
3176 0.057143
3177 0.047297
3178 0.162162
3179 0.277027
3180 0.257143
3181 0.155405
3182 0.270270
3183 0.385135
3184 0.214286
3185 0.115385
3186 0.288462
3187 0.461538
3188 0.014286
3189 0.040541
3190 0.155405
3191 0.270270
3192 0.214286
3193 0.148649
3194 0.263514
3195 0.378378
3196 0.414286
3197 0.256757
3198 0.371622
3199 0.486486
3200 0.250000
3201 0.131579
3202 0.368421
3203 0.605263
3204 -0.041667
3205 0.042373
3206 0.186441
3207 0.330508
3208 0.250000
3209 0.177966
3210 0.322034
3211 0.466102
3212 0.541667
3213 0.313559
3214 0.457627
3215 0.601695
3216 -0.285714
3217 -0.038462
3218 0.134615
3219 0.307692
3220 -0.185714
3221 -0.067568
3222 0.047297
3223 0.162162
3224 0.014286
3225 0.040541
3226 0.155405
3227 0.270270
3228 0.214286
3229 0.148649
3230 0.263514
3231 0.378378
3232 0.071429
3233 0.096154
3234 0.269231
3235 0.442308
3236 -0.028571
3237 0.033784
3238 0.148649
3239 0.263514
3240 0.171429
3241 0.141892
3242 0.256757
3243 0.371622
3244 0.371429
3245 0.250000
3246 0.364865
3247 0.479730
3248 0.428571
3249 0.230769
3250 0.403846
3251 0.576923
3252 0.128571
3253 0.135135
3254 0.250000
3255 0.364865
3256 0.328571
3257 0.243243
3258 0.358108
3259 0.472973
3260 0.528571
3261 0.351351
3262 0.466216
3263 0.581081
3264 1.000000
3265 0.289474
3266 0.526316
3267 0.763158
3268 0.125000
3269 0.161017
3270 0.305085
3271 0.449153
3272 0.416667
3273 0.296610
3274 0.440678
3275 0.584746
3276 0.708333
3277 0.432203
3278 0.576271
3279 0.720339
3280 -0.071429
3281 0.076923
3282 0.250000
3283 0.423077
3284 -0.071429
3285 0.027027
3286 0.141892
3287 0.256757
3288 0.128571
3289 0.135135
3290 0.250000
3291 0.364865
3292 0.328571
3293 0.243243
3294 0.358108
3295 0.472973
3296 0.285714
3297 0.211538
3298 0.384615
3299 0.557692
3300 0.085714
3301 0.128378
3302 0.243243
3303 0.358108
3304 0.285714
3305 0.236486
3306 0.351351
3307 0.466216
3308 0.485714
3309 0.344595
3310 0.459459
3311 0.574324
3312 0.642857
3313 0.346154
3314 0.519231
3315 0.692308
3316 0.242857
3317 0.229730
3318 0.344595
3319 0.459459
3320 0.442857
3321 0.337838
3322 0.452703
3323 0.567568
3324 0.642857
3325 0.445946
3326 0.560811
3327 0.675676
3328 -2.000000
3329 -0.083333
3330 0.190476
3331 0.464286
3332 -0.269231
3333 -0.132353
3334 0.029412
3335 0.191176
3336 0.076923
3337 0.014706
3338 0.176471
3339 0.338235
3340 0.423077
3341 0.161765
3342 0.323529
3343 0.485294
3344 -0.606564
3345 -0.203390
3346 -0.008475
3347 0.186441
3348 -0.350000
3349 -0.209302
3350 -0.081395
3351 0.046512
3352 -0.125000
3353 -0.093023
3354 0.034884
3355 0.162791
3356 0.100000
3357 0.023256
3358 0.151163
3359 0.279070
3360 -0.143248
3361 -0.059322
3362 0.135593
3363 0.330508
3364 -0.175000
3365 -0.104651
3366 0.023256
3367 0.151163
3368 0.050000
3369 0.011628
3370 0.139535
3371 0.267442
3372 0.275000
3373 0.127907
3374 0.255814
3375 0.383721
3376 0.321429
3377 0.084746
3378 0.279661
3379 0.474576
3380 0.000000
3381 0.000000
3382 0.127907
3383 0.255814
3384 0.225000
3385 0.116279
3386 0.244186
3387 0.372093
3388 0.450000
3389 0.232558
3390 0.360465
3391 0.488372
3392 -0.666667
3393 -0.125000
3394 0.107143
3395 0.339286
3396 -0.285714
3397 -0.156977
3398 -0.011628
3399 0.133721
3400 0.000000
3401 -0.029070
3402 0.116279
3403 0.261628
3404 0.285714
3405 0.098837
3406 0.244186
3407 0.389535
3408 -0.550000
3409 -0.216216
3410 -0.040541
3411 0.135135
3412 -0.350000
3413 -0.219048
3414 -0.100000
3415 0.019048
3416 -0.150000
3417 -0.114286
3418 0.004762
3419 0.123810
3420 0.050000
3421 -0.009524
3422 0.109524
3423 0.228571
3424 -0.200000
3425 -0.094595
3426 0.081081
3427 0.256757
3428 -0.200000
3429 -0.128571
3430 -0.009524
3431 0.109524
3432 0.000000
3433 -0.023810
3434 0.095238
3435 0.214286
3436 0.200000
3437 0.080952
3438 0.200000
3439 0.319048
3440 0.150000
3441 0.027027
3442 0.202703
3443 0.378378
3444 -0.050000
3445 -0.038095
3446 0.080952
3447 0.200000
3448 0.150000
3449 0.066667
3450 0.185714
3451 0.304762
3452 0.350000
3453 0.171429
3454 0.290476
3455 0.409524
3456 -0.000000
3457 -0.000000
3458 0.232143
3459 0.464286
3460 -0.142857
3461 -0.063953
3462 0.081395
3463 0.226744
3464 0.142857
3465 0.063953
3466 0.209302
3467 0.354651
3468 0.428571
3469 0.191860
3470 0.337209
3471 0.482558
3472 -0.350000
3473 -0.121622
3474 0.054054
3475 0.229730
3476 -0.250000
3477 -0.142857
3478 -0.023810
3479 0.095238
3480 -0.050000
3481 -0.038095
3482 0.080952
3483 0.200000
3484 0.150000
3485 0.066667
3486 0.185714
3487 0.304762
3488 -0.000000
3489 -0.000000
3490 0.175676
3491 0.351351
3492 -0.100000
3493 -0.052381
3494 0.066667
3495 0.185714
3496 0.100000
3497 0.052381
3498 0.171429
3499 0.290476
3500 0.300000
3501 0.157143
3502 0.276190
3503 0.395238
3504 0.350000
3505 0.121622
3506 0.297297
3507 0.472973
3508 0.050000
3509 0.038095
3510 0.157143
3511 0.276190
3512 0.250000
3513 0.142857
3514 0.261905
3515 0.380952
3516 0.450000
3517 0.247619
3518 0.366667
3519 0.485714
3520 0.666667
3521 0.125000
3522 0.357143
3523 0.589286
3524 0.000000
3525 0.029070
3526 0.174419
3527 0.319767
3528 0.285714
3529 0.156977
3530 0.302326
3531 0.447674
3532 0.571429
3533 0.284884
3534 0.430233
3535 0.575581
3536 -0.150514
3537 -0.027027
3538 0.148649
3539 0.324324
3540 -0.150000
3541 -0.066667
3542 0.052381
3543 0.171429
3544 0.050000
3545 0.038095
3546 0.157143
3547 0.276190
3548 0.250000
3549 0.142857
3550 0.261905
3551 0.380952
3552 0.200000
3553 0.094595
3554 0.270270
3555 0.445946
3556 -0.000000
3557 0.023810
3558 0.142857
3559 0.261905
3560 0.200000
3561 0.128571
3562 0.247619
3563 0.366667
3564 0.400000
3565 0.233333
3566 0.352381
3567 0.471429
3568 0.550000
3569 0.216216
3570 0.391892
3571 0.567568
3572 0.150000
3573 0.114286
3574 0.233333
3575 0.352381
3576 0.350000
3577 0.219048
3578 0.338095
3579 0.457143
3580 0.550000
3581 0.323810
3582 0.442857
3583 0.561905
3584 -0.500000
3585 0.047619
3586 0.321429
3587 0.595238
3588 -0.153846
3589 -0.029412
3590 0.132353
3591 0.294118
3592 0.192308
3593 0.117647
3594 0.279412
3595 0.441176
3596 0.538462
3597 0.264706
3598 0.426471
3599 0.588235
3600 -0.499561
3601 -0.110169
3602 0.084746
3603 0.279661
3604 -0.275000
3605 -0.127907
3606 -0.000000
3607 0.127907
3608 -0.050000
3609 -0.011628
3610 0.116279
3611 0.244186
3612 0.175000
3613 0.104651
3614 0.232558
3615 0.360465
3616 -0.036074
3617 0.033898
3618 0.228814
3619 0.423729
3620 -0.100000
3621 -0.023256
3622 0.104651
3623 0.232558
3624 0.125000
3625 0.093023
3626 0.220930
3627 0.348837
3628 0.350000
3629 0.209302
3630 0.337209
3631 0.465116
3632 0.428571
3633 0.177966
3634 0.372881
3635 0.567797
3636 0.075000
3637 0.081395
3638 0.209302
3639 0.337209
3640 0.300000
3641 0.197674
3642 0.325581
3643 0.453488
3644 0.525000
3645 0.313953
3646 0.441860
3647 0.569767
3648 -0.500000
3649 -0.035714
3650 0.196429
3651 0.428571
3652 -0.214286
3653 -0.081395
3654 0.063953
3655 0.209302
3656 0.071429
3657 0.046512
3658 0.191860
3659 0.337209
3660 0.357143
3661 0.174419
3662 0.319767
3663 0.465116
3664 -0.500000
3665 -0.148649
3666 0.027027
3667 0.202703
3668 -0.300000
3669 -0.157143
3670 -0.038095
3671 0.080952
3672 -0.100000
3673 -0.052381
3674 0.066667
3675 0.185714
3676 0.100000
3677 0.052381
3678 0.171429
3679 0.290476
3680 -0.150514
3681 -0.027027
3682 0.148649
3683 0.324324
3684 -0.150000
3685 -0.066667
3686 0.052381
3687 0.171429
3688 0.050000
3689 0.038095
3690 0.157143
3691 0.276190
3692 0.250000
3693 0.142857
3694 0.261905
3695 0.380952
3696 0.200000
3697 0.094595
3698 0.270270
3699 0.445946
3700 0.000000
3701 0.023810
3702 0.142857
3703 0.261905
3704 0.200000
3705 0.128571
3706 0.247619
3707 0.366667
3708 0.400000
3709 0.233333
3710 0.352381
3711 0.471429
3712 0.166667
3713 0.089286
3714 0.321429
3715 0.553571
3716 -0.071429
3717 0.011628
3718 0.156977
3719 0.302326
3720 0.214286
3721 0.139535
3722 0.284884
3723 0.430233
3724 0.500000
3725 0.267442
3726 0.412791
3727 0.558140
3728 -0.300000
3729 -0.054054
3730 0.121622
3731 0.297297
3732 -0.200000
3733 -0.080952
3734 0.038095
3735 0.157143
3736 0.000000
3737 0.023810
3738 0.142857
3739 0.261905
3740 0.200000
3741 0.128571
3742 0.247619
3743 0.366667
3744 0.050000
3745 0.067568
3746 0.243243
3747 0.418919
3748 -0.050000
3749 0.009524
3750 0.128571
3751 0.247619
3752 0.150000
3753 0.114286
3754 0.233333
3755 0.352381
3756 0.350000
3757 0.219048
3758 0.338095
3759 0.457143
3760 0.400000
3761 0.189189
3762 0.364865
3763 0.540541
3764 0.100000
3765 0.100000
3766 0.219048
3767 0.338095
3768 0.300000
3769 0.204762
3770 0.323810
3771 0.442857
3772 0.500000
3773 0.309524
3774 0.428571
3775 0.547619
3776 0.833333
3777 0.214286
3778 0.446429
3779 0.678571
3780 0.071429
3781 0.104651
3782 0.250000
3783 0.395349
3784 0.357143
3785 0.232558
3786 0.377907
3787 0.523256
3788 0.642857
3789 0.360465
3790 0.505814
3791 0.651163
3792 -0.100343
3793 0.040541
3794 0.216216
3795 0.391892
3796 -0.100000
3797 -0.004762
3798 0.114286
3799 0.233333
3800 0.100000
3801 0.100000
3802 0.219048
3803 0.338095
3804 0.300000
3805 0.204762
3806 0.323810
3807 0.442857
3808 0.250000
3809 0.162162
3810 0.337838
3811 0.513514
3812 0.050000
3813 0.085714
3814 0.204762
3815 0.323810
3816 0.250000
3817 0.190476
3818 0.309524
3819 0.428571
3820 0.450000
3821 0.295238
3822 0.414286
3823 0.533333
3824 0.600000
3825 0.283784
3826 0.459459
3827 0.635135
3828 0.200000
3829 0.176190
3830 0.295238
3831 0.414286
3832 0.400000
3833 0.280952
3834 0.400000
3835 0.519048
3836 0.600000
3837 0.385714
3838 0.504762
3839 0.623810
3840 1.000000
3841 0.178571
3842 0.452381
3843 0.726190
3844 -0.038462
3845 0.073529
3846 0.235294
3847 0.397059
3848 0.307692
3849 0.220588
3850 0.382353
3851 0.544118
3852 0.653846
3853 0.367647
3854 0.529412
3855 0.691176
3856 -0.392732
3857 -0.016949
3858 0.177966
3859 0.372881
3860 -0.200000
3861 -0.046512
3862 0.081395
3863 0.209302
3864 0.025000
3865 0.069767
3866 0.197674
3867 0.325581
3868 0.250000
3869 0.186047
3870 0.313953
3871 0.441860
3872 0.071429
3873 0.127119
3874 0.322034
3875 0.516949
3876 -0.025000
3877 0.058139
3878 0.186047
3879 0.313953
3880 0.200000
3881 0.174419
3882 0.302326
3883 0.430233
3884 0.425000
3885 0.290698
3886 0.418605
3887 0.546512
3888 0.535714
3889 0.271186
3890 0.466102
3891 0.661017
3892 0.150000
3893 0.162791
3894 0.290698
3895 0.418605
3896 0.375000
3897 0.279070
3898 0.406977
3899 0.534884
3900 0.600000
3901 0.395349
3902 0.523256
3903 0.651163
3904 -0.333333
3905 0.053571
3906 0.285714
3907 0.517857
3908 -0.142857
3909 -0.005814
3910 0.139535
3911 0.284884
3912 0.142857
3913 0.122093
3914 0.267442
3915 0.412791
3916 0.428571
3917 0.250000
3918 0.395349
3919 0.540698
3920 -0.450000
3921 -0.081081
3922 0.094595
3923 0.270270
3924 -0.250000
3925 -0.095238
3926 0.023810
3927 0.142857
3928 -0.050000
3929 0.009524
3930 0.128571
3931 0.247619
3932 0.150000
3933 0.114286
3934 0.233333
3935 0.352381
3936 -0.100343
3937 0.040541
3938 0.216216
3939 0.391892
3940 -0.100000
3941 -0.004762
3942 0.114286
3943 0.233333
3944 0.100000
3945 0.100000
3946 0.219048
3947 0.338095
3948 0.300000
3949 0.204762
3950 0.323810
3951 0.442857
3952 0.250000
3953 0.162162
3954 0.337838
3955 0.513514
3956 0.050000
3957 0.085714
3958 0.204762
3959 0.323810
3960 0.250000
3961 0.190476
3962 0.309524
3963 0.428571
3964 0.450000
3965 0.295238
3966 0.414286
3967 0.533333
3968 0.333333
3969 0.178571
3970 0.410714
3971 0.642857
3972 -0.000000
3973 0.087209
3974 0.232558
3975 0.377907
3976 0.285714
3977 0.215116
3978 0.360465
3979 0.505814
3980 0.571429
3981 0.343023
3982 0.488372
3983 0.633721
3984 -0.250000
3985 0.013513
3986 0.189189
3987 0.364865
3988 -0.150000
3989 -0.019048
3990 0.100000
3991 0.219048
3992 0.050000
3993 0.085714
3994 0.204762
3995 0.323810
3996 0.250000
3997 0.190476
3998 0.309524
3999 0.428571
4000 0.100000
4001 0.135135
4002 0.310811
4003 0.486486
4004 -0.000000
4005 0.071429
4006 0.190476
4007 0.309524
4008 0.200000
4009 0.176190
4010 0.295238
4011 0.414286
4012 0.400000
4013 0.280952
4014 0.400000
4015 0.519048
4016 0.450000
4017 0.256757
4018 0.432432
4019 0.608108
4020 0.150000
4021 0.161905
4022 0.280952
4023 0.400000
4024 0.350000
4025 0.266667
4026 0.385714
4027 0.504762
4028 0.550000
4029 0.371429
4030 0.490476
4031 0.609524
4032 1.000000
4033 0.303571
4034 0.535714
4035 0.767857
4036 0.142857
4037 0.180233
4038 0.325581
4039 0.470930
4040 0.428571
4041 0.308140
4042 0.453488
4043 0.598837
4044 0.714286
4045 0.436047
4046 0.581395
4047 0.726744
4048 -0.050171
4049 0.108108
4050 0.283784
4051 0.459459
4052 -0.050000
4053 0.057143
4054 0.176190
4055 0.295238
4056 0.150000
4057 0.161905
4058 0.280952
4059 0.400000
4060 0.350000
4061 0.266667
4062 0.385714
4063 0.504762
4064 0.300000
4065 0.229730
4066 0.405405
4067 0.581081
4068 0.100000
4069 0.147619
4070 0.266667
4071 0.385714
4072 0.300000
4073 0.252381
4074 0.371429
4075 0.490476
4076 0.500000
4077 0.357143
4078 0.476190
4079 0.595238
4080 0.650000
4081 0.351351
4082 0.527027
4083 0.702703
4084 0.250000
4085 0.238095
4086 0.357143
4087 0.476190
4088 0.450000
4089 0.342857
4090 0.461905
4091 0.580952
4092 0.650000
4093 0.447619
4094 0.566667
4095 0.685714
