#CSC Position Offset LUT
#Structure is comparator code (iCC) -> Stub position offset
#iCC bits: 12
#<header> v1.0 12 32 </header>
0 7
1 7
2 7
3 7
4 7
5 7
6 7
7 7
8 7
9 7
10 13
11 11
12 7
13 15
14 15
15 15
16 7
17 7
18 7
19 7
20 7
21 7
22 7
23 7
24 7
25 9
26 9
27 8
28 7
29 11
30 11
31 10
32 7
33 7
34 9
35 9
36 7
37 9
38 9
39 9
40 9
41 10
42 10
43 9
44 9
45 11
46 11
47 11
48 7
49 11
50 11
51 11
52 11
53 11
54 11
55 11
56 11
57 12
58 11
59 11
60 11
61 12
62 12
63 12
64 7
65 7
66 7
67 7
68 7
69 7
70 7
71 7
72 7
73 8
74 8
75 8
76 9
77 9
78 9
79 9
80 7
81 7
82 6
83 7
84 7
85 7
86 7
87 7
88 8
89 7
90 7
91 8
92 9
93 9
94 9
95 9
96 7
97 7
98 8
99 8
100 8
101 8
102 8
103 8
104 8
105 8
106 8
107 8
108 9
109 9
110 9
111 9
112 11
113 9
114 9
115 9
116 10
117 9
118 9
119 9
120 10
121 10
122 10
123 10
124 10
125 10
126 10
127 10
128 7
129 7
130 8
131 8
132 7
133 7
134 8
135 8
136 9
137 8
138 8
139 9
140 10
141 10
142 9
143 10
144 7
145 7
146 8
147 8
148 8
149 7
150 8
151 8
152 9
153 8
154 8
155 8
156 10
157 9
158 9
159 9
160 9
161 8
162 8
163 9
164 8
165 8
166 8
167 9
168 9
169 9
170 9
171 9
172 10
173 9
174 9
175 9
176 11
177 9
178 9
179 10
180 10
181 9
182 9
183 9
184 10
185 10
186 10
187 10
188 11
189 10
190 10
191 10
192 7
193 8
194 9
195 10
196 9
197 9
198 9
199 10
200 10
201 9
202 10
203 10
204 11
205 10
206 10
207 11
208 7
209 8
210 9
211 9
212 9
213 8
214 9
215 9
216 10
217 9
218 9
219 10
220 11
221 10
222 10
223 10
224 9
225 9
226 9
227 10
228 9
229 9
230 9
231 10
232 10
233 9
234 9
235 10
236 11
237 10
238 10
239 10
240 11
241 10
242 10
243 10
244 10
245 10
246 10
247 10
248 11
249 10
250 10
251 10
252 11
253 11
254 11
255 11
256 7
257 7
258 7
259 7
260 7
261 7
262 6
263 7
264 7
265 7
266 7
267 8
268 10
269 9
270 9
271 9
272 7
273 7
274 6
275 7
276 7
277 6
278 6
279 7
280 8
281 7
282 7
283 8
284 9
285 8
286 8
287 8
288 7
289 7
290 7
291 8
292 8
293 7
294 7
295 8
296 9
297 8
298 8
299 8
300 10
301 9
302 9
303 9
304 11
305 9
306 9
307 9
308 10
309 9
310 9
311 9
312 10
313 9
314 9
315 9
316 10
317 10
318 10
319 10
320 7
321 7
322 6
323 7
324 7
325 6
326 6
327 7
328 8
329 7
330 7
331 8
332 10
333 8
334 8
335 8
336 7
337 6
338 6
339 7
340 7
341 6
342 6
343 7
344 8
345 7
346 7
347 7
348 9
349 8
350 8
351 8
352 9
353 7
354 7
355 8
356 8
357 7
358 7
359 8
360 9
361 8
362 8
363 8
364 9
365 9
366 8
367 9
368 11
369 8
370 8
371 9
372 9
373 8
374 8
375 9
376 10
377 9
378 9
379 9
380 10
381 9
382 9
383 9
384 7
385 6
386 7
387 8
388 8
389 7
390 7
391 8
392 9
393 8
394 8
395 8
396 10
397 9
398 9
399 9
400 8
401 6
402 7
403 8
404 8
405 7
406 7
407 8
408 9
409 8
410 8
411 8
412 10
413 9
414 8
415 9
416 9
417 7
418 8
419 8
420 8
421 7
422 8
423 8
424 9
425 8
426 8
427 8
428 10
429 9
430 9
431 9
432 11
433 9
434 9
435 9
436 10
437 8
438 8
439 9
440 10
441 9
442 9
443 9
444 10
445 10
446 9
447 10
448 15
449 8
450 8
451 9
452 9
453 8
454 8
455 9
456 10
457 9
458 9
459 9
460 11
461 10
462 10
463 10
464 10
465 7
466 8
467 9
468 9
469 8
470 8
471 9
472 9
473 8
474 9
475 9
476 10
477 9
478 9
479 9
480 10
481 8
482 8
483 9
484 9
485 8
486 8
487 9
488 10
489 9
490 9
491 9
492 10
493 10
494 9
495 10
496 12
497 9
498 9
499 10
500 10
501 9
502 9
503 9
504 10
505 9
506 9
507 10
508 11
509 10
510 10
511 10
512 7
513 7
514 7
515 8
516 7
517 7
518 7
519 8
520 9
521 8
522 8
523 8
524 11
525 9
526 9
527 9
528 7
529 6
530 7
531 8
532 7
533 7
534 7
535 8
536 9
537 8
538 8
539 8
540 10
541 9
542 9
543 9
544 9
545 7
546 8
547 8
548 8
549 7
550 8
551 8
552 9
553 8
554 8
555 9
556 10
557 9
558 9
559 9
560 11
561 9
562 9
563 9
564 10
565 9
566 9
567 9
568 10
569 9
570 9
571 9
572 11
573 10
574 10
575 10
576 7
577 6
578 7
579 8
580 7
581 6
582 7
583 8
584 9
585 8
586 8
587 8
588 10
589 9
590 9
591 9
592 7
593 6
594 7
595 8
596 7
597 7
598 7
599 8
600 8
601 7
602 8
603 8
604 10
605 9
606 8
607 9
608 9
609 7
610 7
611 8
612 8
613 7
614 8
615 8
616 9
617 8
618 8
619 8
620 10
621 9
622 9
623 9
624 11
625 8
626 8
627 9
628 9
629 8
630 8
631 9
632 10
633 9
634 9
635 9
636 10
637 10
638 9
639 10
640 9
641 6
642 7
643 8
644 8
645 7
646 7
647 8
648 9
649 8
650 8
651 8
652 10
653 9
654 9
655 9
656 8
657 7
658 7
659 8
660 8
661 7
662 7
663 8
664 9
665 8
666 8
667 8
668 10
669 9
670 9
671 9
672 9
673 7
674 8
675 8
676 8
677 8
678 8
679 8
680 9
681 8
682 8
683 9
684 10
685 9
686 9
687 9
688 11
689 9
690 9
691 9
692 10
693 8
694 9
695 9
696 10
697 9
698 9
699 9
700 11
701 10
702 9
703 10
704 13
705 8
706 8
707 9
708 9
709 8
710 8
711 9
712 10
713 9
714 9
715 9
716 11
717 10
718 10
719 10
720 9
721 8
722 8
723 9
724 9
725 8
726 8
727 9
728 9
729 8
730 9
731 9
732 10
733 9
734 9
735 10
736 10
737 8
738 8
739 9
740 9
741 8
742 8
743 9
744 10
745 9
746 9
747 9
748 11
749 10
750 9
751 10
752 12
753 9
754 9
755 10
756 10
757 9
758 9
759 9
760 10
761 9
762 9
763 10
764 11
765 10
766 10
767 10
768 7
769 7
770 8
771 9
772 8
773 8
774 8
775 9
776 10
777 9
778 9
779 9
780 11
781 10
782 10
783 10
784 7
785 7
786 8
787 9
788 8
789 7
790 8
791 9
792 9
793 8
794 9
795 9
796 11
797 10
798 9
799 10
800 9
801 8
802 8
803 9
804 9
805 8
806 8
807 9
808 10
809 9
810 9
811 9
812 11
813 10
814 10
815 10
816 11
817 9
818 9
819 10
820 10
821 9
822 9
823 10
824 10
825 10
826 10
827 10
828 11
829 10
830 10
831 10
832 3
833 7
834 8
835 9
836 8
837 7
838 8
839 9
840 9
841 8
842 8
843 9
844 11
845 9
846 9
847 10
848 6
849 7
850 8
851 8
852 8
853 7
854 8
855 8
856 9
857 8
858 8
859 9
860 10
861 9
862 9
863 9
864 8
865 7
866 8
867 9
868 8
869 8
870 8
871 9
872 9
873 8
874 9
875 9
876 10
877 9
878 9
879 10
880 11
881 9
882 9
883 9
884 10
885 9
886 9
887 9
888 10
889 9
890 9
891 10
892 11
893 10
894 10
895 10
896 7
897 7
898 8
899 9
900 8
901 7
902 8
903 9
904 9
905 8
906 9
907 9
908 11
909 10
910 9
911 10
912 7
913 7
914 8
915 9
916 8
917 7
918 8
919 9
920 9
921 8
922 8
923 9
924 10
925 9
926 9
927 10
928 9
929 8
930 8
931 9
932 9
933 8
934 8
935 9
936 9
937 9
938 9
939 9
940 10
941 9
942 9
943 10
944 11
945 9
946 9
947 10
948 10
949 9
950 9
951 9
952 10
953 9
954 9
955 10
956 11
957 10
958 10
959 10
960 11
961 8
962 9
963 9
964 9
965 8
966 9
967 9
968 10
969 9
970 9
971 10
972 11
973 10
974 10
975 10
976 9
977 8
978 8
979 9
980 9
981 8
982 8
983 9
984 10
985 9
986 9
987 9
988 11
989 10
990 10
991 10
992 10
993 8
994 9
995 9
996 9
997 8
998 9
999 9
1000 10
1001 9
1002 9
1003 10
1004 11
1005 10
1006 10
1007 10
1008 11
1009 9
1010 9
1011 10
1012 10
1013 9
1014 9
1015 10
1016 10
1017 10
1018 10
1019 10
1020 11
1021 10
1022 10
1023 10
1024 7
1025 7
1026 7
1027 9
1028 7
1029 7
1030 8
1031 9
1032 7
1033 8
1034 9
1035 9
1036 11
1037 10
1038 10
1039 10
1040 7
1041 7
1042 7
1043 8
1044 7
1045 7
1046 7
1047 8
1048 9
1049 8
1050 8
1051 9
1052 10
1053 9
1054 9
1055 10
1056 7
1057 8
1058 8
1059 9
1060 9
1061 8
1062 8
1063 9
1064 9
1065 9
1066 9
1067 9
1068 11
1069 10
1070 10
1071 10
1072 11
1073 9
1074 9
1075 10
1076 10
1077 9
1078 9
1079 10
1080 10
1081 10
1082 10
1083 10
1084 11
1085 10
1086 10
1087 10
1088 7
1089 7
1090 7
1091 8
1092 7
1093 7
1094 7
1095 8
1096 9
1097 8
1098 8
1099 9
1100 10
1101 9
1102 9
1103 9
1104 7
1105 6
1106 7
1107 8
1108 7
1109 7
1110 7
1111 8
1112 8
1113 8
1114 8
1115 8
1116 10
1117 9
1118 9
1119 9
1120 8
1121 7
1122 8
1123 8
1124 8
1125 7
1126 8
1127 8
1128 9
1129 8
1130 8
1131 9
1132 10
1133 9
1134 9
1135 9
1136 10
1137 9
1138 9
1139 9
1140 10
1141 9
1142 9
1143 9
1144 10
1145 9
1146 9
1147 9
1148 11
1149 10
1150 10
1151 10
1152 7
1153 7
1154 8
1155 9
1156 8
1157 7
1158 8
1159 8
1160 9
1161 8
1162 8
1163 9
1164 11
1165 9
1166 9
1167 10
1168 7
1169 7
1170 7
1171 8
1172 8
1173 7
1174 8
1175 8
1176 9
1177 8
1178 8
1179 9
1180 10
1181 9
1182 9
1183 9
1184 9
1185 8
1186 8
1187 9
1188 8
1189 8
1190 8
1191 9
1192 9
1193 8
1194 9
1195 9
1196 10
1197 9
1198 9
1199 9
1200 11
1201 9
1202 9
1203 9
1204 10
1205 9
1206 9
1207 9
1208 10
1209 9
1210 9
1211 10
1212 11
1213 10
1214 10
1215 10
1216 11
1217 8
1218 9
1219 9
1220 9
1221 8
1222 9
1223 9
1224 10
1225 9
1226 9
1227 10
1228 11
1229 10
1230 10
1231 10
1232 9
1233 8
1234 8
1235 9
1236 9
1237 8
1238 8
1239 9
1240 10
1241 9
1242 9
1243 9
1244 11
1245 10
1246 10
1247 10
1248 10
1249 8
1250 9
1251 9
1252 9
1253 8
1254 9
1255 9
1256 10
1257 9
1258 9
1259 9
1260 11
1261 10
1262 10
1263 10
1264 11
1265 9
1266 9
1267 10
1268 10
1269 9
1270 9
1271 10
1272 11
1273 10
1274 10
1275 10
1276 11
1277 10
1278 10
1279 10
1280 7
1281 7
1282 7
1283 8
1284 7
1285 6
1286 7
1287 8
1288 9
1289 8
1290 8
1291 8
1292 11
1293 9
1294 9
1295 9
1296 7
1297 6
1298 7
1299 8
1300 7
1301 6
1302 7
1303 8
1304 9
1305 8
1306 8
1307 8
1308 10
1309 9
1310 9
1311 9
1312 9
1313 7
1314 8
1315 8
1316 8
1317 7
1318 8
1319 8
1320 9
1321 8
1322 8
1323 9
1324 10
1325 9
1326 9
1327 9
1328 11
1329 9
1330 9
1331 9
1332 10
1333 9
1334 9
1335 9
1336 10
1337 9
1338 9
1339 9
1340 11
1341 10
1342 10
1343 10
1344 7
1345 5
1346 7
1347 8
1348 7
1349 6
1350 7
1351 8
1352 9
1353 7
1354 8
1355 8
1356 10
1357 9
1358 9
1359 9
1360 6
1361 6
1362 7
1363 8
1364 7
1365 6
1366 7
1367 8
1368 8
1369 7
1370 8
1371 8
1372 10
1373 9
1374 8
1375 9
1376 8
1377 7
1378 7
1379 8
1380 8
1381 7
1382 7
1383 8
1384 9
1385 8
1386 8
1387 8
1388 10
1389 9
1390 9
1391 9
1392 10
1393 8
1394 8
1395 9
1396 9
1397 8
1398 8
1399 9
1400 10
1401 9
1402 9
1403 9
1404 10
1405 9
1406 9
1407 10
1408 8
1409 6
1410 7
1411 8
1412 8
1413 7
1414 7
1415 8
1416 9
1417 8
1418 8
1419 8
1420 10
1421 9
1422 9
1423 9
1424 7
1425 6
1426 7
1427 8
1428 8
1429 7
1430 7
1431 8
1432 9
1433 8
1434 8
1435 8
1436 10
1437 9
1438 9
1439 9
1440 9
1441 7
1442 8
1443 8
1444 8
1445 7
1446 8
1447 8
1448 9
1449 8
1450 8
1451 9
1452 10
1453 9
1454 9
1455 9
1456 11
1457 9
1458 9
1459 9
1460 10
1461 8
1462 8
1463 9
1464 10
1465 9
1466 9
1467 9
1468 11
1469 10
1470 9
1471 10
1472 11
1473 8
1474 8
1475 9
1476 9
1477 8
1478 8
1479 9
1480 10
1481 9
1482 9
1483 9
1484 11
1485 10
1486 9
1487 10
1488 9
1489 7
1490 8
1491 9
1492 9
1493 8
1494 8
1495 9
1496 9
1497 8
1498 8
1499 9
1500 10
1501 9
1502 9
1503 9
1504 10
1505 8
1506 8
1507 9
1508 9
1509 8
1510 8
1511 9
1512 10
1513 9
1514 9
1515 9
1516 11
1517 10
1518 9
1519 10
1520 11
1521 9
1522 9
1523 10
1524 10
1525 9
1526 9
1527 9
1528 10
1529 9
1530 9
1531 10
1532 11
1533 10
1534 10
1535 10
1536 7
1537 6
1538 7
1539 8
1540 8
1541 7
1542 7
1543 8
1544 9
1545 8
1546 8
1547 9
1548 11
1549 9
1550 9
1551 9
1552 7
1553 6
1554 7
1555 8
1556 7
1557 7
1558 7
1559 8
1560 9
1561 8
1562 8
1563 8
1564 10
1565 9
1566 9
1567 9
1568 9
1569 7
1570 8
1571 8
1572 8
1573 7
1574 8
1575 8
1576 9
1577 8
1578 8
1579 9
1580 10
1581 9
1582 9
1583 9
1584 11
1585 9
1586 9
1587 9
1588 10
1589 9
1590 9
1591 9
1592 10
1593 9
1594 9
1595 9
1596 11
1597 10
1598 10
1599 10
1600 5
1601 6
1602 7
1603 8
1604 7
1605 7
1606 7
1607 8
1608 9
1609 8
1610 8
1611 8
1612 10
1613 9
1614 9
1615 9
1616 6
1617 6
1618 7
1619 8
1620 7
1621 7
1622 7
1623 8
1624 8
1625 8
1626 8
1627 8
1628 10
1629 9
1630 9
1631 9
1632 8
1633 7
1634 8
1635 8
1636 8
1637 7
1638 8
1639 8
1640 9
1641 8
1642 8
1643 9
1644 10
1645 9
1646 9
1647 9
1648 10
1649 8
1650 8
1651 9
1652 9
1653 8
1654 8
1655 9
1656 10
1657 9
1658 9
1659 9
1660 11
1661 10
1662 9
1663 10
1664 8
1665 6
1666 7
1667 8
1668 8
1669 7
1670 7
1671 8
1672 9
1673 8
1674 8
1675 9
1676 10
1677 9
1678 9
1679 9
1680 7
1681 7
1682 7
1683 8
1684 8
1685 7
1686 7
1687 8
1688 9
1689 8
1690 8
1691 8
1692 10
1693 9
1694 9
1695 9
1696 9
1697 7
1698 8
1699 8
1700 8
1701 8
1702 8
1703 8
1704 9
1705 8
1706 8
1707 9
1708 10
1709 9
1710 9
1711 9
1712 11
1713 9
1714 9
1715 9
1716 10
1717 8
1718 9
1719 9
1720 10
1721 9
1722 9
1723 9
1724 11
1725 10
1726 10
1727 10
1728 11
1729 8
1730 8
1731 9
1732 9
1733 8
1734 8
1735 9
1736 10
1737 9
1738 9
1739 9
1740 11
1741 10
1742 9
1743 10
1744 9
1745 8
1746 8
1747 9
1748 9
1749 8
1750 8
1751 9
1752 9
1753 8
1754 9
1755 9
1756 10
1757 9
1758 9
1759 10
1760 10
1761 8
1762 8
1763 9
1764 9
1765 8
1766 8
1767 9
1768 10
1769 9
1770 9
1771 9
1772 11
1773 10
1774 9
1775 10
1776 11
1777 9
1778 9
1779 10
1780 10
1781 9
1782 9
1783 9
1784 10
1785 9
1786 9
1787 10
1788 11
1789 10
1790 10
1791 10
1792 11
1793 7
1794 8
1795 9
1796 8
1797 7
1798 8
1799 9
1800 10
1801 8
1802 9
1803 9
1804 11
1805 10
1806 10
1807 10
1808 8
1809 7
1810 8
1811 9
1812 8
1813 7
1814 8
1815 9
1816 9
1817 8
1818 8
1819 9
1820 11
1821 9
1822 9
1823 10
1824 9
1825 8
1826 8
1827 9
1828 9
1829 8
1830 8
1831 9
1832 10
1833 9
1834 9
1835 9
1836 11
1837 10
1838 10
1839 10
1840 11
1841 9
1842 9
1843 10
1844 10
1845 9
1846 9
1847 10
1848 10
1849 9
1850 9
1851 10
1852 11
1853 10
1854 10
1855 10
1856 6
1857 7
1858 8
1859 9
1860 8
1861 7
1862 8
1863 9
1864 9
1865 8
1866 8
1867 9
1868 11
1869 9
1870 9
1871 10
1872 7
1873 7
1874 7
1875 8
1876 8
1877 7
1878 8
1879 8
1880 9
1881 8
1882 8
1883 9
1884 10
1885 9
1886 9
1887 9
1888 9
1889 7
1890 8
1891 9
1892 8
1893 8
1894 8
1895 9
1896 9
1897 8
1898 8
1899 9
1900 10
1901 9
1902 9
1903 10
1904 11
1905 9
1906 9
1907 9
1908 10
1909 9
1910 9
1911 9
1912 10
1913 9
1914 9
1915 9
1916 11
1917 10
1918 10
1919 10
1920 8
1921 7
1922 8
1923 9
1924 8
1925 7
1926 8
1927 9
1928 9
1929 8
1930 9
1931 9
1932 11
1933 9
1934 9
1935 10
1936 8
1937 7
1938 8
1939 9
1940 8
1941 7
1942 8
1943 9
1944 9
1945 8
1946 8
1947 9
1948 10
1949 9
1950 9
1951 9
1952 9
1953 8
1954 8
1955 9
1956 9
1957 8
1958 8
1959 9
1960 9
1961 8
1962 9
1963 9
1964 10
1965 9
1966 9
1967 10
1968 11
1969 9
1970 9
1971 9
1972 10
1973 9
1974 9
1975 9
1976 10
1977 9
1978 9
1979 10
1980 11
1981 10
1982 10
1983 10
1984 11
1985 8
1986 8
1987 9
1988 9
1989 8
1990 8
1991 9
1992 10
1993 9
1994 9
1995 9
1996 11
1997 10
1998 10
1999 10
2000 9
2001 8
2002 8
2003 9
2004 9
2005 8
2006 8
2007 9
2008 10
2009 9
2010 9
2011 9
2012 11
2013 10
2014 10
2015 10
2016 10
2017 8
2018 9
2019 9
2020 9
2021 8
2022 9
2023 9
2024 10
2025 9
2026 9
2027 9
2028 11
2029 10
2030 10
2031 10
2032 11
2033 9
2034 9
2035 10
2036 10
2037 9
2038 9
2039 10
2040 11
2041 10
2042 10
2043 10
2044 11
2045 10
2046 10
2047 10
2048 7
2049 7
2050 8
2051 10
2052 7
2053 8
2054 8
2055 9
2056 10
2057 9
2058 9
2059 10
2060 12
2061 10
2062 10
2063 11
2064 7
2065 7
2066 8
2067 9
2068 8
2069 7
2070 8
2071 9
2072 9
2073 9
2074 9
2075 9
2076 11
2077 10
2078 10
2079 10
2080 9
2081 8
2082 9
2083 9
2084 9
2085 8
2086 9
2087 9
2088 10
2089 9
2090 9
2091 10
2092 11
2093 10
2094 10
2095 10
2096 11
2097 9
2098 10
2099 10
2100 10
2101 9
2102 9
2103 10
2104 11
2105 10
2106 10
2107 10
2108 12
2109 11
2110 11
2111 11
2112 7
2113 6
2114 8
2115 9
2116 8
2117 7
2118 8
2119 9
2120 9
2121 8
2122 9
2123 9
2124 11
2125 10
2126 10
2127 10
2128 6
2129 7
2130 8
2131 9
2132 7
2133 7
2134 8
2135 9
2136 9
2137 8
2138 8
2139 9
2140 10
2141 9
2142 9
2143 10
2144 8
2145 7
2146 8
2147 9
2148 8
2149 8
2150 8
2151 9
2152 9
2153 9
2154 9
2155 9
2156 10
2157 10
2158 10
2159 10
2160 10
2161 9
2162 9
2163 10
2164 10
2165 9
2166 9
2167 10
2168 10
2169 9
2170 9
2171 10
2172 11
2173 10
2174 10
2175 10
2176 7
2177 7
2178 8
2179 9
2180 8
2181 7
2182 8
2183 9
2184 9
2185 9
2186 9
2187 9
2188 11
2189 10
2190 10
2191 10
2192 7
2193 7
2194 8
2195 9
2196 8
2197 7
2198 8
2199 9
2200 9
2201 8
2202 9
2203 9
2204 10
2205 9
2206 9
2207 10
2208 8
2209 8
2210 8
2211 9
2212 8
2213 8
2214 8
2215 9
2216 9
2217 9
2218 9
2219 9
2220 10
2221 10
2222 10
2223 10
2224 10
2225 9
2226 9
2227 10
2228 10
2229 9
2230 9
2231 10
2232 10
2233 9
2234 9
2235 10
2236 11
2237 10
2238 10
2239 10
2240 10
2241 8
2242 9
2243 10
2244 9
2245 8
2246 9
2247 10
2248 10
2249 9
2250 9
2251 10
2252 11
2253 10
2254 10
2255 10
2256 9
2257 8
2258 9
2259 9
2260 9
2261 8
2262 9
2263 9
2264 10
2265 9
2266 9
2267 10
2268 11
2269 10
2270 10
2271 10
2272 9
2273 8
2274 9
2275 10
2276 9
2277 9
2278 9
2279 9
2280 10
2281 9
2282 9
2283 10
2284 11
2285 10
2286 10
2287 10
2288 11
2289 9
2290 10
2291 10
2292 10
2293 9
2294 9
2295 10
2296 11
2297 10
2298 10
2299 10
2300 11
2301 10
2302 10
2303 11
2304 7
2305 6
2306 7
2307 9
2308 8
2309 7
2310 8
2311 9
2312 9
2313 8
2314 8
2315 9
2316 11
2317 10
2318 10
2319 10
2320 6
2321 6
2322 7
2323 8
2324 7
2325 7
2326 8
2327 8
2328 9
2329 8
2330 8
2331 9
2332 10
2333 9
2334 9
2335 10
2336 8
2337 7
2338 8
2339 9
2340 8
2341 8
2342 8
2343 9
2344 9
2345 8
2346 9
2347 9
2348 11
2349 10
2350 9
2351 10
2352 11
2353 9
2354 9
2355 10
2356 10
2357 9
2358 9
2359 9
2360 10
2361 9
2362 9
2363 10
2364 11
2365 10
2366 10
2367 10
2368 2
2369 6
2370 7
2371 8
2372 7
2373 7
2374 7
2375 8
2376 9
2377 8
2378 8
2379 9
2380 10
2381 9
2382 9
2383 10
2384 5
2385 6
2386 7
2387 8
2388 7
2389 7
2390 7
2391 8
2392 8
2393 8
2394 8
2395 9
2396 10
2397 9
2398 9
2399 9
2400 8
2401 7
2402 8
2403 9
2404 8
2405 7
2406 8
2407 8
2408 9
2409 8
2410 8
2411 9
2412 10
2413 9
2414 9
2415 9
2416 10
2417 8
2418 9
2419 9
2420 9
2421 8
2422 9
2423 9
2424 10
2425 9
2426 9
2427 9
2428 11
2429 10
2430 10
2431 10
2432 6
2433 6
2434 8
2435 9
2436 8
2437 7
2438 8
2439 9
2440 9
2441 8
2442 8
2443 9
2444 11
2445 9
2446 9
2447 10
2448 7
2449 7
2450 7
2451 8
2452 7
2453 7
2454 8
2455 8
2456 9
2457 8
2458 8
2459 9
2460 10
2461 9
2462 9
2463 9
2464 8
2465 7
2466 8
2467 9
2468 8
2469 8
2470 8
2471 9
2472 9
2473 8
2474 8
2475 9
2476 10
2477 9
2478 9
2479 10
2480 10
2481 9
2482 9
2483 9
2484 9
2485 9
2486 9
2487 9
2488 10
2489 9
2490 9
2491 9
2492 11
2493 10
2494 10
2495 10
2496 10
2497 8
2498 8
2499 9
2500 9
2501 8
2502 8
2503 9
2504 10
2505 9
2506 9
2507 9
2508 11
2509 10
2510 10
2511 10
2512 8
2513 8
2514 8
2515 9
2516 8
2517 8
2518 8
2519 9
2520 9
2521 9
2522 9
2523 9
2524 11
2525 10
2526 9
2527 10
2528 9
2529 8
2530 8
2531 9
2532 9
2533 8
2534 8
2535 9
2536 10
2537 9
2538 9
2539 9
2540 11
2541 10
2542 10
2543 10
2544 11
2545 9
2546 9
2547 10
2548 10
2549 9
2550 9
2551 10
2552 10
2553 9
2554 9
2555 10
2556 11
2557 10
2558 10
2559 10
2560 1
2561 6
2562 8
2563 9
2564 8
2565 7
2566 8
2567 9
2568 9
2569 8
2570 8
2571 9
2572 11
2573 10
2574 9
2575 10
2576 6
2577 6
2578 7
2579 9
2580 7
2581 7
2582 8
2583 9
2584 9
2585 8
2586 8
2587 9
2588 10
2589 9
2590 9
2591 10
2592 8
2593 7
2594 8
2595 9
2596 8
2597 8
2598 8
2599 9
2600 9
2601 8
2602 9
2603 9
2604 11
2605 9
2606 9
2607 10
2608 11
2609 9
2610 9
2611 10
2612 10
2613 9
2614 9
2615 9
2616 10
2617 9
2618 9
2619 10
2620 11
2621 10
2622 10
2623 10
2624 3
2625 6
2626 7
2627 8
2628 7
2629 7
2630 7
2631 8
2632 9
2633 8
2634 8
2635 9
2636 11
2637 9
2638 9
2639 10
2640 6
2641 6
2642 7
2643 8
2644 7
2645 7
2646 7
2647 8
2648 9
2649 8
2650 8
2651 9
2652 10
2653 9
2654 9
2655 9
2656 8
2657 7
2658 8
2659 9
2660 8
2661 7
2662 8
2663 9
2664 9
2665 8
2666 8
2667 9
2668 10
2669 9
2670 9
2671 9
2672 10
2673 8
2674 9
2675 9
2676 9
2677 8
2678 9
2679 9
2680 10
2681 9
2682 9
2683 9
2684 11
2685 10
2686 10
2687 10
2688 6
2689 7
2690 8
2691 9
2692 8
2693 7
2694 8
2695 9
2696 9
2697 8
2698 8
2699 9
2700 11
2701 9
2702 9
2703 10
2704 7
2705 7
2706 7
2707 8
2708 7
2709 7
2710 8
2711 8
2712 9
2713 8
2714 8
2715 9
2716 10
2717 9
2718 9
2719 9
2720 8
2721 7
2722 8
2723 9
2724 8
2725 8
2726 8
2727 9
2728 9
2729 8
2730 8
2731 9
2732 10
2733 9
2734 9
2735 10
2736 10
2737 9
2738 9
2739 9
2740 9
2741 9
2742 9
2743 9
2744 10
2745 9
2746 9
2747 9
2748 11
2749 10
2750 10
2751 10
2752 10
2753 8
2754 8
2755 9
2756 9
2757 8
2758 8
2759 9
2760 10
2761 9
2762 9
2763 9
2764 11
2765 10
2766 10
2767 10
2768 8
2769 8
2770 8
2771 9
2772 8
2773 8
2774 8
2775 9
2776 9
2777 9
2778 9
2779 9
2780 11
2781 10
2782 9
2783 10
2784 9
2785 8
2786 8
2787 9
2788 9
2789 8
2790 8
2791 9
2792 10
2793 9
2794 9
2795 9
2796 11
2797 10
2798 10
2799 10
2800 11
2801 9
2802 9
2803 10
2804 10
2805 9
2806 9
2807 10
2808 10
2809 9
2810 9
2811 10
2812 11
2813 10
2814 10
2815 10
2816 7
2817 7
2818 8
2819 9
2820 8
2821 8
2822 8
2823 9
2824 10
2825 9
2826 9
2827 10
2828 11
2829 10
2830 10
2831 10
2832 7
2833 7
2834 8
2835 9
2836 8
2837 7
2838 8
2839 9
2840 9
2841 8
2842 9
2843 9
2844 11
2845 10
2846 10
2847 10
2848 9
2849 8
2850 8
2851 9
2852 9
2853 8
2854 8
2855 9
2856 10
2857 9
2858 9
2859 9
2860 11
2861 10
2862 10
2863 10
2864 11
2865 9
2866 9
2867 10
2868 10
2869 9
2870 9
2871 10
2872 10
2873 9
2874 10
2875 10
2876 11
2877 10
2878 10
2879 10
2880 5
2881 7
2882 8
2883 9
2884 8
2885 7
2886 8
2887 9
2888 9
2889 8
2890 9
2891 9
2892 11
2893 10
2894 9
2895 10
2896 6
2897 7
2898 8
2899 9
2900 7
2901 7
2902 8
2903 9
2904 9
2905 8
2906 8
2907 9
2908 10
2909 9
2910 9
2911 10
2912 8
2913 7
2914 8
2915 9
2916 8
2917 8
2918 8
2919 9
2920 9
2921 8
2922 9
2923 9
2924 10
2925 9
2926 9
2927 10
2928 10
2929 9
2930 9
2931 10
2932 10
2933 9
2934 9
2935 9
2936 10
2937 9
2938 9
2939 10
2940 11
2941 10
2942 10
2943 10
2944 7
2945 7
2946 8
2947 9
2948 8
2949 7
2950 8
2951 9
2952 9
2953 8
2954 9
2955 9
2956 11
2957 10
2958 10
2959 10
2960 7
2961 7
2962 8
2963 9
2964 8
2965 7
2966 8
2967 9
2968 9
2969 8
2970 8
2971 9
2972 10
2973 9
2974 9
2975 10
2976 8
2977 8
2978 8
2979 9
2980 8
2981 8
2982 8
2983 9
2984 9
2985 9
2986 9
2987 9
2988 10
2989 10
2990 9
2991 10
2992 10
2993 9
2994 9
2995 10
2996 10
2997 9
2998 9
2999 9
3000 10
3001 9
3002 9
3003 10
3004 11
3005 10
3006 10
3007 10
3008 10
3009 8
3010 9
3011 9
3012 9
3013 8
3014 9
3015 9
3016 10
3017 9
3018 9
3019 10
3020 11
3021 10
3022 10
3023 10
3024 9
3025 8
3026 8
3027 9
3028 9
3029 8
3030 8
3031 9
3032 10
3033 9
3034 9
3035 9
3036 11
3037 10
3038 10
3039 10
3040 9
3041 8
3042 9
3043 9
3044 9
3045 8
3046 9
3047 9
3048 10
3049 9
3050 9
3051 10
3052 11
3053 10
3054 10
3055 10
3056 11
3057 9
3058 9
3059 10
3060 10
3061 9
3062 9
3063 10
3064 10
3065 10
3066 10
3067 10
3068 11
3069 10
3070 10
3071 10
3072 7
3073 8
3074 9
3075 10
3076 9
3077 8
3078 9
3079 10
3080 11
3081 10
3082 10
3083 10
3084 12
3085 11
3086 11
3087 11
3088 7
3089 8
3090 9
3091 10
3092 8
3093 8
3094 9
3095 10
3096 10
3097 9
3098 9
3099 10
3100 11
3101 10
3102 10
3103 11
3104 9
3105 8
3106 9
3107 10
3108 9
3109 9
3110 9
3111 10
3112 10
3113 9
3114 10
3115 10
3116 11
3117 10
3118 10
3119 11
3120 11
3121 10
3122 10
3123 11
3124 10
3125 10
3126 10
3127 10
3128 11
3129 10
3130 10
3131 11
3132 12
3133 11
3134 11
3135 11
3136 3
3137 7
3138 8
3139 10
3140 8
3141 8
3142 9
3143 10
3144 10
3145 9
3146 9
3147 10
3148 11
3149 10
3150 10
3151 11
3152 6
3153 7
3154 8
3155 9
3156 8
3157 8
3158 8
3159 9
3160 9
3161 9
3162 9
3163 10
3164 11
3165 10
3166 10
3167 10
3168 8
3169 8
3170 9
3171 10
3172 8
3173 8
3174 9
3175 9
3176 9
3177 9
3178 9
3179 10
3180 11
3181 10
3182 10
3183 10
3184 10
3185 9
3186 9
3187 10
3188 10
3189 9
3190 9
3191 10
3192 10
3193 10
3194 10
3195 10
3196 11
3197 11
3198 10
3199 11
3200 6
3201 7
3202 8
3203 10
3204 8
3205 8
3206 9
3207 10
3208 10
3209 9
3210 9
3211 10
3212 11
3213 10
3214 10
3215 11
3216 6
3217 7
3218 8
3219 9
3220 8
3221 8
3222 8
3223 9
3224 9
3225 9
3226 9
3227 10
3228 11
3229 10
3230 10
3231 10
3232 8
3233 8
3234 9
3235 10
3236 8
3237 8
3238 9
3239 9
3240 9
3241 9
3242 9
3243 10
3244 11
3245 10
3246 10
3247 10
3248 10
3249 9
3250 9
3251 10
3252 10
3253 9
3254 9
3255 10
3256 10
3257 10
3258 10
3259 10
3260 11
3261 10
3262 10
3263 11
3264 9
3265 8
3266 9
3267 10
3268 9
3269 9
3270 9
3271 10
3272 10
3273 9
3274 10
3275 10
3276 12
3277 11
3278 10
3279 11
3280 8
3281 8
3282 9
3283 10
3284 9
3285 8
3286 9
3287 10
3288 10
3289 9
3290 9
3291 10
3292 11
3293 10
3294 10
3295 11
3296 9
3297 9
3298 9
3299 10
3300 9
3301 9
3302 9
3303 10
3304 10
3305 9
3306 10
3307 10
3308 11
3309 10
3310 10
3311 11
3312 11
3313 10
3314 10
3315 10
3316 10
3317 9
3318 10
3319 10
3320 11
3321 10
3322 10
3323 10
3324 11
3325 11
3326 11
3327 11
3328 0
3329 7
3330 8
3331 10
3332 8
3333 8
3334 8
3335 9
3336 10
3337 9
3338 9
3339 10
3340 12
3341 10
3342 10
3343 11
3344 5
3345 7
3346 8
3347 9
3348 8
3349 7
3350 8
3351 9
3352 9
3353 9
3354 9
3355 10
3356 11
3357 10
3358 10
3359 10
3360 8
3361 8
3362 8
3363 9
3364 8
3365 8
3366 9
3367 9
3368 10
3369 9
3370 9
3371 10
3372 11
3373 10
3374 10
3375 10
3376 11
3377 9
3378 9
3379 10
3380 10
3381 9
3382 9
3383 10
3384 10
3385 10
3386 10
3387 10
3388 11
3389 10
3390 10
3391 11
3392 1
3393 6
3394 8
3395 9
3396 7
3397 7
3398 8
3399 9
3400 9
3401 8
3402 9
3403 9
3404 11
3405 10
3406 10
3407 10
3408 5
3409 6
3410 8
3411 9
3412 7
3413 7
3414 8
3415 9
3416 9
3417 8
3418 9
3419 9
3420 10
3421 9
3422 9
3423 10
3424 7
3425 7
3426 8
3427 9
3428 8
3429 8
3430 8
3431 9
3432 9
3433 9
3434 9
3435 9
3436 10
3437 10
3438 10
3439 10
3440 10
3441 9
3442 9
3443 10
3444 9
3445 9
3446 9
3447 10
3448 10
3449 9
3450 9
3451 10
3452 11
3453 10
3454 10
3455 10
3456 5
3457 7
3458 8
3459 9
3460 7
3461 7
3462 8
3463 9
3464 9
3465 8
3466 9
3467 9
3468 11
3469 10
3470 10
3471 10
3472 6
3473 7
3474 8
3475 9
3476 7
3477 7
3478 8
3479 9
3480 9
3481 8
3482 9
3483 9
3484 10
3485 9
3486 9
3487 10
3488 8
3489 8
3490 8
3491 9
3492 8
3493 8
3494 8
3495 9
3496 9
3497 9
3498 9
3499 9
3500 10
3501 10
3502 10
3503 10
3504 10
3505 9
3506 9
3507 10
3508 9
3509 9
3510 9
3511 10
3512 10
3513 9
3514 9
3515 10
3516 11
3517 10
3518 10
3519 10
3520 8
3521 8
3522 9
3523 10
3524 9
3525 8
3526 9
3527 9
3528 10
3529 9
3530 9
3531 10
3532 11
3533 10
3534 10
3535 10
3536 8
3537 8
3538 8
3539 9
3540 8
3541 8
3542 8
3543 9
3544 9
3545 9
3546 9
3547 10
3548 11
3549 10
3550 10
3551 10
3552 9
3553 8
3554 9
3555 10
3556 9
3557 8
3558 9
3559 9
3560 10
3561 9
3562 9
3563 10
3564 11
3565 10
3566 10
3567 10
3568 10
3569 9
3570 9
3571 10
3572 10
3573 9
3574 9
3575 10
3576 10
3577 10
3578 10
3579 10
3580 11
3581 10
3582 10
3583 11
3584 0
3585 7
3586 8
3587 9
3588 8
3589 7
3590 8
3591 9
3592 10
3593 9
3594 9
3595 10
3596 11
3597 10
3598 10
3599 10
3600 5
3601 7
3602 8
3603 9
3604 7
3605 7
3606 8
3607 9
3608 9
3609 8
3610 9
3611 9
3612 11
3613 10
3614 10
3615 10
3616 8
3617 8
3618 8
3619 9
3620 8
3621 8
3622 8
3623 9
3624 9
3625 9
3626 9
3627 10
3628 11
3629 10
3630 10
3631 10
3632 10
3633 9
3634 9
3635 10
3636 10
3637 9
3638 9
3639 10
3640 10
3641 10
3642 10
3643 10
3644 11
3645 10
3646 10
3647 11
3648 1
3649 6
3650 8
3651 9
3652 7
3653 7
3654 8
3655 9
3656 9
3657 8
3658 9
3659 9
3660 11
3661 10
3662 10
3663 10
3664 5
3665 6
3666 8
3667 9
3668 7
3669 7
3670 8
3671 9
3672 9
3673 8
3674 8
3675 9
3676 10
3677 9
3678 9
3679 10
3680 7
3681 7
3682 8
3683 9
3684 8
3685 8
3686 8
3687 9
3688 9
3689 8
3690 9
3691 9
3692 10
3693 10
3694 10
3695 10
3696 10
3697 9
3698 9
3699 10
3700 9
3701 9
3702 9
3703 10
3704 10
3705 9
3706 9
3707 10
3708 11
3709 10
3710 10
3711 10
3712 5
3713 7
3714 8
3715 9
3716 7
3717 7
3718 8
3719 9
3720 9
3721 8
3722 9
3723 9
3724 11
3725 10
3726 10
3727 10
3728 6
3729 7
3730 8
3731 9
3732 7
3733 7
3734 8
3735 9
3736 9
3737 8
3738 9
3739 9
3740 10
3741 9
3742 9
3743 10
3744 8
3745 7
3746 8
3747 9
3748 8
3749 8
3750 8
3751 9
3752 9
3753 9
3754 9
3755 9
3756 10
3757 10
3758 10
3759 10
3760 10
3761 9
3762 9
3763 10
3764 9
3765 9
3766 9
3767 10
3768 10
3769 9
3770 9
3771 10
3772 11
3773 10
3774 10
3775 10
3776 8
3777 8
3778 9
3779 10
3780 8
3781 8
3782 9
3783 9
3784 10
3785 9
3786 9
3787 10
3788 11
3789 10
3790 10
3791 10
3792 8
3793 8
3794 8
3795 9
3796 8
3797 8
3798 8
3799 9
3800 9
3801 9
3802 9
3803 10
3804 11
3805 10
3806 10
3807 10
3808 9
3809 8
3810 9
3811 9
3812 9
3813 8
3814 9
3815 9
3816 10
3817 9
3818 9
3819 10
3820 11
3821 10
3822 10
3823 10
3824 10
3825 9
3826 9
3827 10
3828 10
3829 9
3830 9
3831 10
3832 10
3833 10
3834 10
3835 10
3836 11
3837 10
3838 10
3839 11
3840 3
3841 7
3842 8
3843 10
3844 8
3845 8
3846 9
3847 10
3848 10
3849 9
3850 9
3851 10
3852 12
3853 10
3854 10
3855 11
3856 6
3857 7
3858 8
3859 9
3860 8
3861 8
3862 8
3863 9
3864 9
3865 9
3866 9
3867 10
3868 11
3869 10
3870 10
3871 10
3872 8
3873 8
3874 9
3875 10
3876 9
3877 8
3878 9
3879 9
3880 10
3881 9
3882 9
3883 10
3884 11
3885 10
3886 10
3887 10
3888 11
3889 9
3890 9
3891 10
3892 10
3893 9
3894 9
3895 10
3896 11
3897 10
3898 10
3899 10
3900 11
3901 11
3902 10
3903 11
3904 3
3905 7
3906 8
3907 9
3908 7
3909 7
3910 8
3911 9
3912 9
3913 9
3914 9
3915 10
3916 11
3917 10
3918 10
3919 10
3920 5
3921 7
3922 8
3923 9
3924 7
3925 7
3926 8
3927 9
3928 9
3929 8
3930 9
3931 9
3932 10
3933 10
3934 10
3935 10
3936 8
3937 8
3938 8
3939 9
3940 8
3941 8
3942 8
3943 9
3944 9
3945 9
3946 9
3947 9
3948 10
3949 10
3950 10
3951 10
3952 10
3953 9
3954 9
3955 10
3956 9
3957 9
3958 9
3959 10
3960 10
3961 9
3962 9
3963 10
3964 11
3965 10
3966 10
3967 10
3968 5
3969 7
3970 8
3971 9
3972 8
3973 8
3974 8
3975 9
3976 9
3977 9
3978 9
3979 10
3980 11
3981 10
3982 10
3983 10
3984 6
3985 7
3986 8
3987 9
3988 7
3989 7
3990 8
3991 9
3992 9
3993 8
3994 9
3995 9
3996 10
3997 10
3998 10
3999 10
4000 8
4001 8
4002 8
4003 9
4004 8
4005 8
4006 8
4007 9
4008 9
4009 9
4010 9
4011 10
4012 10
4013 10
4014 10
4015 10
4016 10
4017 9
4018 9
4019 10
4020 9
4021 9
4022 9
4023 10
4024 10
4025 9
4026 9
4027 10
4028 11
4029 10
4030 10
4031 10
4032 8
4033 8
4034 9
4035 10
4036 9
4037 8
4038 9
4039 10
4040 10
4041 9
4042 9
4043 10
4044 11
4045 10
4046 10
4047 10
4048 8
4049 8
4050 8
4051 9
4052 8
4053 8
4054 9
4055 9
4056 9
4057 9
4058 9
4059 10
4060 11
4061 10
4062 10
4063 10
4064 9
4065 8
4066 9
4067 10
4068 9
4069 8
4070 9
4071 10
4072 10
4073 9
4074 9
4075 10
4076 11
4077 10
4078 10
4079 10
4080 10
4081 9
4082 9
4083 10
4084 10
4085 9
4086 9
4087 10
4088 10
4089 10
4090 10
4091 10
4092 11
4093 10
4094 10
4095 11
