#CSC Slope LUT
#Structure is comparator code (iCC) -> Stub slope
#iCC bits: 12
#<header> v1.0 12 32 </header>
0 0
1 0
2 0
3 0
4 0
5 0
6 0
7 -8.57203e-13
8 0
9 0
10 1
11 0.5
12 0
13 2
14 1.5
15 1
16 0
17 0
18 0
19 0.5
20 0
21 0
22 0.727273
23 0.4375
24 0
25 1
26 0.785714
27 0.5
28 1.65201e-13
29 1
30 0.882353
31 0.625
32 0
33 0
34 1
35 0.75
36 0
37 1.27273
38 1
39 0.724138
40 1
41 1.21429
42 1
43 0.735294
44 0.5
45 1.11765
46 1
47 0.769231
48 0
49 1.5
50 1.25
51 1
52 2
53 1.5625
54 1.27586
55 1
56 1.5
57 1.5
58 1.26471
59 1
60 1
61 1.375
62 1.23077
63 1
64 0
65 0
66 0
67 0.333333
68 0
69 0
70 0.5
71 0.323529
72 0
73 0.578947
74 0.5
75 0.341463
76 -6.88338e-15
77 0.5
78 0.5
79 0.375
80 0
81 0
82 0.555556
83 0.375
84 0
85 0.7
86 0.558824
87 0.375
88 0.272727
89 0.615385
90 0.536585
91 0.375
92 6.77236e-14
93 0.5
94 0.5
95 0.375
96 0
97 0.789474
98 0.666667
99 0.490566
100 0.5
101 0.807692
102 0.681818
103 0.5
104 0.357143
105 0.727273
106 0.653846
107 0.492958
108 0.1
109 0.6
110 0.6
111 0.475
112 -1
113 0.875
114 0.8
115 0.636364
116 0.5
117 0.9375
118 0.833333
119 0.657895
120 0.470588
121 0.875
122 0.809524
123 0.651163
124 0.25
125 0.75
126 0.75
127 0.625
128 0
129 0
130 0.666664
131 0.5
132 0
133 0.814815
134 0.673913
135 0.507692
136 0.5
137 0.722222
138 0.642857
139 0.5
140 0.25
141 0.6
142 0.590909
143 0.482759
144 0
145 0.833333
146 0.673912
147 0.5
148 0.727273
149 0.823529
150 0.684211
151 0.5125
152 0.5
153 0.727273
154 0.647059
155 0.5
156 0.241379
157 0.592593
158 0.582278
159 0.471154
160 -9.2153e-12
161 0.833333
162 0.714285
163 0.548781
164 0.642857
165 0.853659
166 0.735294
167 0.568421
168 0.5
169 0.769231
170 0.7
171 0.555556
172 0.264706
173 0.634921
174 0.630435
175 0.520661
176 -0.5
177 0.833333
178 0.772727
179 0.625
180 0.529412
181 0.895833
182 0.810127
183 0.654545
184 0.5
185 0.833329
186 0.782609
187 0.645161
188 0.307685
189 0.708333
190 0.714286
191 0.608696
192 0
193 1
194 0.833332
195 0.666667
196 1
197 1
198 0.85294
199 0.6875
200 0.75
201 0.90566
202 0.817073
203 0.675676
204 0.5
205 0.772727
206 0.75
207 0.642857
208 1
209 1
210 0.830769
211 0.65625
212 1
213 1
214 0.85
215 0.678571
216 0.758621
217 0.903226
218 0.810523
219 0.664062
220 0.5
221 0.763158
222 0.736364
223 0.625
224 0.5
225 0.97561
226 0.842105
227 0.675676
228 0.9
229 1
230 0.869565
231 0.703125
232 0.735294
233 0.915493
234 0.833331
235 0.689655
236 0.5
237 0.77907
238 0.758065
239 0.648148
240 4.17533e-12
241 0.9375
242 0.862069
243 0.714282
244 0.75
245 1
246 0.903846
247 0.75
248 0.692308
249 0.9375
250 0.876032
251 0.740741
252 0.5
253 0.8125
254 0.804348
255 0.7
256 0
257 0
258 0
259 0.5
260 0
261 0
262 0.627907
263 0.5
264 0
265 0.666664
266 0.611111
267 0.5
268 0.333329
269 0.586957
270 0.584615
271 0.5
272 0
273 0
274 0.636364
275 0.5
276 0
277 0.742857
278 0.642857
279 0.506494
280 0.5
281 0.673912
282 0.617647
283 0.5
284 0.323528
285 0.578947
286 0.575
287 0.485437
288 0
289 0.75
290 0.678571
291 0.55
292 0.578947
293 0.772727
294 0.695652
295 0.56383
296 0.5
297 0.714285
298 0.670732
299 0.555556
300 0.341463
301 0.617647
302 0.621053
303 0.532787
304 -1.0103e-13
305 0.75
306 0.735294
307 0.625
308 0.5
309 0.811321
310 0.768293
311 0.648649
312 0.5
313 0.772727
314 0.75
315 0.642857
316 0.375
317 0.683544
318 0.7
319 0.617021
320 0
321 0
322 0.588235
323 0.447368
324 0
325 0.7
326 0.590909
327 0.456522
328 0.444444
329 0.611111
330 0.555556
331 0.444444
332 0.25
333 0.499998
334 0.5
335 0.419355
336 0
337 0.714286
338 0.59375
339 0.451613
340 0.6
341 0.7
342 0.6
343 0.463636
344 0.441176
345 0.615385
346 0.5625
347 0.448819
348 0.25
349 0.499999
350 0.5
351 0.416667
352 0.181818
353 0.681818
354 0.61039
355 0.481818
356 0.5
357 0.7
358 0.62766
359 0.5
360 0.414634
361 0.631579
362 0.594595
363 0.486301
364 0.25
365 0.521739
366 0.53125
367 0.451219
368 -0.125
369 0.641509
370 0.633333
371 0.527559
372 0.375
373 0.7
374 0.666667
375 0.554795
376 0.375
377 0.655172
378 0.642857
379 0.545455
380 0.25
381 0.557692
382 0.583333
383 0.51087
384 0
385 0.777778
386 0.642857
387 0.5
388 0.684211
389 0.759259
390 0.651685
391 0.516128
392 0.5
393 0.666667
394 0.611111
395 0.5
396 0.301887
397 0.544444
398 0.543302
399 0.463415
400 0.5
401 0.76087
402 0.642857
403 0.5
404 0.653846
405 0.753846
406 0.653846
407 0.517482
408 0.5
409 0.666667
410 0.612903
411 0.5
412 0.306452
413 0.543689
414 0.541664
415 0.459459
416 0.214286
417 0.714286
418 0.642857
419 0.514286
420 0.545455
421 0.736842
422 0.663865
423 0.537037
424 0.461538
425 0.666667
426 0.628571
427 0.521739
428 0.295775
429 0.551724
430 0.559005
431 0.480583
432 -0.1
433 0.651515
434 0.642857
435 0.537975
436 0.4
437 0.712644
438 0.679104
439 0.569061
440 0.4
441 0.666667
442 0.653846
443 0.558824
444 0.275012
445 0.565891
446 0.589887
447 0.519824
448 1.03673e-12
449 0.847826
450 0.730337
451 0.590909
452 0.75
453 0.852941
454 0.75
455 0.615385
456 0.6
457 0.766667
458 0.711111
459 0.6
460 0.409091
461 0.642857
462 0.63924
463 0.558824
464 0.5
465 0.842105
466 0.730769
467 0.589404
468 0.75
469 0.85
470 0.75
471 0.613636
472 0.611111
473 0.76699
474 0.710526
475 0.597015
476 0.421053
477 0.642857
478 0.636364
479 0.553097
480 0.294118
481 0.794118
482 0.722689
483 0.594118
484 0.65
485 0.826087
486 0.75
487 0.622449
488 0.571429
489 0.75862
490 0.715976
491 0.608108
492 0.406977
493 0.642857
494 0.64433
495 0.564516
496 5.92415e-13
497 0.721519
498 0.708955
499 0.603175
500 0.5
501 0.788462
502 0.75
503 0.638889
504 0.5
505 0.744186
506 0.725806
507 0.62963
508 0.375
509 0.642857
510 0.660377
511 0.588889
512 0
513 0
514 0.75
515 0.624999
516 0
517 0.862745
518 0.761905
519 0.641026
520 0.666667
521 0.785714
522 0.730769
523 0.630435
524 0.5
525 0.685393
526 0.677419
527 0.603774
528 0
529 0.863636
530 0.75
531 0.620689
532 0.814815
533 0.859375
534 0.762372
535 0.637681
536 0.673913
537 0.785714
538 0.729508
539 0.625
540 0.507692
541 0.682692
542 0.671329
543 0.593407
544 0.5
545 0.821429
546 0.75
547 0.632353
548 0.722222
549 0.844156
550 0.771184
551 0.654088
552 0.642857
553 0.785714
554 0.742857
555 0.642854
556 0.5
557 0.689076
558 0.685185
559 0.609756
560 0.25
561 0.764706
562 0.75
563 0.653846
564 0.6
565 0.822222
566 0.785184
567 0.683333
568 0.590909
569 0.785714
570 0.765823
571 0.676469
572 0.482759
573 0.701492
574 0.712707
575 0.644737
576 0
577 0.860465
578 0.714286
579 0.575999
580 0.833333
581 0.833333
582 0.722222
583 0.593333
584 0.630435
585 0.741573
586 0.681817
587 0.577143
588 0.441176
589 0.625
590 0.615385
591 0.54
592 0.818182
593 0.839286
594 0.712871
595 0.575342
596 0.794118
597 0.825
598 0.722222
599 0.593023
600 0.631579
601 0.740385
602 0.682118
603 0.575758
604 0.45
605 0.625
606 0.613636
607 0.535714
608 0.5
609 0.782609
610 0.70339
611 0.580838
612 0.681818
613 0.797872
614 0.722222
615 0.603093
616 0.588235
617 0.731092
618 0.688235
619 0.588235
620 0.434783
621 0.625
622 0.622449
623 0.548385
624 0.206897
625 0.707317
626 0.688888
627 0.590425
628 0.537037
629 0.759259
630 0.722222
631 0.62037
632 0.518987
633 0.716417
634 0.698412
635 0.610656
636 0.403846
637 0.625
638 0.638889
639 0.573528
640 1
641 0.87037
642 0.730769
643 0.590909
644 0.833333
645 0.851852
646 0.742424
647 0.612021
648 0.642857
649 0.759259
650 0.7
651 0.59434
652 0.451219
653 0.637037
654 0.627659
655 0.551867
656 0.785714
657 0.852941
658 0.729508
659 0.590909
660 0.804878
661 0.84375
662 0.741721
663 0.61165
664 0.647059
665 0.758065
666 0.7
667 0.59322
668 0.463158
669 0.638158
670 0.626794
671 0.548872
672 0.5
673 0.792683
674 0.714286
675 0.590909
676 0.692308
677 0.810811
678 0.735294
679 0.61572
680 0.6
681 0.742857
682 0.7
683 0.6
684 0.444444
685 0.633136
686 0.630435
687 0.556701
688 0.205882
689 0.708333
690 0.689873
691 0.590909
692 0.539683
693 0.761905
694 0.724868
695 0.623016
696 0.521739
697 0.717949
698 0.7
699 0.612676
700 0.404959
701 0.623668
702 0.63745
703 0.572785
704 0.5
705 0.892308
706 0.774194
707 0.639344
708 0.833333
709 0.895833
710 0.794872
711 0.666667
712 0.681818
713 0.811024
714 0.755319
715 0.650602
716 0.5
717 0.689873
718 0.681818
719 0.606383
720 0.705882
721 0.8875
722 0.776224
723 0.640777
724 0.833333
725 0.892857
726 0.795455
727 0.666667
728 0.696203
729 0.8125
730 0.755981
731 0.649635
732 0.518182
733 0.693182
734 0.681818
735 0.603896
736 0.5
737 0.831579
738 0.759259
739 0.637568
740 0.733333
741 0.859375
742 0.785714
743 0.666667
744 0.652174
745 0.795031
746 0.752174
747 0.652174
748 0.5
749 0.685567
750 0.681818
751 0.607784
752 0.230769
753 0.745455
754 0.729282
755 0.630961
756 0.583333
757 0.805556
758 0.768519
759 0.666667
760 0.571429
761 0.764045
762 0.745033
763 0.657407
764 0.456522
765 0.669811
766 0.681818
767 0.616667
768 0
769 1
770 0.875
771 0.75
772 1
773 1
774 0.896
775 0.775858
776 0.833333
777 0.923077
778 0.863636
779 0.764706
780 0.666667
781 0.818182
782 0.803276
783 0.730769
784 1
785 1
786 0.87931
787 0.75
788 1
789 1
790 0.89726
791 0.773866
792 0.852941
793 0.92623
794 0.863636
795 0.760868
796 0.6875
797 0.821191
798 0.800969
799 0.724138
800 0.75
801 0.95
802 0.867647
803 0.75
804 0.90566
805 0.972727
806 0.892216
807 0.776784
808 0.817073
809 0.914286
810 0.863636
811 0.765624
812 0.675676
813 0.817647
814 0.803492
815 0.729166
816 0.5
817 0.875
818 0.846154
819 0.75
820 0.772727
821 0.929134
822 0.882978
823 0.783132
824 0.75
825 0.892405
826 0.863636
827 0.776595
828 0.642857
829 0.809524
830 0.809523
831 0.742857
832 2
833 1
834 0.846154
835 0.706896
836 1.02941
837 0.978261
838 0.86
839 0.730769
840 0.815385
841 0.887097
842 0.819672
843 0.714875
844 0.625
845 0.769231
846 0.75
847 0.673913
848 1.125
849 0.987013
850 0.847826
851 0.708542
852 1
853 0.972727
854 0.860465
855 0.730769
856 0.825
857 0.888112
858 0.820388
859 0.713754
860 0.642857
861 0.772727
862 0.75
863 0.671052
864 0.793103
865 0.925532
866 0.830189
867 0.705357
868 0.887097
869 0.9375
870 0.850515
871 0.730769
872 0.778947
873 0.87037
874 0.816594
875 0.716216
876 0.625
877 0.765306
878 0.75
879 0.674699
880 0.5
881 0.837838
882 0.8
883 0.698795
884 0.736842
885 0.883562
886 0.833333
887 0.730769
888 0.7
889 0.839779
890 0.809524
891 0.721362
892 0.583333
893 0.75
894 0.75
895 0.683333
896 1.5
897 1
898 0.847826
899 0.705882
900 1.02439
901 0.981481
902 0.862857
903 0.731405
904 0.815789
905 0.888889
906 0.820755
907 0.714286
908 0.621622
909 0.766667
910 0.746988
911 0.669811
912 1.1
913 0.988889
914 0.85
915 0.708696
916 1
917 0.976378
918 0.863636
919 0.732342
920 0.826087
921 0.890244
922 0.822034
923 0.714286
924 0.640625
925 0.771144
926 0.748175
927 0.668588
928 0.794118
929 0.925926
930 0.82967
931 0.703125
932 0.887324
933 0.938356
934 0.850679
935 0.729743
936 0.777778
937 0.869565
938 0.815385
939 0.714286
940 0.62069
941 0.761261
942 0.74583
943 0.670213
944 0.5
945 0.833333
946 0.794118
947 0.691489
948 0.732558
949 0.878788
950 0.827869
951 0.724467
952 0.693548
953 0.833333
954 0.802817
955 0.714286
956 0.574074
957 0.740741
958 0.740748
959 0.674074
960 1
961 1
962 0.867925
963 0.730769
964 1
965 1
966 0.89
967 0.76087
968 0.827586
969 0.914634
970 0.850622
971 0.745296
972 0.642857
973 0.794118
974 0.776596
975 0.7
976 1
977 1
978 0.873626
979 0.735632
980 1
981 1
982 0.892857
983 0.763158
984 0.846154
985 0.918919
986 0.853383
987 0.746408
988 0.666667
989 0.800885
990 0.779221
991 0.7
992 0.769231
993 0.942623
994 0.853659
995 0.729167
996 0.9
997 0.963415
998 0.879032
999 0.759036
1000 0.801653
1001 0.898058
1002 0.845361
1003 0.744688
1004 0.648148
1005 0.790323
1006 0.775449
1007 0.7
1008 0.5
1009 0.851064
1010 0.815789
1011 0.714286
1012 0.75
1013 0.902174
1014 0.852941
1015 0.75
1016 0.717391
1017 0.859031
1018 0.829114
1019 0.740746
1020 0.6
1021 0.766667
1022 0.766667
1023 0.7
1024 0
1025 0
1026 0
1027 0.6
1028 0
1029 0
1030 0.705882
1031 0.606383
1032 0
1033 0.728814
1034 0.686046
1035 0.60177
1036 0.5
1037 0.657894
1038 0.653846
1039 0.590909
1040 0
1041 0
1042 0.701493
1043 0.59375
1044 0
1045 0.785714
1046 0.709302
1047 0.603448
1048 0.627907
1049 0.729726
1050 0.685714
1051 0.595588
1052 0.5
1053 0.652174
1054 0.645161
1055 0.576923
1056 0
1057 0.764706
1058 0.714282
1059 0.615385
1060 0.666667
1061 0.785714
1062 0.730769
1063 0.630435
1064 0.611111
1065 0.741572
1066 0.709677
1067 0.622642
1068 0.5
1069 0.666667
1070 0.666667
1071 0.6
1072 0.333333
1073 0.734375
1074 0.732672
1075 0.652174
1076 0.586957
1077 0.785714
1078 0.762295
1079 0.675
1080 0.584615
1081 0.759615
1082 0.748252
1083 0.67033
1084 0.5
1085 0.693548
1086 0.707317
1087 0.647059
1088 0
1089 0
1090 0.666667
1091 0.54717
1092 0
1093 0.762712
1094 0.670213
1095 0.55814
1096 0.590909
1097 0.6875
1098 0.637931
1099 0.546053
1100 0.4375
1101 0.594059
1102 0.586957
1103 0.52
1104 0
1105 0.769231
1106 0.666667
1107 0.546875
1108 0.714286
1109 0.756757
1110 0.672563
1111 0.559211
1112 0.589286
1113 0.6875
1114 0.639706
1115 0.545455
1116 0.441558
1117 0.59322
1118 0.584906
1119 0.515
1120 0.5
1121 0.727273
1122 0.666667
1123 0.56
1124 0.630435
1125 0.741573
1126 0.681817
1127 0.577143
1128 0.558824
1129 0.6875
1130 0.653846
1131 0.564998
1132 0.433333
1133 0.6
1134 0.6
1135 0.533333
1136 0.294118
1137 0.675
1138 0.666667
1139 0.581395
1140 0.526316
1141 0.721154
1142 0.695364
1143 0.606061
1144 0.5125
1145 0.6875
1146 0.676136
1147 0.598213
1148 0.417476
1149 0.611842
1150 0.626866
1151 0.568
1152 0
1153 0.803922
1154 0.691489
1155 0.569342
1156 0.75
1157 0.789474
1158 0.7
1159 0.585366
1160 0.607143
1161 0.712871
1162 0.664382
1163 0.570681
1164 0.45
1165 0.611111
1166 0.604651
1167 0.536696
1168 0.684211
1169 0.787879
1170 0.690265
1171 0.56875
1172 0.727273
1173 0.782609
1174 0.7
1175 0.585106
1176 0.608696
1177 0.711864
1178 0.66467
1179 0.569444
1180 0.457447
1181 0.611111
1182 0.603093
1183 0.532786
1184 0.5
1185 0.740741
1186 0.681818
1187 0.57377
1188 0.642857
1189 0.759259
1190 0.7
1191 0.59434
1192 0.573171
1193 0.703703
1194 0.670212
1195 0.580913
1196 0.444444
1197 0.611111
1198 0.611111
1199 0.544444
1200 0.292683
1201 0.677083
1202 0.668874
1203 0.582524
1204 0.529412
1205 0.725806
1206 0.7
1207 0.610169
1208 0.515789
1209 0.690789
1210 0.679426
1211 0.601504
1212 0.418033
1213 0.611111
1214 0.62605
1215 0.567567
1216 0.5
1217 0.828125
1218 0.741379
1219 0.625
1220 0.75
1221 0.83871
1222 0.760274
1223 0.64824
1224 0.647059
1225 0.770492
1226 0.727273
1227 0.634782
1228 0.5
1229 0.668874
1230 0.665048
1231 0.597701
1232 0.625
1233 0.825
1234 0.742647
1235 0.625
1236 0.754717
1237 0.836364
1238 0.760478
1239 0.647321
1240 0.658537
1241 0.771429
1242 0.727273
1243 0.632812
1244 0.513514
1245 0.670588
1246 0.663755
1247 0.59375
1248 0.5
1249 0.78125
1250 0.730769
1251 0.625
1252 0.681818
1253 0.811024
1254 0.755319
1255 0.650602
1256 0.625
1257 0.759494
1258 0.727273
1259 0.638298
1260 0.5
1261 0.666667
1262 0.666666
1263 0.6
1264 0.3125
1265 0.714286
1266 0.710227
1267 0.625
1268 0.56962
1269 0.770833
1270 0.746411
1271 0.656934
1272 0.563636
1273 0.738636
1274 0.727273
1275 0.649351
1276 0.468085
1277 0.658666
1278 0.672727
1279 0.614035
1280 0
1281 0
1282 0.674699
1283 0.564514
1284 0
1285 0.764706
1286 0.681818
1287 0.578947
1288 0.588235
1289 0.691489
1290 0.649632
1291 0.566666
1292 0.447368
1293 0.6
1294 0.597561
1295 0.538461
1296 0
1297 0.762712
1298 0.673077
1299 0.563757
1300 0.7
1301 0.755814
1302 0.681818
1303 0.578651
1304 0.590909
1305 0.690265
1306 0.649998
1307 0.565217
1308 0.456522
1309 0.6
1310 0.595745
1311 0.533898
1312 0.444444
1313 0.710526
1314 0.664
1315 0.568965
1316 0.611111
1317 0.730769
1318 0.681818
1319 0.588235
1320 0.555556
1321 0.681818
1322 0.655737
1323 0.576923
1324 0.444444
1325 0.6
1326 0.603774
1327 0.545454
1328 0.25
1329 0.645161
1330 0.650684
1331 0.577889
1332 0.5
1333 0.696721
1334 0.681818
1335 0.604348
1336 0.5
1337 0.668874
1338 0.665048
1339 0.597701
1340 0.419355
1341 0.6
1342 0.618644
1343 0.568493
1344 0
1345 0.785714
1346 0.660377
1347 0.538462
1348 0.742857
1349 0.755814
1350 0.664234
1351 0.553191
1352 0.578125
1353 0.672414
1354 0.625
1355 0.536364
1356 0.419355
1357 0.568493
1358 0.562814
1359 0.5
1360 0.7
1361 0.756757
1362 0.65625
1363 0.538462
1364 0.7
1365 0.742857
1366 0.6625
1367 0.553488
1368 0.575
1369 0.669118
1370 0.625
1371 0.53629
1372 0.427273
1373 0.568862
1374 0.5625
1375 0.498221
1376 0.470588
1377 0.695652
1378 0.64
1379 0.538462
1380 0.6
1381 0.709677
1382 0.655737
1383 0.557851
1384 0.53125
1385 0.653846
1386 0.625
1387 0.543478
1388 0.409449
1389 0.56383
1390 0.566265
1391 0.506452
1392 0.25
1393 0.618182
1394 0.616279
1395 0.538462
1396 0.475
1397 0.664336
1398 0.645631
1399 0.565056
1400 0.464286
1401 0.630682
1402 0.625
1403 0.555921
1404 0.375
1405 0.555033
1406 0.572993
1407 0.522124
1408 0.727273
1409 0.785714
1410 0.674419
1411 0.553191
1412 0.727273
1413 0.769231
1414 0.682927
1415 0.571429
1416 0.584416
1417 0.688406
1418 0.643216
1419 0.553846
1420 0.427273
1421 0.581395
1422 0.576923
1423 0.513514
1424 0.653846
1425 0.764045
1426 0.671053
1427 0.553488
1428 0.7
1429 0.758065
1430 0.680851
1431 0.571429
1432 0.585106
1433 0.685535
1434 0.642857
1435 0.553633
1436 0.4375
1437 0.582474
1438 0.576923
1439 0.51227
1440 0.463415
1441 0.703704
1442 0.651429
1443 0.549597
1444 0.605263
1445 0.722222
1446 0.669811
1447 0.571429
1448 0.540541
1449 0.666667
1450 0.638554
1451 0.556604
1452 0.417808
1453 0.574074
1454 0.576923
1455 0.516854
1456 0.25
1457 0.622047
1458 0.621212
1459 0.542757
1460 0.478261
1461 0.670732
1462 0.652542
1463 0.571429
1464 0.46875
1465 0.636816
1466 0.631396
1467 0.56196
1468 0.378049
1469 0.558824
1470 0.576923
1471 0.525907
1472 0.4375
1473 0.785714
1474 0.703947
1475 0.590909
1476 0.698113
1477 0.795082
1478 0.722513
1479 0.615385
1480 0.6
1481 0.725
1482 0.686957
1483 0.6
1484 0.456693
1485 0.621212
1486 0.620829
1487 0.558823
1488 0.5625
1489 0.778846
1490 0.704545
1491 0.592742
1492 0.7
1493 0.79021
1494 0.722222
1495 0.615927
1496 0.611111
1497 0.725275
1498 0.6875
1499 0.6
1500 0.472603
1501 0.624434
1502 0.62163
1503 0.557951
1504 0.4375
1505 0.725806
1506 0.685
1507 0.586957
1508 0.62069
1509 0.756098
1510 0.709544
1511 0.613215
1512 0.571429
1513 0.705882
1514 0.680851
1515 0.6
1516 0.454545
1517 0.614754
1518 0.619201
1519 0.559701
1520 0.25
1521 0.645833
1522 0.651786
1523 0.575658
1524 0.5
1525 0.702703
1526 0.68797
1527 0.608074
1528 0.5
1529 0.672566
1530 0.668831
1531 0.6
1532 0.413043
1533 0.595506
1534 0.614289
1535 0.56351
1536 0
1537 0.830508
1538 0.724138
1539 0.612716
1540 0.777778
1541 0.819149
1542 0.736842
1543 0.633333
1544 0.642857
1545 0.744186
1546 0.702127
1547 0.619432
1548 0.5
1549 0.646341
1550 0.642857
1551 0.584507
1552 0.684211
1553 0.8125
1554 0.723404
1555 0.613861
1556 0.759259
1557 0.810345
1558 0.735955
1559 0.633333
1560 0.651685
1561 0.743421
1562 0.702325
1563 0.618704
1564 0.516129
1565 0.648936
1566 0.642857
1567 0.582278
1568 0.5
1569 0.752475
1570 0.704819
1571 0.610389
1572 0.666667
1573 0.775362
1574 0.72549
1575 0.633333
1576 0.611111
1577 0.725714
1578 0.698347
1579 0.621359
1580 0.5
1581 0.641509
1582 0.642857
1583 0.586207
1584 0.301887
1585 0.672131
1586 0.675393
1587 0.603857
1588 0.544444
1589 0.725
1590 0.708696
1591 0.633333
1592 0.543307
1593 0.69697
1594 0.69145
1595 0.62647
1596 0.463415
1597 0.627119
1598 0.642857
1599 0.594737
1600 1
1601 0.837838
1602 0.714286
1603 0.592233
1604 0.804348
1605 0.814159
1606 0.722222
1607 0.611336
1608 0.642857
1609 0.730263
1610 0.681818
1611 0.59375
1612 0.483607
1613 0.623037
1614 0.615385
1615 0.553191
1616 0.769231
1617 0.8125
1618 0.710843
1619 0.59322
1620 0.769231
1621 0.801471
1622 0.719807
1623 0.611511
1624 0.644231
1625 0.727273
1626 0.681452
1627 0.59375
1628 0.496504
1629 0.625
1630 0.615927
1631 0.552486
1632 0.545455
1633 0.745763
1634 0.6875
1635 0.586466
1636 0.666667
1637 0.761006
1638 0.705128
1639 0.608424
1640 0.596774
1641 0.705
1642 0.673913
1643 0.59375
1644 0.47561
1645 0.614108
1646 0.613215
1647 0.55443
1648 0.322581
1649 0.657143
1650 0.651376
1651 0.574324
1652 0.533981
1653 0.703297
1654 0.681992
1655 0.602947
1656 0.520833
1657 0.669643
1658 0.661184
1659 0.59375
1660 0.432432
1661 0.593985
1662 0.608074
1663 0.558411
1664 0.785714
1665 0.831461
1666 0.719512
1667 0.598326
1668 0.785714
1669 0.818182
1670 0.730769
1671 0.619718
1672 0.642857
1673 0.737143
1674 0.690476
1675 0.601832
1676 0.485714
1677 0.62844
1678 0.621622
1679 0.558824
1680 0.727273
1681 0.8125
1682 0.717277
1683 0.6
1684 0.763158
1685 0.807692
1686 0.728814
1687 0.620253
1688 0.647059
1689 0.735
1690 0.690391
1691 0.602216
1692 0.5
1693 0.631148
1694 0.622699
1695 0.558824
1696 0.538462
1697 0.748148
1698 0.692661
1699 0.591362
1700 0.666667
1701 0.766667
1702 0.712121
1703 0.614943
1704 0.6
1705 0.711111
1706 0.680645
1707 0.600004
1708 0.478261
1709 0.618519
1710 0.617977
1711 0.558824
1712 0.323944
1713 0.658228
1714 0.653061
1715 0.575301
1716 0.534483
1717 0.705882
1718 0.684932
1719 0.605263
1720 0.521739
1721 0.672
1722 0.663717
1723 0.595797
1724 0.432039
1725 0.594595
1726 0.608808
1727 0.558824
1728 0.5
1729 0.817308
1730 0.734043
1731 0.621324
1732 0.742424
1733 0.827815
1734 0.754237
1735 0.647975
1736 0.642857
1737 0.757576
1738 0.71831
1739 0.632432
1740 0.5
1741 0.653061
1742 0.650602
1743 0.589502
1744 0.625
1745 0.8125
1746 0.736111
1747 0.625
1748 0.747126
1749 0.823864
1750 0.754717
1751 0.649718
1752 0.656716
1753 0.758929
1754 0.719745
1755 0.633663
1756 0.519337
1757 0.658088
1758 0.652893
1759 0.590311
1760 0.5
1761 0.756579
1762 0.713115
1763 0.616071
1764 0.666667
1765 0.78607
1766 0.738095
1767 0.643411
1768 0.615385
1769 0.736
1770 0.709302
1771 0.630137
1772 0.5
1773 0.645485
1774 0.647208
1775 0.588959
1776 0.3125
1777 0.670455
1778 0.672794
1779 0.597826
1780 0.542636
1781 0.725664
1782 0.708978
1783 0.630952
1784 0.539326
1785 0.695652
1786 0.68984
1787 0.622881
1788 0.453745
1789 0.619632
1790 0.635294
1791 0.585879
1792 -1.62759e-12
1793 0.894737
1794 0.798658
1795 0.689189
1796 0.847826
1797 0.9
1798 0.819588
1799 0.716418
1800 0.730337
1801 0.829268
1802 0.786611
1803 0.703822
1804 0.590909
1805 0.730769
1806 0.725352
1807 0.666667
1808 0.75
1809 0.891089
1810 0.803371
1811 0.694118
1812 0.852941
1813 0.89726
1814 0.821429
1815 0.718543
1816 0.75
1817 0.832461
1818 0.788889
1819 0.704884
1820 0.615385
1821 0.737288
1822 0.727848
1823 0.666667
1824 0.6
1825 0.833333
1826 0.782609
1827 0.6875
1828 0.766667
1829 0.860465
1830 0.807087
1831 0.714286
1832 0.711111
1833 0.811927
1834 0.780731
1835 0.703134
1836 0.6
1837 0.727273
1838 0.724138
1839 0.666667
1840 0.409091
1841 0.748344
1842 0.745763
1843 0.672897
1844 0.642857
1845 0.80303
1846 0.78169
1847 0.705405
1848 0.639241
1849 0.77551
1850 0.76506
1851 0.69929
1852 0.558824
1853 0.705479
1854 0.715789
1855 0.666667
1856 1
1857 0.913043
1858 0.793103
1859 0.671875
1860 0.894737
1861 0.9
1862 0.807175
1863 0.696078
1864 0.740385
1865 0.819149
1866 0.768382
1867 0.679775
1868 0.582781
1869 0.711864
1870 0.700935
1871 0.637937
1872 0.875
1873 0.898305
1874 0.794118
1875 0.675862
1876 0.875
1877 0.892216
1878 0.807087
1879 0.697947
1880 0.75
1881 0.819444
1882 0.769737
1883 0.681122
1884 0.602273
1885 0.716981
1886 0.70339
1887 0.638831
1888 0.666667
1889 0.833333
1890 0.769231
1891 0.666667
1892 0.776699
1893 0.850515
1894 0.789474
1895 0.691489
1896 0.703947
1897 0.795082
1898 0.758929
1899 0.67757
1900 0.58209
1901 0.704082
1902 0.697674
1903 0.637504
1904 0.447368
1905 0.741176
1906 0.727273
1907 0.648045
1908 0.642857
1909 0.78733
1910 0.759494
1911 0.678832
1912 0.625
1913 0.753676
1914 0.73913
1915 0.670259
1916 0.535398
1917 0.678019
1918 0.685714
1919 0.634432
1920 0.882353
1921 0.907407
1922 0.79397
1923 0.672414
1924 0.882353
1925 0.9
1926 0.809524
1927 0.697674
1928 0.739496
1929 0.820755
1930 0.770492
1931 0.680905
1932 0.582353
1933 0.712121
1934 0.701117
1935 0.637168
1936 0.85
1937 0.896296
1938 0.795652
1939 0.676923
1940 0.869565
1941 0.893617
1942 0.809859
1943 0.7
1944 0.75
1945 0.821577
1946 0.772189
1947 0.682759
1948 0.602041
1949 0.717687
1950 0.704082
1951 0.638776
1952 0.666667
1953 0.833333
1954 0.770115
1955 0.666667
1956 0.775862
1957 0.851852
1958 0.791139
1959 0.692308
1960 0.704142
1961 0.796296
1962 0.760108
1963 0.677966
1964 0.581081
1965 0.703704
1966 0.697183
1967 0.636363
1968 0.453488
1969 0.740741
1970 0.726027
1971 0.64557
1972 0.642857
1973 0.786885
1974 0.758621
1975 0.676991
1976 0.623711
1977 0.752508
1978 0.737624
1979 0.667976
1980 0.532258
1981 0.675141
1982 0.682609
1983 0.630742
1984 0.625
1985 0.887097
1986 0.799107
1987 0.685185
1988 0.835443
1989 0.9
1990 0.822064
1991 0.71466
1992 0.731343
1993 0.830508
1994 0.786982
1995 0.7
1996 0.587302
1997 0.726027
1998 0.718987
1999 0.656627
2000 0.75
2001 0.888158
2002 0.804688
2003 0.691667
2004 0.846154
2005 0.899522
2006 0.824841
2007 0.718377
2008 0.75
2009 0.834586
2010 0.790323
2011 0.702929
2012 0.611111
2013 0.733746
2014 0.723256
2015 0.659218
2016 0.625
2017 0.833333
2018 0.78125
2019 0.681818
2020 0.767442
2021 0.861345
2022 0.806916
2023 0.710526
2024 0.709677
2025 0.810811
2026 0.778325
2027 0.697674
2028 0.592593
2029 0.720339
2030 0.716129
2031 0.65625
2032 0.4375
2033 0.745192
2034 0.7375
2035 0.659722
2036 0.642857
2037 0.797753
2038 0.773684
2039 0.693712
2040 0.632075
2041 0.766871
2042 0.754545
2043 0.685921
2044 0.544444
2045 0.690909
2046 0.7
2047 0.64878
2048 0
2049 0
2050 0.8
2051 0.7
2052 0
2053 0.891566
2054 0.813433
2055 0.718911
2056 0.75
2057 0.827586
2058 0.785714
2059 0.709091
2060 0.625
2061 0.744966
2062 0.737619
2063 0.682353
2064 0
2065 0.888889
2066 0.801587
2067 0.7
2068 0.862745
2069 0.886792
2070 0.813665
2071 0.717587
2072 0.761905
2073 0.828571
2074 0.785714
2075 0.706349
2076 0.641026
2077 0.747126
2078 0.735928
2079 0.677083
2080 0.666667
2081 0.840426
2082 0.789474
2083 0.7
2084 0.785714
2085 0.860465
2086 0.808511
2087 0.720645
2088 0.730769
2089 0.817073
2090 0.785714
2091 0.711265
2092 0.630435
2093 0.743718
2094 0.73846
2095 0.682243
2096 0.5
2097 0.775862
2098 0.769663
2099 0.7
2100 0.685393
2101 0.822368
2102 0.8
2103 0.726617
2104 0.677419
2105 0.797872
2106 0.785714
2107 0.721518
2108 0.603774
2109 0.736607
2110 0.743944
2111 0.694915
2112 0
2113 0.910448
2114 0.785714
2115 0.67027
2116 0.909091
2117 0.884615
2118 0.792683
2119 0.6875
2120 0.75
2121 0.808511
2122 0.757425
2123 0.673001
2124 0.603448
2125 0.713483
2126 0.7
2127 0.639072
2128 0.925926
2129 0.888889
2130 0.784314
2131 0.671296
2132 0.875
2133 0.875
2134 0.791667
2135 0.6875
2136 0.752475
2137 0.807229
2138 0.757575
2139 0.672296
2140 0.615942
2141 0.715686
2142 0.7
2143 0.636904
2144 0.717391
2145 0.831858
2146 0.766667
2147 0.668016
2148 0.785714
2149 0.842105
2150 0.781818
2151 0.6875
2152 0.713115
2153 0.790576
2154 0.753846
2155 0.674771
2156 0.6
2157 0.708696
2158 0.7
2159 0.64054
2160 0.523077
2161 0.757353
2162 0.73913
2163 0.66187
2164 0.673077
2165 0.795455
2166 0.766129
2167 0.6875
2168 0.65035
2169 0.763889
2170 0.747405
2171 0.679557
2172 0.565934
2173 0.695312
2174 0.7
2175 0.648515
2176 1
2177 0.904762
2178 0.789474
2179 0.672727
2180 0.892857
2181 0.888
2182 0.798969
2183 0.692015
2184 0.75
2185 0.813253
2186 0.762712
2187 0.676471
2188 0.602941
2189 0.714976
2190 0.701439
2191 0.638968
2192 0.888889
2193 0.888889
2194 0.788889
2195 0.674603
2196 0.87013
2197 0.88
2198 0.798206
2199 0.692567
2200 0.754237
2201 0.8125
2202 0.763158
2203 0.676471
2204 0.616352
2205 0.717949
2206 0.702265
2207 0.63802
2208 0.714286
2209 0.833333
2210 0.769231
2211 0.669014
2212 0.785714
2213 0.845714
2214 0.785714
2215 0.689983
2216 0.714286
2217 0.793578
2218 0.756757
2219 0.676471
2220 0.598901
2221 0.708812
2222 0.70001
2223 0.639618
2224 0.526316
2225 0.75641
2226 0.737288
2227 0.658228
2228 0.672269
2229 0.795
2230 0.765125
2231 0.685092
2232 0.648148
2233 0.762295
2234 0.745399
2235 0.676471
2236 0.560976
2237 0.690972
2238 0.695425
2239 0.643172
2240 0.75
2241 0.891089
2242 0.803371
2243 0.694118
2244 0.852941
2245 0.89726
2246 0.821429
2247 0.718543
2248 0.75
2249 0.832461
2250 0.788889
2251 0.704884
2252 0.615385
2253 0.737288
2254 0.727848
2255 0.666667
2256 0.8
2257 0.888889
2258 0.806763
2259 0.697917
2260 0.855556
2261 0.895349
2262 0.822835
2263 0.720238
2264 0.762963
2265 0.834862
2266 0.790698
2267 0.705739
2268 0.633333
2269 0.742424
2270 0.729885
2271 0.666667
2272 0.681818
2273 0.84106
2274 0.788136
2275 0.691589
2276 0.785714
2277 0.863636
2278 0.809859
2279 0.716216
2280 0.727848
2281 0.816327
2282 0.783133
2283 0.704064
2284 0.617647
2285 0.732877
2286 0.726316
2287 0.666667
2288 0.517241
2289 0.767045
2290 0.754717
2291 0.677966
2292 0.679105
2293 0.8125
2294 0.786624
2295 0.707921
2296 0.662983
2297 0.783088
2298 0.768595
2299 0.700445
2300 0.578947
2301 0.7125
2302 0.718447
2303 0.666667
2304 0
2305 0.882353
2306 0.768657
2307 0.66
2308 0.860465
2309 0.863636
2310 0.779661
2311 0.680328
2312 0.714286
2313 0.789474
2314 0.745455
2315 0.666667
2316 0.576
2317 0.695876
2318 0.688213
2319 0.632529
2320 0.833333
2321 0.861702
2322 0.768293
2323 0.662393
2324 0.833333
2325 0.854015
2326 0.778846
2327 0.681003
2328 0.722222
2329 0.788889
2330 0.746032
2331 0.666667
2332 0.593333
2333 0.699552
2334 0.689189
2335 0.631436
2336 0.630435
2337 0.8
2338 0.747423
2339 0.656716
2340 0.741573
2341 0.817073
2342 0.76569
2343 0.678344
2344 0.681818
2345 0.769231
2346 0.739437
2347 0.666667
2348 0.577143
2349 0.690476
2350 0.686942
2351 0.633004
2352 0.441176
2353 0.719178
2354 0.714286
2355 0.645695
2356 0.625
2357 0.764398
2358 0.744444
2359 0.673363
2360 0.615385
2361 0.737288
2362 0.727848
2363 0.666667
2364 0.54
2365 0.672598
2366 0.682329
2367 0.636569
2368 1.27273
2369 0.895349
2370 0.763975
2371 0.644068
2372 0.892857
2373 0.863636
2374 0.769231
2375 0.661972
2376 0.722772
2377 0.780899
2378 0.729412
2379 0.644578
2380 0.568493
2381 0.678571
2382 0.665563
2383 0.605263
2384 0.911765
2385 0.867257
2386 0.760417
2387 0.645756
2388 0.85
2389 0.85
2390 0.766667
2391 0.6625
2392 0.722222
2393 0.777778
2394 0.729167
2395 0.644997
2396 0.581395
2397 0.681102
2398 0.666667
2399 0.605263
2400 0.684211
2401 0.8
2402 0.735426
2403 0.637255
2404 0.75
2405 0.808511
2406 0.75
2407 0.657303
2408 0.675497
2409 0.754237
2410 0.719626
2411 0.642864
2412 0.560606
2413 0.669014
2414 0.662162
2415 0.605263
2416 0.475
2417 0.712575
2418 0.69685
2419 0.621701
2420 0.625
2421 0.75
2422 0.723684
2423 0.647959
2424 0.602273
2425 0.716981
2426 0.70339
2427 0.638831
2428 0.517857
2429 0.646497
2430 0.653465
2431 0.605263
2432 1
2433 0.884615
2434 0.765957
2435 0.647059
2436 0.869565
2437 0.863636
2438 0.774059
2439 0.666667
2440 0.720339
2441 0.784314
2442 0.734483
2443 0.648936
2444 0.568862
2445 0.681102
2446 0.668622
2447 0.607482
2448 0.863636
2449 0.863636
2450 0.763636
2451 0.649351
2452 0.840426
2453 0.852459
2454 0.772059
2455 0.66759
2456 0.722222
2457 0.782051
2458 0.734568
2459 0.649758
2460 0.582474
2461 0.684211
2462 0.670213
2463 0.608141
2464 0.676471
2465 0.8
2466 0.738095
2467 0.639535
2468 0.747899
2469 0.811321
2470 0.754098
2471 0.660804
2472 0.676471
2473 0.757576
2474 0.723464
2475 0.646018
2476 0.561086
2477 0.670886
2478 0.664234
2479 0.606722
2480 0.478261
2481 0.712766
2482 0.697183
2483 0.621053
2484 0.625
2485 0.751037
2486 0.724852
2487 0.648276
2488 0.602041
2489 0.717687
2490 0.704082
2491 0.638776
2492 0.516129
2493 0.645533
2494 0.652466
2495 0.603672
2496 0.724138
2497 0.860656
2498 0.772093
2499 0.662338
2500 0.817073
2501 0.863636
2502 0.788889
2503 0.686813
2504 0.711111
2505 0.795652
2506 0.753846
2507 0.671429
2508 0.574468
2509 0.697183
2510 0.689474
2511 0.630252
2512 0.759259
2513 0.854305
2514 0.774194
2515 0.666667
2516 0.814815
2517 0.859223
2518 0.789474
2519 0.689055
2520 0.722222
2521 0.796935
2522 0.755556
2523 0.673203
2524 0.592593
2525 0.702532
2526 0.692308
2527 0.631783
2528 0.632911
2529 0.8
2530 0.75089
2531 0.657068
2532 0.738806
2533 0.822034
2534 0.772189
2535 0.681818
2536 0.68254
2537 0.773973
2538 0.744304
2539 0.668675
2540 0.57377
2541 0.689655
2542 0.685841
2543 0.629496
2544 0.461538
2545 0.717703
2546 0.710191
2547 0.637232
2548 0.625
2549 0.763158
2550 0.741935
2551 0.667364
2552 0.611111
2553 0.733746
2554 0.723256
2555 0.659218
2556 0.529412
2557 0.663158
2558 0.672131
2559 0.624161
2560 1
2561 0.895349
2562 0.785714
2563 0.676
2564 0.87037
2565 0.883212
2566 0.8
2567 0.69967
2568 0.730769
2569 0.808511
2570 0.764706
2571 0.685393
2572 0.590909
2573 0.711297
2574 0.703704
2575 0.64793
2576 0.833333
2577 0.87931
2578 0.787129
2579 0.680556
2580 0.851852
2581 0.875
2582 0.8
2583 0.701754
2584 0.742424
2585 0.809091
2586 0.766234
2587 0.686869
2588 0.612022
2589 0.716912
2590 0.706371
2591 0.648895
2592 0.642857
2593 0.815068
2594 0.762712
2595 0.671779
2596 0.759259
2597 0.834171
2598 0.782759
2599 0.695538
2600 0.7
2601 0.785714
2602 0.755814
2603 0.683486
2604 0.59434
2605 0.704918
2606 0.701005
2607 0.647662
2608 0.451219
2609 0.727273
2610 0.722222
2611 0.653846
2612 0.637037
2613 0.773913
2614 0.753846
2615 0.683333
2616 0.62766
2617 0.746479
2618 0.736842
2619 0.676471
2620 0.551867
2621 0.680473
2622 0.689655
2623 0.64474
2624 1.21429
2625 0.914286
2626 0.785714
2627 0.665505
2628 0.911765
2629 0.8875
2630 0.793651
2631 0.686047
2632 0.745902
2633 0.804651
2634 0.753247
2635 0.668329
2636 0.590909
2637 0.7
2638 0.686813
2639 0.626638
2640 0.926829
2641 0.889706
2642 0.78355
2643 0.668712
2644 0.875
2645 0.875
2646 0.791667
2647 0.6875
2648 0.748344
2649 0.802419
2650 0.753623
2651 0.669683
2652 0.606796
2653 0.703947
2654 0.689055
2655 0.628
2656 0.705882
2657 0.820359
2658 0.755639
2659 0.657534
2660 0.774194
2661 0.830357
2662 0.771605
2663 0.679245
2664 0.7
2665 0.775801
2666 0.740838
2667 0.664596
2668 0.584746
2669 0.689349
2670 0.681818
2671 0.625461
2672 0.494737
2673 0.727273
2674 0.710963
2675 0.636139
2676 0.644737
2677 0.765625
2678 0.738889
2679 0.663793
2680 0.62201
2681 0.732484
2682 0.718377
2683 0.65458
2684 0.537594
2685 0.66129
2686 0.667364
2687 0.619863
2688 1
2689 0.903226
2690 0.785714
2691 0.666667
2692 0.890244
2693 0.885246
2694 0.795775
2695 0.688312
2696 0.742857
2697 0.805785
2698 0.755814
2699 0.670404
2700 0.590909
2701 0.700997
2702 0.688119
2703 0.627219
2704 0.884615
2705 0.884615
2706 0.784615
2707 0.67033
2708 0.864865
2709 0.875
2710 0.794393
2711 0.690141
2712 0.747059
2713 0.804348
2714 0.756545
2715 0.672131
2716 0.606987
2717 0.705357
2718 0.690745
2719 0.629091
2720 0.7
2721 0.819149
2722 0.756757
2723 0.658416
2724 0.771429
2725 0.831325
2726 0.773743
2727 0.680942
2728 0.7
2729 0.777419
2730 0.742857
2731 0.666038
2732 0.584615
2733 0.690027
2734 0.682573
2735 0.625632
2736 0.5
2737 0.727273
2738 0.710843
2739 0.635135
2740 0.64497
2741 0.765957
2742 0.739241
2743 0.663386
2744 0.621739
2745 0.732558
2746 0.718341
2747 0.653846
2748 0.536082
2749 0.660098
2750 0.666027
2751 0.617925
2752 0.735294
2753 0.874126
2754 0.785714
2755 0.6759
2756 0.833333
2757 0.878641
2758 0.803797
2759 0.701878
2760 0.727848
2761 0.810409
2762 0.768421
2763 0.686354
2764 0.590909
2765 0.710843
2766 0.702703
2767 0.643885
2768 0.777778
2769 0.869318
2770 0.788927
2771 0.681592
2772 0.833333
2773 0.875
2774 0.805085
2775 0.705128
2776 0.740741
2777 0.8125
2778 0.770883
2779 0.689139
2780 0.611111
2781 0.717391
2782 0.706612
2783 0.646667
2784 0.652174
2785 0.813397
2786 0.763804
2787 0.670429
2788 0.75641
2789 0.835766
2790 0.785714
2791 0.696078
2792 0.7
2793 0.787611
2794 0.757642
2795 0.682842
2796 0.591549
2797 0.70297
2798 0.698473
2799 0.642857
2800 0.479339
2801 0.727273
2802 0.719008
2803 0.646694
2804 0.639785
2805 0.772727
2806 0.751163
2807 0.677536
2808 0.625498
2809 0.743316
2810 0.732394
2811 0.669355
2812 0.544304
2813 0.672727
2814 0.680851
2815 0.633721
2816 0.5
2817 0.923077
2818 0.826733
2819 0.72
2820 0.892308
2821 0.926829
2822 0.847909
2823 0.748619
2824 0.774194
2825 0.857143
2826 0.814815
2827 0.735849
2828 0.639344
2829 0.760563
2830 0.753247
2831 0.697531
2832 0.833333
2833 0.92029
2834 0.833333
2835 0.72807
2836 0.895833
2837 0.924623
2838 0.850993
2839 0.753086
2840 0.794872
2841 0.861538
2842 0.818681
2843 0.739316
2844 0.666667
2845 0.76947
2846 0.758216
2847 0.700565
2848 0.681818
2849 0.860465
2850 0.809353
2851 0.71875
2852 0.811024
2853 0.884615
2854 0.832845
2855 0.745536
2856 0.755319
2857 0.837838
2858 0.806931
2859 0.734375
2860 0.650602
2861 0.756983
2862 0.751606
2863 0.697917
2864 0.5
2865 0.771845
2866 0.765823
2867 0.697183
2868 0.689873
2869 0.821561
2870 0.8
2871 0.729124
2872 0.681818
2873 0.795181
2874 0.783784
2875 0.723022
2876 0.606383
2877 0.729114
2878 0.73622
2879 0.690821
2880 1.11765
2881 0.951613
2882 0.831169
2883 0.713018
2884 0.95
2885 0.93617
2886 0.844595
2887 0.737624
2888 0.797203
2889 0.857143
2890 0.806094
2891 0.721277
2892 0.645631
2893 0.753165
2894 0.739437
2895 0.679105
2896 0.958333
2897 0.937107
2898 0.833333
2899 0.71916
2900 0.928571
2901 0.928571
2902 0.845238
2903 0.741071
2904 0.806818
2905 0.858131
2906 0.808458
2907 0.724272
2908 0.666667
2909 0.759887
2910 0.74359
2911 0.682131
2912 0.759494
2913 0.871134
2914 0.805825
2915 0.707547
2916 0.833333
2917 0.884615
2918 0.824468
2919 0.731707
2920 0.760766
2921 0.831288
2922 0.794582
2923 0.717857
2924 0.645985
2925 0.744898
2926 0.735294
2927 0.678344
2928 0.554545
2929 0.777293
2930 0.758621
2931 0.683084
2932 0.704545
2933 0.817568
2934 0.788462
2935 0.712687
2936 0.681818
2937 0.785124
2938 0.768595
2939 0.704132
2940 0.597403
2941 0.713953
2942 0.717391
2943 0.669139
2944 1
2945 0.944444
2946 0.830769
2947 0.712766
2948 0.936842
2949 0.933962
2950 0.844985
2951 0.737668
2952 0.796296
2953 0.857143
2954 0.806533
2955 0.72093
2956 0.646288
2957 0.752874
2958 0.738758
2959 0.677474
2960 0.933333
2961 0.933333
2962 0.833333
2963 0.719048
2964 0.921875
2965 0.927711
2966 0.845946
2967 0.741344
2968 0.806122
2969 0.858491
2970 0.809091
2971 0.724199
2972 0.666667
2973 0.75969
2974 0.743137
2975 0.680885
2976 0.76087
2977 0.87037
2978 0.805882
2979 0.706897
2980 0.832298
2981 0.884615
2982 0.824818
2983 0.731343
2984 0.76087
2985 0.831461
2986 0.794606
2987 0.717105
2988 0.645485
2989 0.744131
2990 0.734177
2991 0.676471
2992 0.564516
2993 0.777778
2994 0.757895
2995 0.681102
2996 0.706186
2997 0.817337
2998 0.787611
2999 0.710843
3000 0.681818
3001 0.784264
3002 0.767176
3003 0.701835
3004 0.595808
3005 0.711828
3006 0.714765
3007 0.66575
3008 0.769231
3009 0.914634
3010 0.82699
3011 0.717391
3012 0.881818
3013 0.923729
3014 0.848066
3015 0.745902
3016 0.779006
3017 0.857143
3018 0.813793
3019 0.731317
3020 0.642857
3021 0.757895
3022 0.748031
3023 0.688679
3024 0.833333
3025 0.915423
3026 0.833333
3027 0.72549
3028 0.888889
3029 0.923358
3030 0.851485
3031 0.750936
3032 0.796296
3033 0.861671
3034 0.817992
3035 0.735632
3036 0.666667
3037 0.766667
3038 0.753623
3039 0.692982
3040 0.714286
3041 0.861345
3042 0.808625
3043 0.714286
3044 0.814607
3045 0.884615
3046 0.831839
3047 0.741379
3048 0.756972
3049 0.836788
3050 0.804223
3051 0.728659
3052 0.648148
3053 0.752174
3054 0.744966
3055 0.688525
3056 0.543478
3057 0.774545
3058 0.762136
3059 0.688525
3060 0.698113
3061 0.82
3062 0.795082
3063 0.720447
3064 0.681818
3065 0.790588
3066 0.776596
3067 0.71266
3068 0.6
3069 0.72
3070 0.725
3071 0.676923
3072 0
3073 1
3074 0.9
3075 0.8
3076 1
3077 1
3078 0.92
3079 0.826087
3080 0.875
3081 0.936416
3082 0.892
3083 0.816514
3084 0.75
3085 0.851351
3086 0.84
3087 0.785714
3088 1
3089 1
3090 0.908108
3091 0.806818
3092 1
3093 1
3094 0.923729
3095 0.829114
3096 0.896
3097 0.941748
3098 0.89547
3099 0.817935
3100 0.775862
3101 0.859375
3102 0.843195
3103 0.785714
3104 0.833333
3105 0.948905
3106 0.890909
3107 0.80198
3108 0.923077
3109 0.968085
3110 0.911765
3111 0.825843
3112 0.863636
3113 0.924686
3114 0.888889
3115 0.816626
3116 0.764706
3117 0.851724
3118 0.840426
3119 0.785714
3120 0.666667
3121 0.875
3122 0.858824
3123 0.789474
3124 0.818182
3125 0.918182
3126 0.88961
3127 0.818182
3128 0.803279
3129 0.893382
3130 0.875346
3131 0.813345
3132 0.730769
3133 0.833333
3134 0.833333
3135 0.785714
3136 1.5
3137 1.03125
3138 0.9
3139 0.784091
3140 1.0625
3141 1.00671
3142 0.910256
3143 0.805643
3144 0.896552
3145 0.930693
3146 0.875
3147 0.791444
3148 0.75
3149 0.835294
3150 0.815789
3151 0.755257
3152 1.125
3153 1.01562
3154 0.902778
3155 0.789474
3156 1.03226
3157 1
3158 0.911439
3159 0.808333
3160 0.90411
3161 0.932203
3162 0.877301
3163 0.793269
3164 0.768844
3165 0.841379
3166 0.818898
3167 0.756366
3168 0.911765
3169 0.95625
3170 0.880952
3171 0.781977
3172 0.942623
3173 0.962791
3174 0.896104
3175 0.802993
3176 0.863636
3177 0.911111
3178 0.868132
3179 0.790393
3180 0.752174
3181 0.830769
3182 0.814286
3183 0.755347
3184 0.71875
3185 0.875
3186 0.84375
3187 0.765625
3188 0.827815
3189 0.907258
3190 0.869565
3191 0.791855
3192 0.796117
3193 0.875
3194 0.850746
3195 0.784
3196 0.712644
3197 0.808333
3198 0.803922
3199 0.752693
3200 1.25
3201 1.02564
3202 0.9
3203 0.782178
3204 1.05
3205 1.00575
3206 0.910448
3207 0.803867
3208 0.897059
3209 0.930736
3210 0.874233
3211 0.788599
3212 0.75
3213 0.833333
3214 0.8125
3215 0.75
3216 1.09434
3217 1.01333
3218 0.902834
3219 0.787791
3220 1.02727
3221 1
3222 0.911765
3223 0.806931
3224 0.904192
3225 0.932331
3226 0.876712
3227 0.790948
3228 0.767857
3229 0.839506
3230 0.816038
3231 0.751908
3232 0.914634
3233 0.956284
3234 0.880282
3235 0.779221
3236 0.942857
3237 0.96281
3238 0.895349
3239 0.800448
3240 0.863636
3241 0.910299
3242 0.866337
3243 0.786982
3244 0.75
3245 0.827778
3246 0.810345
3247 0.75
3248 0.72973
3249 0.875
3250 0.841121
3251 0.760563
3252 0.829412
3253 0.905797
3254 0.866492
3255 0.786885
3256 0.79476
3257 0.872024
3258 0.846501
3259 0.778182
3260 0.708333
3261 0.80303
3262 0.797619
3263 0.745097
3264 1
3265 1
3266 0.9
3267 0.789474
3268 1
3269 1
3270 0.917219
3271 0.814815
3272 0.884615
3273 0.934615
3274 0.884615
3275 0.801282
3276 0.75
3277 0.841121
3278 0.823944
3279 0.762712
3280 1
3281 1
3282 0.906475
3283 0.796875
3284 1
3285 1
3286 0.920821
3287 0.819196
3288 0.898936
3289 0.939189
3290 0.888614
3291 0.804688
3292 0.771084
3293 0.849162
3294 0.828694
3295 0.765625
3296 0.875
3297 0.951456
3298 0.886076
3299 0.788732
3300 0.93038
3301 0.966543
3302 0.905263
3303 0.812627
3304 0.863636
3305 0.918675
3306 0.878378
3307 0.80036
3308 0.755319
3309 0.837975
3310 0.822835
3311 0.763285
3312 0.714286
3313 0.875
3314 0.847458
3315 0.769231
3316 0.825397
3317 0.911184
3318 0.875895
3319 0.797753
3320 0.797619
3321 0.880435
3322 0.857438
3323 0.79
3324 0.714286
3325 0.8125
3326 0.808743
3327 0.756757
3328 2
3329 0.989362
3330 0.87027
3331 0.76087
3332 1
3333 0.973684
3334 0.885246
3335 0.785714
3336 0.846154
3337 0.9
3338 0.851485
3339 0.772727
3340 0.706897
3341 0.80597
3342 0.792818
3343 0.736842
3344 1.02941
3345 0.976744
3346 0.875
3347 0.768025
3348 0.978261
3349 0.968085
3350 0.887324
3351 0.789474
3352 0.86
3353 0.902834
3354 0.854651
3355 0.77551
3356 0.730769
3357 0.813725
3358 0.79703
3359 0.739044
3360 0.815385
3361 0.914634
3362 0.851711
3363 0.759669
3364 0.887097
3365 0.928571
3366 0.87037
3367 0.783019
3368 0.819672
3369 0.880282
3370 0.844156
3371 0.771605
3372 0.714876
3373 0.802326
3374 0.79148
3375 0.737226
3376 0.625
3377 0.829146
3378 0.811258
3379 0.740741
3380 0.769231
3381 0.869231
3382 0.840659
3383 0.769231
3384 0.75
3385 0.841121
3386 0.823944
3387 0.762712
3388 0.673913
3389 0.777487
3390 0.778689
3391 0.732323
3392 1.5625
3393 1.01724
3394 0.875
3395 0.753165
3396 1.05195
3397 0.983146
3398 0.88172
3399 0.773684
3400 0.869565
3401 0.9
3402 0.842105
3403 0.756757
3404 0.713568
3405 0.798013
3406 0.777778
3407 0.716535
3408 1.125
3409 0.993421
3410 0.875
3411 0.758333
3412 1.00909
3413 0.972093
3414 0.88125
3415 0.776471
3416 0.872093
3417 0.899281
3418 0.84375
3419 0.759184
3420 0.730769
3421 0.803519
3422 0.78125
3423 0.718919
3424 0.8875
3425 0.925532
3426 0.847973
3427 0.747525
3428 0.909091
3429 0.928571
3430 0.861496
3431 0.768085
3432 0.825243
3433 0.873418
3434 0.830986
3435 0.753731
3436 0.710037
3437 0.789474
3438 0.773931
3439 0.715947
3440 0.678571
3441 0.834821
3442 0.803571
3443 0.725446
3444 0.784091
3445 0.865052
3446 0.828358
3447 0.751456
3448 0.75
3449 0.830508
3450 0.807692
3451 0.742268
3452 0.664474
3453 0.761337
3454 0.758427
3455 0.708783
3456 1.27586
3457 1.00725
3458 0.874494
3459 0.752809
3460 1.03191
3461 0.980392
3462 0.882166
3463 0.773585
3464 0.867925
3465 0.9
3466 0.84252
3467 0.756098
3468 0.714286
3469 0.797619
3470 0.776786
3471 0.714286
3472 1.08065
3473 0.988571
3474 0.875
3475 0.758105
3476 1
3477 0.971074
3478 0.882023
3479 0.776596
3480 0.871134
3481 0.899676
3482 0.84434
3483 0.758813
3484 0.730769
3485 0.803191
3486 0.780488
3487 0.717105
3488 0.884211
3489 0.924528
3490 0.848024
3491 0.746637
3492 0.907407
3493 0.928571
3494 0.861809
3495 0.767442
3496 0.825328
3497 0.873563
3498 0.830835
3499 0.75256
3500 0.709459
3501 0.788462
3502 0.772388
3503 0.713415
3504 0.6875
3505 0.835341
3506 0.802703
3507 0.723014
3508 0.785714
3509 0.86478
3510 0.827273
3511 0.74911
3512 0.75
3513 0.829457
3514 0.805882
3515 0.739336
3516 0.662651
3517 0.758772
3518 0.755172
3519 0.704545
3520 1
3521 0.975
3522 0.870504
3523 0.757576
3524 0.972973
3525 0.969565
3526 0.885387
3527 0.782051
3528 0.85
3529 0.9
3530 0.85
3531 0.766667
3532 0.710843
3533 0.802703
3534 0.786151
3535 0.72549
3536 0.973684
3537 0.969697
3538 0.875
3539 0.764706
3540 0.965753
3541 0.966543
3542 0.887755
3543 0.786408
3544 0.861111
3545 0.902941
3546 0.853448
3547 0.770408
3548 0.730769
3549 0.810219
3550 0.791045
3551 0.729198
3552 0.836364
3553 0.915254
3554 0.850829
3555 0.754098
3556 0.889503
3557 0.928571
3558 0.868966
3559 0.77758
3560 0.821429
3561 0.878947
3562 0.840551
3563 0.764151
3564 0.712074
3565 0.79646
3566 0.783133
3567 0.725352
3568 0.666667
3569 0.832117
3570 0.806931
3571 0.730337
3572 0.777778
3573 0.867435
3574 0.834728
3575 0.758621
3576 0.75
3577 0.835714
3578 0.815217
3579 0.75
3580 0.666667
3581 0.766734
3582 0.765176
3583 0.715415
3584 1.5
3585 0.99115
3586 0.872727
3587 0.761468
3588 1
3589 0.977778
3590 0.888889
3591 0.787879
3592 0.847826
3593 0.902834
3594 0.853933
3595 0.774194
3596 0.705882
3597 0.805732
3598 0.792453
3599 0.735955
3600 1.02439
3601 0.980263
3602 0.878327
3603 0.770053
3604 0.981481
3605 0.972727
3606 0.891566
3607 0.792793
3608 0.862857
3609 0.90625
3610 0.857855
3611 0.77821
3612 0.731405
3613 0.814607
3614 0.797872
3615 0.739726
3616 0.815789
3617 0.91623
3618 0.852941
3619 0.760095
3620 0.888889
3621 0.930769
3622 0.87234
3623 0.784553
3624 0.820755
3625 0.881459
3626 0.845291
3627 0.772647
3628 0.714286
3629 0.801508
3630 0.790698
3631 0.736593
3632 0.621622
3633 0.826087
3634 0.808023
3635 0.737179
3636 0.766667
3637 0.866667
3638 0.838095
3639 0.766667
3640 0.746988
3641 0.837838
3642 0.820774
3643 0.759804
3644 0.669811
3645 0.772727
3646 0.774021
3647 0.72807
3648 1.5
3649 1.02206
3650 0.880952
3651 0.758152
3652 1.05556
3653 0.990338
3654 0.888889
3655 0.780045
3656 0.875
3657 0.906475
3658 0.848485
3659 0.762646
3660 0.717391
3661 0.802292
3662 0.782051
3663 0.720613
3664 1.125
3665 1
3666 0.881757
3667 0.764423
3668 1.01575
3669 0.979839
3670 0.888889
3671 0.783673
3672 0.878788
3673 0.90625
3674 0.850679
3675 0.765957
3676 0.736059
3677 0.808673
3678 0.786408
3679 0.724138
3680 0.891304
3681 0.930556
3682 0.852941
3683 0.752155
3684 0.914634
3685 0.934256
3686 0.86715
3687 0.773655
3688 0.830508
3689 0.878453
3690 0.836066
3691 0.758958
3692 0.714286
3693 0.793103
3694 0.77758
3695 0.719884
3696 0.679688
3697 0.835938
3698 0.804688
3699 0.726562
3700 0.78607
3701 0.866667
3702 0.830065
3703 0.753401
3704 0.751825
3705 0.831683
3706 0.808989
3707 0.743976
3708 0.665706
3709 0.761506
3710 0.758621
3711 0.709459
3712 1.26471
3713 1.01258
3714 0.880282
3715 0.757946
3716 1.03704
3717 0.987179
3718 0.888889
3719 0.779835
3720 0.873626
3721 0.906149
3722 0.848624
3723 0.761989
3724 0.71875
3725 0.802083
3726 0.78125
3727 0.71875
3728 1.08451
3729 0.995
3730 0.881459
3731 0.764192
3732 1.00685
3733 0.978261
3734 0.889163
3735 0.783582
3736 0.877828
3737 0.90625
3738 0.850932
3739 0.765472
3740 0.736486
3741 0.808411
3742 0.785714
3743 0.722543
3744 0.888889
3745 0.929461
3746 0.852941
3747 0.751479
3748 0.913043
3749 0.933962
3750 0.867257
3751 0.773038
3752 0.830769
3753 0.878481
3754 0.835849
3755 0.757895
3756 0.714286
3757 0.792373
3758 0.776316
3759 0.717742
3760 0.689655
3761 0.836879
3762 0.804296
3763 0.72482
3764 0.788288
3765 0.866667
3766 0.829317
3767 0.751572
3768 0.752508
3769 0.83105
3770 0.807626
3771 0.74162
3772 0.664894
3773 0.75969
3774 0.756098
3775 0.70603
3776 1
3777 0.978022
3778 0.873418
3779 0.76
3780 0.97619
3781 0.97318
3782 0.888889
3783 0.785311
3784 0.852941
3785 0.902941
3786 0.852941
3787 0.769608
3788 0.712766
3789 0.804296
3790 0.78777
3791 0.727273
3792 0.976744
3793 0.973214
3794 0.878453
3795 0.768
3796 0.969697
3797 0.970395
3798 0.891648
3799 0.790378
3800 0.864754
3801 0.90625
3802 0.85687
3803 0.774096
3804 0.733746
3805 0.8125
3806 0.793388
3807 0.731903
3808 0.83871
3809 0.917293
3810 0.852941
3811 0.756364
3812 0.892157
3813 0.930836
3814 0.871429
3815 0.780411
3816 0.823944
3817 0.880841
3818 0.842657
3819 0.76676
3820 0.714286
3821 0.797642
3822 0.784404
3823 0.727159
3824 0.666667
3825 0.831169
3826 0.806167
3827 0.73
3828 0.777778
3829 0.866667
3830 0.834264
3831 0.758772
3832 0.75
3833 0.834746
3834 0.814516
3835 0.75
3836 0.666667
3837 0.765343
3838 0.763869
3839 0.714789
3840 1
3841 1
3842 0.894118
3843 0.785714
3844 1
3845 1
3846 0.915663
3847 0.815789
3848 0.867925
3849 0.929577
3850 0.882641
3851 0.803371
3852 0.730769
3853 0.833333
3854 0.820988
3855 0.764706
3856 1
3857 1
3858 0.903974
3859 0.797203
3860 1
3861 1
3862 0.921053
3863 0.822835
3864 0.89
3865 0.93617
3866 0.888646
3867 0.809199
3868 0.76087
3869 0.844828
3870 0.828358
3871 0.77027
3872 0.827586
3873 0.940367
3874 0.879656
3875 0.7875
3876 0.914634
3877 0.959459
3878 0.901869
3879 0.814286
3880 0.850622
3881 0.911765
3882 0.87574
3883 0.803125
3884 0.745283
3885 0.831858
3886 0.820819
3887 0.766667
3888 0.642857
3889 0.850575
3890 0.833333
3891 0.762712
3892 0.794118
3893 0.894118
3894 0.865546
3895 0.794118
3896 0.776596
3897 0.866348
3898 0.848921
3899 0.787879
3900 0.7
3901 0.801205
3902 0.801887
3903 0.755814
3904 1.375
3905 1.03846
3906 0.90625
3907 0.785714
3908 1.06796
3909 1.01695
3910 0.918699
3911 0.810757
3912 0.901099
3913 0.936709
3914 0.88
3915 0.794521
3916 0.747126
3917 0.833333
3918 0.813559
3919 0.752252
3920 1.125
3921 1.025
3922 0.910714
3923 0.794492
3924 1.04167
3925 1.01068
3926 0.921053
3927 0.816216
3928 0.910714
3929 0.939227
3930 0.884
3931 0.799373
3932 0.769737
3933 0.841986
3934 0.819588
3935 0.757282
3936 0.913462
3937 0.959016
3938 0.882812
3939 0.782443
3940 0.945946
3941 0.966258
3942 0.899358
3943 0.805921
3944 0.864662
3945 0.911765
3946 0.869091
3947 0.791907
3948 0.74928
3949 0.826531
3950 0.810427
3951 0.752577
3952 0.708333
3953 0.864583
3954 0.833333
3955 0.755208
3956 0.818584
3957 0.897574
3958 0.860465
3959 0.783661
3960 0.785714
3961 0.863436
3962 0.84
3963 0.774799
3964 0.7
3965 0.793296
3966 0.789474
3967 0.740072
3968 1.23077
3969 1.03333
3970 0.906542
3971 0.785714
3972 1.05738
3973 1.01515
3974 0.918719
3975 0.810219
3976 0.902439
3977 0.936782
3978 0.879837
3979 0.793375
3980 0.75
3981 0.833333
3982 0.8125
3983 0.75
3984 1.1
3985 1.02222
3986 0.910811
3987 0.794175
3988 1.03659
3989 1.00968
3990 0.921053
3991 0.815615
3992 0.91129
3993 0.939241
3994 0.883764
3995 0.798258
3996 0.771084
3997 0.841667
3998 0.818471
3999 0.755155
4000 0.917355
4001 0.959259
4002 0.883055
4003 0.78169
4004 0.946602
4005 0.966292
4006 0.899209
4007 0.804878
4008 0.865979
4009 0.911765
4010 0.868465
4011 0.790323
4012 0.75
4013 0.825758
4014 0.808824
4015 0.75
4016 0.722222
4017 0.866667
4018 0.833333
4019 0.753623
4020 0.822581
4021 0.89801
4022 0.859712
4023 0.78169
4024 0.787425
4025 0.862986
4026 0.838509
4027 0.772215
4028 0.7
4029 0.791667
4030 0.786885
4031 0.736486
4032 1
4033 1
4034 0.898305
4035 0.785714
4036 1
4037 1
4038 0.916479
4039 0.813131
4040 0.881579
4041 0.931579
4042 0.881579
4043 0.798246
4044 0.742857
4045 0.833333
4046 0.816425
4047 0.755814
4048 1
4049 1
4050 0.905941
4051 0.795699
4052 1
4053 1
4054 0.921053
4055 0.819723
4056 0.897059
4057 0.936916
4058 0.886986
4059 0.804054
4060 0.766667
4061 0.843327
4062 0.823442
4063 0.761733
4064 0.869565
4065 0.945946
4066 0.881057
4067 0.784314
4068 0.92511
4069 0.96114
4070 0.900917
4071 0.809659
4072 0.857595
4073 0.911765
4074 0.872642
4075 0.796482
4076 0.748148
4077 0.828622
4078 0.814305
4079 0.756757
4080 0.7
4081 0.859649
4082 0.833333
4083 0.756757
4084 0.811111
4085 0.896074
4086 0.862416
4087 0.786561
4088 0.783333
4089 0.864504
4090 0.843023
4091 0.778169
4092 0.7
4093 0.795122
4094 0.792308
4095 0.742857
