374
372
370
368
367
365
363
361
359
357
355
353
351
349
348
346
344
342
340
338
336
334
332
330
328
327
325
323
321
319
317
315
313
311
309
308
306
304
302
300
298
296
294
292
290
289
287
285
283
281
279
277
275
273
271
269
268
266
264
262
260
258
256
254
252
250
249
247
245
243
241
239
237
235
233
231
230
228
226
224
222
220
218
216
214
212
210
209
207
205
203
201
199
197
195
193
191
190
188
186
184
182
180
178
176
174
172
171
169
167
165
163
161
159
157
155
153
151
150
148
146
144
142
140
138
136
134
132
131
129
127
125
123
121
119
117
115
113
112
110
108
106
104
102
100
98
96
94
92
91
89
87
85
83
81
79
77
75
73
72
70
68
66
64
62
60
58
56
54
53
51
49
47
45
43
41
39
37
35
33
32
30
28
26
24
22
20
18
16
14
13
11
