9
11
13
15
16
18
20
22
24
26
28
30
32
34
36
37
39
41
43
45
47
49
51
53
55
56
58
60
62
64
66
68
70
72
74
75
77
79
81
83
85
87
89
91
93
95
96
98
100
102
104
106
108
110
112
114
115
117
119
121
123
125
127
129
131
133
134
136
138
140
142
144
146
148
150
152
154
155
157
159
161
163
165
167
169
171
173
174
176
178
180
182
184
186
188
190
192
193
195
197
199
201
203
205
207
209
211
213
214
216
218
220
222
224
226
228
230
232
233
235
237
239
241
243
245
247
249
251
252
254
256
258
260
262
264
266
268
270
272
273
275
277
279
281
283
285
287
289
291
292
294
296
298
300
302
304
306
308
310
311
313
315
317
319
321
323
325
327
329
331
332
334
336
338
340
342
344
346
348
350
351
353
355
357
359
361
363
365
367
369
370
372
