14
15
17
18
20
22
23
25
26
28
29
31
33
34
36
37
39
41
42
44
45
47
49
50
52
53
55
56
58
60
61
63
64
66
68
69
71
72
74
75
77
79
80
82
83
85
87
88
90
91
93
95
96
98
99
101
102
104
106
107
109
110
112
114
115
117
118
120
121
123
125
126
128
129
131
133
134
136
137
139
140
142
144
145
147
148
150
152
153
155
156
158
160
161
163
164
166
167
169
171
172
174
175
177
179
180
182
183
185
186
188
190
191
193
194
196
198
199
201
202
204
206
207
209
210
212
213
215
217
218
220
221
223
225
226
228
229
231
232
234
236
237
239
240
242
244
245
247
248
250
251
253
255
256
258
259
261
263
264
266
267
269
271
272
274
275
277
278
280
282
283
285
286
288
290
291
293
294
296
297
299
301
302
304
305
307
309
310
312
313
315
317
318
320
321
323
324
326
328
329
331
332
334
336
337
339
340
342
343
345
347
348
350
351
353
355
356
358
359
361
362
364
366
367
369
370
372
374
375
377
378
380
382
383
385
386
388
389
391
393
394
396
397
399
401
402
404
405
407
408
410
412
413
415
416
418
420
421
423
424
426
428
429
431
432
434
435
437
439
440
442
443
445
447
448
450
451
453
454
456
458
459
461
462
464
466
467
469
470
472
473
475
477
478
480
481
483
485
486
488
489
491
493
494
496
497
499
500
502
504
505
507
508
510
512
513
515
516
518
519
521
523
524
526
527
529
531
532
534
535
537
539
540
542
543
545
546
548
550
551
553
554
556
558
559
561
562
564
565
567
569
570
572
573
575
577
578
580
581
583
584
586
588
589
591
592
594
596
597
599
600
602
604
605
607
608
610
611
613
615
616
618
619
621
