3
3
4
4
5
5
5
6
6
7
7
7
8
8
9
9
9
10
10
11
11
11
12
12
13
13
13
14
14
15
15
15
16
16
17
17
17
18
18
18
19
19
20
20
20
21
21
22
22
22
23
23
24
24
24
25
25
26
26
26
27
27
28
28
28
29
29
30
30
30
31
31
32
32
32
33
33
34
34
34
35
35
36
36
36
37
37
38
38
38
39
39
40
40
40
41
41
41
42
42
43
43
43
44
44
45
45
45
46
46
47
47
47
48
48
49
49
49
50
50
51
51
51
52
52
53
53
53
54
54
55
55
55
56
56
57
57
57
58
58
59
59
59
60
60
61
61
61
62
62
62
63
63
64
64
64
65
65
66
66
66
67
67
68
68
68
69
69
70
70
70
71
71
72
72
72
73
73
74
74
74
75
75
76
76
76
77
77
78
78
78
79
79
80
80
80
81
81
82
82
82
83
83
84
84
84
85
85
85
86
86
87
87
87
88
88
89
89
89
90
90
91
91
91
92
92
93
93
93
94
94
95
95
95
96
96
97
97
97
98
98
99
99
99
100
100
101
101
101
102
102
103
103
103
104
104
105
105
105
106
106
107
107
107
108
108
108
109
109
110
110
110
111
111
112
112
112
113
113
114
114
114
115
115
116
116
116
117
117
118
118
118
119
119
120
120
120
121
121
122
122
122
123
123
124
124
124
125
125
126
126
126
127
127
128
128
128
129
129
129
130
130
131
131
131
132
132
133
133
133
134
134
135
135
135
136
136
137
137
137
138
138
139
139
139
140
140
141
141
141
142
142
143
143
143
144
144
145
145
145
146
146
147
147
147
148
148
149
149
149
150
150
151
151
151
152
152
152
153
153
154
154
154
155
14
15
17
18
20
22
23
25
26
28
29
31
33
34
36
37
39
41
42
44
45
47
49
50
52
53
55
56
58
60
61
63
64
66
68
69
71
72
74
75
77
79
80
82
83
85
87
88
90
91
93
95
96
98
99
101
102
104
106
107
109
110
112
114
115
117
118
120
121
123
125
126
128
129
131
133
134
136
137
139
140
142
144
145
147
148
150
152
153
155
156
158
160
161
163
164
166
167
169
171
172
174
175
177
179
180
182
183
185
186
188
190
191
193
194
196
198
199
201
202
204
206
207
209
210
212
213
215
217
218
220
221
223
225
226
228
229
231
232
234
236
237
239
240
242
244
245
247
248
250
251
253
255
256
258
259
261
263
264
266
267
269
271
272
274
275
277
278
280
282
283
285
286
288
290
291
293
294
296
297
299
301
302
304
305
307
309
310
312
313
315
317
318
320
321
323
324
326
328
329
331
332
334
336
337
339
340
342
343
345
347
348
350
351
353
355
356
358
359
361
362
364
366
367
369
370
372
374
375
377
378
380
382
383
385
386
388
389
391
393
394
396
397
399
401
402
404
405
407
408
410
412
413
415
416
418
420
421
423
424
426
428
429
431
432
434
435
437
439
440
442
443
445
447
448
450
451
453
454
456
458
459
461
462
464
466
467
469
470
472
473
475
477
478
480
481
483
485
486
488
489
491
493
494
496
497
499
500
502
504
505
507
508
510
512
513
515
516
518
519
521
523
524
526
527
529
531
532
534
535
537
539
540
542
543
545
546
548
550
551
553
554
556
558
559
561
562
564
565
567
569
570
572
573
575
577
578
580
581
583
584
586
588
589
591
592
594
596
597
599
600
602
604
605
607
608
610
611
613
615
616
618
619
621
