123
123
122
121
121
120
120
119
118
118
117
116
116
115
115
114
113
113
112
111
111
110
110
109
108
108
107
106
106
105
105
104
103
103
102
101
101
100
100
99
98
98
97
97
96
95
95
94
93
93
92
92
91
90
90
89
88
88
87
87
86
85
85
84
83
83
82
82
81
80
80
79
78
78
77
77
76
75
75
74
73
73
72
72
71
70
70
69
68
68
67
67
66
65
65
64
63
63
62
62
61
60
60
59
58
58
57
57
56
55
55
54
53
53
52
52
51
50
50
49
48
48
47
47
46
45
45
44
43
43
42
42
41
40
40
39
38
38
37
37
36
35
35
34
33
33
32
32
31
30
30
29
28
28
27
27
26
25
25
24
23
23
22
22
21
20
20
19
19
18
17
17
16
15
15
14
14
13
12
12
11
10
10
9
9
8
7
7
6
5
5
4
495
492
490
487
485
482
480
477
475
472
470
467
465
462
460
457
455
452
450
447
445
442
440
437
435
432
430
427
425
422
420
417
415
412
410
407
405
402
400
397
395
392
390
388
385
383
380
378
375
373
370
368
365
363
360
358
355
353
350
348
345
343
340
338
335
333
330
328
325
323
320
318
315
313
310
308
305
303
300
298
295
293
290
288
285
283
280
278
275
273
270
268
265
263
260
258
255
253
250
248
245
243
240
238
235
233
230
228
225
223
220
218
215
213
210
208
205
203
200
198
195
193
190
188
185
183
180
178
175
173
170
168
165
163
160
158
155
153
150
148
145
143
140
138
135
133
130
128
125
123
120
118
115
113
110
108
105
103
100
98
95
93
90
88
85
83
80
78
76
73
71
68
66
63
61
58
56
53
51
48
46
43
41
38
36
33
31
28
26
23
21
18
