17
19
22
24
27
29
32
34
37
39
42
44
47
49
52
54
57
59
62
64
67
69
72
74
77
79
82
84
87
89
92
94
97
99
102
104
107
109
112
114
117
119
122
124
127
129
132
134
137
139
142
144
147
149
152
154
157
159
162
164
167
169
172
174
177
179
182
184
187
189
192
194
197
199
202
204
207
209
212
214
217
219
222
224
227
229
232
234
237
239
242
244
247
249
252
254
257
259
261
264
266
269
271
274
276
279
281
284
286
289
291
294
296
299
301
304
306
309
311
314
316
319
321
324
326
329
331
334
336
339
341
344
346
349
351
354
356
359
361
364
366
369
371
374
376
379
381
384
386
389
391
394
396
399
401
404
406
409
411
414
416
419
421
424
426
429
431
434
436
439
441
444
446
449
451
454
456
459
461
464
466
469
471
474
476
479
481
484
486
489
491
494
