130
130
131
131
132
132
133
133
134
134
135
135
136
136
137
137
137
138
138
139
139
140
140
141
141
142
142
143
143
144
144
145
145
146
146
146
147
147
148
148
149
149
150
150
151
151
152
152
153
153
154
154
155
155
156
156
156
157
157
158
158
159
159
160
160
161
161
162
162
163
163
164
164
165
165
166
166
166
167
167
168
168
169
169
170
170
171
171
172
172
173
173
174
174
175
175
176
176
176
177
177
178
178
179
179
180
180
181
181
182
182
183
183
184
184
185
185
186
186
186
187
187
188
188
189
189
190
190
191
191
192
192
193
193
194
194
195
195
196
196
196
197
197
198
198
199
199
200
200
201
201
202
202
203
203
204
204
205
205
205
206
206
207
207
208
208
209
209
210
210
211
211
212
212
213
213
214
214
215
215
215
216
216
217
217
218
218
219
219
220
220
221
521
523
525
527
528
530
532
534
536
538
540
542
544
546
548
549
551
553
555
557
559
561
563
565
567
568
570
572
574
576
578
580
582
584
586
587
589
591
593
595
597
599
601
603
605
607
608
610
612
614
616
618
620
622
624
626
627
629
631
633
635
637
639
641
643
645
646
648
650
652
654
656
658
660
662
664
666
667
669
671
673
675
677
679
681
683
685
686
688
690
692
694
696
698
700
702
704
705
707
709
711
713
715
717
719
721
723
725
726
728
730
732
734
736
738
740
742
744
745
747
749
751
753
755
757
759
761
763
764
766
768
770
772
774
776
778
780
782
784
785
787
789
791
793
795
797
799
801
803
804
806
808
810
812
814
816
818
820
822
823
825
827
829
831
833
835
837
839
841
843
844
846
848
850
852
854
856
858
860
862
863
865
867
869
871
873
875
877
879
881
882
884
