#<header> v1.0 9 32 </header>
622
620
619
617
615
614
612
611
609
607
606
604
603
601
600
598
596
595
593
592
590
588
587
585
584
582
580
579
577
576
574
573
571
569
568
566
565
563
561
560
558
557
555
554
552
550
549
547
546
544
542
541
539
538
536
534
533
531
530
528
527
525
523
522
520
519
517
515
514
512
511
509
508
506
504
503
501
500
498
496
495
493
492
490
489
487
485
484
482
481
479
477
476
474
473
471
469
468
466
465
463
462
460
458
457
455
454
452
450
449
447
446
444
443
441
439
438
436
435
433
431
430
428
427
425
423
422
420
419
417
416
414
412
411
409
408
406
404
403
401
400
398
397
395
393
392
390
389
387
385
384
382
381
379
377
376
374
373
371
370
368
366
365
363
362
360
358
357
355
354
352
351
349
347
346
344
343
341
339
338
336
335
333
331
330
328
327
325
324
322
320
319
317
316
314
312
311
309
308
306
305
303
301
300
298
297
295
293
292
290
289
287
285
284
282
281
279
278
276
274
273
271
270
268
266
265
263
262
260
259
257
255
254
252
251
249
247
246
244
243
241
239
238
236
235
233
232
230
228
227
225
224
222
220
219
217
216
214
213
211
209
208
206
205
203
201
200
198
197
195
193
192
190
189
187
186
184
182
181
179
178
176
174
173
171
170
168
167
165
163
162
160
159
157
155
154
152
151
149
147
146
144
143
141
140
138
136
135
133
132
130
128
127
125
124
122
121
119
117
116
114
113
111
109
108
106
105
103
101
100
98
97
95
94
92
90
89
87
86
84
82
81
79
78
76
75
73
71
70
68
67
65
63
62
60
59
57
55
54
52
51
49
48
46
44
43
41
40
38
36
35
33
32
30
28
27
25
24
22
21
19
17
16
14
