495
492
490
487
485
482
480
477
475
472
470
467
465
462
460
457
455
452
450
447
445
442
440
437
435
432
430
427
425
422
420
417
415
412
410
407
405
402
400
397
395
392
390
388
385
383
380
378
375
373
370
368
365
363
360
358
355
353
350
348
345
343
340
338
335
333
330
328
325
323
320
318
315
313
310
308
305
303
300
298
295
293
290
288
285
283
280
278
275
273
270
268
265
263
260
258
255
253
250
248
245
243
240
238
235
233
230
228
225
223
220
218
215
213
210
208
205
203
200
198
195
193
190
188
185
183
180
178
175
173
170
168
165
163
160
158
155
153
150
148
145
143
140
138
135
133
130
128
125
123
120
118
115
113
110
108
105
103
100
98
95
93
90
88
85
83
80
78
76
73
71
68
66
63
61
58
56
53
51
48
46
43
41
38
36
33
31
28
26
23
21
18
