#<header> v1.0 8 32 </header>
886
884
882
880
879
877
875
873
871
869
867
865
863
861
860
858
856
854
852
850
848
846
844
842
840
839
837
835
833
831
829
827
825
823
821
820
818
816
814
812
810
808
806
804
802
801
799
797
795
793
791
789
787
785
783
781
780
778
776
774
772
770
768
766
764
762
761
759
757
755
753
751
749
747
745
743
742
740
738
736
734
732
730
728
726
724
722
721
719
717
715
713
711
709
707
705
703
702
700
698
696
694
692
690
688
686
684
683
681
679
677
675
673
671
669
667
665
663
662
660
658
656
654
652
650
648
646
644
643
641
639
637
635
633
631
629
627
625
624
622
620
618
616
614
612
610
608
606
604
603
601
599
597
595
593
591
589
587
585
584
582
580
578
576
574
572
570
568
566
565
563
561
559
557
555
553
551
549
547
545
544
542
540
538
536
534
532
530
528
526
525
523
